29
13  0
    8.12314000e+03    1.50000000e-05
    1.21335000e+03    1.10000000e-04
    2.68339000e+02    4.20000000e-04
    3.77949000e+01    1.31810000e-02
    2.35569000e+01   -1.04575000e-01
    1.46887000e+01    3.28244000e-01
    6.85501000e+00   -5.36054000e-01
    4.15010000e+00   -3.31265000e-01
    1.96708000e+00    5.22093000e-01
    1.05558000e+00    6.76954000e-01
    5.35691000e-01    2.29853000e-01
    1.71434000e-01    9.99800000e-03
    7.51230000e-02    4.00000000e-06
13  0
    8.12314000e+03   -5.00000000e-06
    1.21335000e+03   -3.20000000e-05
    2.68339000e+02   -1.35000000e-04
    3.77949000e+01   -3.31400000e-03
    2.35569000e+01    2.79050000e-02
    1.46887000e+01   -9.29070000e-02
    6.85501000e+00    1.69718000e-01
    4.15010000e+00    8.74880000e-02
    1.96708000e+00   -1.80273000e-01
    1.05558000e+00   -2.98718000e-01
    5.35691000e-01   -1.76682000e-01
    1.71434000e-01    2.94986000e-01
    7.51230000e-02    6.09896000e-01
13  0
    8.12314000e+03   -9.00000000e-06
    1.21335000e+03   -7.50000000e-05
    2.68339000e+02   -2.15000000e-04
    3.77949000e+01   -9.87800000e-03
    2.35569000e+01    6.89300000e-02
    1.46887000e+01   -2.09532000e-01
    6.85501000e+00    4.00321000e-01
    4.15010000e+00    1.12140000e-01
    1.96708000e+00   -3.20331000e-01
    1.05558000e+00   -1.20094400e+00
    5.35691000e-01    7.92034000e-01
    1.71434000e-01    1.32571800e+00
    7.51230000e-02   -3.96851000e-01
13  0
    8.12314000e+03   -1.60000000e-05
    1.21335000e+03   -1.11000000e-04
    2.68339000e+02   -4.43000000e-04
    3.77949000e+01   -1.11380000e-02
    2.35569000e+01    9.11750000e-02
    1.46887000e+01   -3.06992000e-01
    6.85501000e+00    5.62812000e-01
    4.15010000e+00    5.28144000e-01
    1.96708000e+00   -1.66462200e+00
    1.05558000e+00   -1.29817900e+00
    5.35691000e-01    3.28111900e+00
    1.71434000e-01   -1.18212000e+00
    7.51230000e-02   -1.26884800e+00
13  0
    8.12314000e+03   -2.60000000e-05
    1.21335000e+03   -1.44000000e-04
    2.68339000e+02   -8.24000000e-04
    3.77949000e+01   -8.30100000e-03
    2.35569000e+01    1.03993000e-01
    1.46887000e+01   -4.23589000e-01
    6.85501000e+00    8.79996000e-01
    4.15010000e+00    1.17717900e+00
    1.96708000e+00   -6.54549400e+00
    1.05558000e+00    6.97518500e+00
    5.35691000e-01   -1.66934000e+00
    1.71434000e-01   -2.94725700e+00
    7.51230000e-02    4.18094700e+00
1  0
    3.27140000e-02    1.00000000e+00
1  0
    1.42000000e-02    1.00000000e+00
10  1
    9.95339000e+01    2.93000000e-04
    2.43926000e+01   -8.64300000e-03
    1.52691000e+01    6.26310000e-02
    7.38950000e+00   -2.54679000e-01
    2.18914000e+00    4.15337000e-01
    1.16413000e+00    4.71295000e-01
    6.13660000e-01    2.39981000e-01
    3.06608000e-01    4.59130000e-02
    1.36346000e-01    2.64100000e-03
    6.09370000e-02    4.26000000e-04
10  1
    9.95339000e+01   -4.60000000e-05
    2.43926000e+01    1.46500000e-03
    1.52691000e+01   -1.43630000e-02
    7.38950000e+00    6.61260000e-02
    2.18914000e+00   -1.30534000e-01
    1.16413000e+00   -1.50693000e-01
    6.13660000e-01   -8.88000000e-02
    3.06608000e-01    1.44016000e-01
    1.36346000e-01    4.27063000e-01
    6.09370000e-02    4.56588000e-01
10  1
    9.95339000e+01   -1.39000000e-04
    2.43926000e+01    3.97500000e-03
    1.52691000e+01   -3.21780000e-02
    7.38950000e+00    1.41902000e-01
    2.18914000e+00   -3.01397000e-01
    1.16413000e+00   -3.49607000e-01
    6.13660000e-01    7.88700000e-03
    3.06608000e-01    5.44803000e-01
    1.36346000e-01    5.05724000e-01
    6.09370000e-02    9.82270000e-02
10  1
    9.95339000e+01   -3.56000000e-04
    2.43926000e+01    9.41200000e-03
    1.52691000e+01   -6.44850000e-02
    7.38950000e+00    2.78905000e-01
    2.18914000e+00   -8.35418000e-01
    1.16413000e+00   -4.39573000e-01
    6.13660000e-01    1.14791700e+00
    3.06608000e-01    5.66338000e-01
    1.36346000e-01   -8.18388000e-01
    6.09370000e-02   -3.03424000e-01
10  1
    9.95339000e+01   -6.50000000e-05
    2.43926000e+01   -4.47800000e-03
    1.52691000e+01    8.34410000e-02
    7.38950000e+00   -4.75338000e-01
    2.18914000e+00    2.55927200e+00
    1.16413000e+00   -2.49049400e+00
    6.13660000e-01   -6.96526000e-01
    3.06608000e-01    1.96991800e+00
    1.36346000e-01   -4.36467000e-01
    6.09370000e-02   -5.79401000e-01
1  1
    2.69680000e-02    1.00000000e+00
1  1
    1.19000000e-02    1.00000000e+00
9  2
    9.42866000e+01    2.75000000e-04
    2.60504000e+01    2.46000000e-03
    8.53321000e+00   -2.40320000e-02
    4.13930000e+00    6.38430000e-02
    2.36760000e+00    2.24768000e-01
    1.29343000e+00    3.19544000e-01
    6.85469000e-01    3.06053000e-01
    3.51150000e-01    2.13157000e-01
    1.72277000e-01    9.57390000e-02
9  2
    9.42866000e+01   -3.86000000e-04
    2.60504000e+01   -3.04900000e-03
    8.53321000e+00    3.12650000e-02
    4.13930000e+00   -9.29530000e-02
    2.36760000e+00   -3.82595000e-01
    1.29343000e+00   -3.67070000e-01
    6.85469000e-01    1.10082000e-01
    3.51150000e-01    4.59889000e-01
    1.72277000e-01    3.71549000e-01
9  2
    9.42866000e+01   -4.64000000e-04
    2.60504000e+01   -4.39700000e-03
    8.53321000e+00    4.75130000e-02
    4.13930000e+00   -1.52355000e-01
    2.36760000e+00   -7.26561000e-01
    1.29343000e+00    8.58510000e-02
    6.85469000e-01    9.31295000e-01
    3.51150000e-01    9.92390000e-02
    1.72277000e-01   -6.32634000e-01
9  2
    9.42866000e+01   -2.07000000e-04
    2.60504000e+01   -1.12610000e-02
    8.53321000e+00    1.29719000e-01
    4.13930000e+00   -6.28898000e-01
    2.36760000e+00   -8.75807000e-01
    1.29343000e+00    1.88426600e+00
    6.85469000e-01   -2.01696000e-01
    3.51150000e-01   -1.24701600e+00
    1.72277000e-01    5.10128000e-01
1  2
    7.88950000e-02    1.00000000e+00
1  2
    3.61000000e-02    1.00000000e+00
1  3
    4.19420000e+00    1.00000000e+00
1  3
    1.42530000e+00    1.00000000e+00
1  3
    4.84400000e-01    1.00000000e+00
1  3
    1.79200000e-01    1.00000000e+00
1  4
    2.53050000e+00    1.00000000e+00
1  4
    9.06700000e-01    1.00000000e+00
1  4
    4.02100000e-01    1.00000000e+00
1  5
    1.74230000e+00    1.00000000e+00
1  5
    8.20700000e-01    1.00000000e+00
