58
1  0
    1.76113000e+01    1.00000000e+00
1  0
    9.22766000e+00    1.00000000e+00
1  0
    6.93561000e+00    1.00000000e+00
1  0
    4.95280000e+00    1.00000000e+00
1  0
    2.96733000e+00    1.00000000e+00
1  0
    1.81405000e+00    1.00000000e+00
1  0
    1.04428000e+00    1.00000000e+00
1  0
    4.78657000e-01    1.00000000e+00
1  0
    2.19887000e-01    1.00000000e+00
1  0
    1.11250000e-01    1.00000000e+00
1  0
    5.13260000e-02    1.00000000e+00
1  0
    3.07060000e-02    1.00000000e+00
1  1
    1.60317000e+01    1.00000000e+00
1  1
    9.78074000e+00    1.00000000e+00
1  1
    6.62163000e+00    1.00000000e+00
1  1
    4.52971000e+00    1.00000000e+00
1  1
    2.87296000e+00    1.00000000e+00
1  1
    2.16903000e+00    1.00000000e+00
1  1
    9.11088000e-01    1.00000000e+00
1  1
    4.70397000e-01    1.00000000e+00
1  1
    2.63905000e-01    1.00000000e+00
1  1
    1.56713000e-01    1.00000000e+00
1  1
    8.31644000e-02    1.00000000e+00
1  1
    4.17223000e-02    1.00000000e+00
1  2
    1.67991000e+01    1.00000000e+00
1  2
    1.10528000e+01    1.00000000e+00
1  2
    6.74592000e+00    1.00000000e+00
1  2
    4.43531000e+00    1.00000000e+00
1  2
    2.65052000e+00    1.00000000e+00
1  2
    1.69272000e+00    1.00000000e+00
1  2
    8.51106000e-01    1.00000000e+00
1  2
    3.98260000e-01    1.00000000e+00
1  2
    2.36551000e-01    1.00000000e+00
1  2
    1.30597000e-01    1.00000000e+00
1  2
    7.07182000e-02    1.00000000e+00
1  3
    1.32170000e+01    1.00000000e+00
1  3
    7.03672000e+00    1.00000000e+00
1  3
    5.46051000e+00    1.00000000e+00
1  3
    3.54758000e+00    1.00000000e+00
1  3
    1.78051000e+00    1.00000000e+00
1  3
    1.17895000e+00    1.00000000e+00
1  3
    6.74147000e-01    1.00000000e+00
1  3
    2.67091000e-01    1.00000000e+00
1  3
    1.14295000e-01    1.00000000e+00
1  4
    1.21460000e+01    1.00000000e+00
1  4
    6.07915000e+00    1.00000000e+00
1  4
    4.73051000e+00    1.00000000e+00
1  4
    2.33095000e+00    1.00000000e+00
1  4
    1.40266000e+00    1.00000000e+00
1  4
    7.30697000e-01    1.00000000e+00
1  4
    3.36500000e-01    1.00000000e+00
1  5
    6.69952000e+00    1.00000000e+00
1  5
    5.23037000e+00    1.00000000e+00
1  5
    2.68612000e+00    1.00000000e+00
1  5
    1.26663000e+00    1.00000000e+00
1  6
    8.29811000e+00    1.00000000e+00
1  6
    5.06076000e+00    1.00000000e+00
1  6
    2.38541000e+00    1.00000000e+00
