12
7  0
    1.80075000e+02    8.49000000e-04
    2.18987000e+01   -6.54500000e-02
    1.38670000e+01    2.97765000e-01
    6.14263000e+00   -7.53121000e-01
    1.43814000e+00    8.81175000e-01
    6.48382000e-01    4.35176000e-01
    1.28882000e-01    1.47380000e-02
7  0
    1.80075000e+02   -2.03000000e-04
    2.18987000e+01    1.57230000e-02
    1.38670000e+01   -7.92290000e-02
    6.14263000e+00    2.22634000e-01
    1.43814000e+00   -3.49196000e-01
    6.48382000e-01   -2.55978000e-01
    1.28882000e-01    5.48666000e-01
7  0
    1.80075000e+02   -8.62000000e-04
    2.18987000e+01    5.25460000e-02
    1.38670000e+01   -2.08100000e-01
    6.14263000e+00    5.24972000e-01
    1.43814000e+00   -1.27017300e+00
    6.48382000e-01    5.39373000e-01
    1.28882000e-01    1.65339100e+00
1  0
    4.57380000e-02    1.00000000e+00
6  1
    1.18751000e+01    1.16248000e-01
    8.00245000e+00   -3.07286000e-01
    2.01766000e+00    5.15736000e-01
    9.54230000e-01    5.03104000e-01
    4.23118000e-01    1.42095000e-01
    1.35885000e-01    5.15300000e-03
6  1
    1.18751000e+01   -2.82840000e-02
    8.00245000e+00    7.83470000e-02
    2.01766000e+00   -1.56741000e-01
    9.54230000e-01   -1.88625000e-01
    4.23118000e-01    6.35650000e-02
    1.35885000e-01    5.81778000e-01
6  1
    1.18751000e+01   -5.28570000e-02
    8.00245000e+00    1.47039000e-01
    2.01766000e+00   -3.12973000e-01
    9.54230000e-01   -3.70828000e-01
    4.23118000e-01    4.23629000e-01
    1.35885000e-01    7.53655000e-01
1  1
    4.54010000e-02    1.00000000e+00
5  2
    2.64320000e+01    3.47900000e-03
    1.10345000e+01   -1.38480000e-02
    2.73787000e+00    2.54599000e-01
    1.19575000e+00    4.49849000e-01
    4.82042000e-01    3.75738000e-01
5  2
    2.64320000e+01   -4.73300000e-03
    1.10345000e+01    1.90700000e-02
    2.73787000e+00   -4.33298000e-01
    1.19575000e+00   -4.44568000e-01
    4.82042000e-01    4.91442000e-01
1  2
    1.72908000e-01    1.00000000e+00
1  3
    1.32990000e+00    1.00000000e+00
