17
9  0
    2.22645000e+02    7.00000000e-04
    2.01725000e+01   -7.98090000e-02
    1.27197000e+01    4.58979000e-01
    8.00211000e+00   -5.21826000e-01
    5.02053000e+00   -4.07544000e-01
    1.52085000e+00    8.41458000e-01
    6.94920000e-01    4.95648000e-01
    1.72933000e-01    2.76600000e-02
    8.18970000e-02   -8.64300000e-03
9  0
    2.22645000e+02   -2.08000000e-04
    2.01725000e+01    2.28050000e-02
    1.27197000e+01   -1.37325000e-01
    8.00211000e+00    1.73085000e-01
    5.02053000e+00    1.05755000e-01
    1.52085000e+00   -3.14063000e-01
    6.94920000e-01   -2.98534000e-01
    1.72933000e-01    2.31324000e-01
    8.18970000e-02    5.96911000e-01
9  0
    2.22645000e+02   -2.50000000e-04
    2.01725000e+01    2.10250000e-02
    1.27197000e+01   -1.68251000e-01
    8.00211000e+00    1.44200000e-01
    5.02053000e+00    4.13911000e-01
    1.52085000e+00   -1.17394000e+00
    6.94920000e-01    1.87181000e-01
    1.72933000e-01    1.71168500e+00
    8.18970000e-02   -5.35055000e-01
9  0
    2.22645000e+02   -7.14000000e-04
    2.01725000e+01    7.26550000e-02
    1.27197000e+01   -4.69660000e-01
    8.00211000e+00    5.84551000e-01
    5.02053000e+00    5.66356000e-01
    1.52085000e+00   -3.22224300e+00
    6.94920000e-01    3.15026300e+00
    1.72933000e-01   -1.51725000e-01
    8.18970000e-02   -1.99213100e+00
1  0
    3.51900000e-02    1.00000000e+00
8  1
    2.20490000e+01   -5.88600000e-03
    1.38356000e+01    7.63570000e-02
    7.62994000e+00   -2.66172000e-01
    2.10372000e+00    4.62201000e-01
    1.06262000e+00    4.89495000e-01
    5.19383000e-01    2.00089000e-01
    2.05199000e-01    1.93450000e-02
    8.29790000e-02   -7.17000000e-04
8  1
    2.20490000e+01    5.94000000e-04
    1.38356000e+01   -1.70800000e-02
    7.62994000e+00    6.79410000e-02
    2.10372000e+00   -1.42720000e-01
    1.06262000e+00   -1.68393000e-01
    5.19383000e-01   -3.29600000e-02
    2.05199000e-01    3.26740000e-01
    8.29790000e-02    5.58054000e-01
8  1
    2.20490000e+01    2.23500000e-03
    1.38356000e+01   -3.83630000e-02
    7.62994000e+00    1.45419000e-01
    2.10372000e+00   -3.27847000e-01
    1.06262000e+00   -3.81744000e-01
    5.19383000e-01    2.52455000e-01
    2.05199000e-01    6.91513000e-01
    8.29790000e-02    2.76311000e-01
8  1
    2.20490000e+01    8.72900000e-03
    1.38356000e+01   -8.28090000e-02
    7.62994000e+00    2.86590000e-01
    2.10372000e+00   -8.76086000e-01
    1.06262000e+00   -3.44367000e-01
    5.19383000e-01    1.53345300e+00
    2.05199000e-01   -2.33054000e-01
    8.29790000e-02   -7.47173000e-01
1  1
    3.31440000e-02    1.00000000e+00
7  2
    7.32665000e+01    4.51000000e-04
    1.87729000e+01    5.98400000e-03
    1.09237000e+01   -1.89680000e-02
    3.00197000e+00    1.92386000e-01
    1.47177000e+00    3.72172000e-01
    6.84764000e-01    3.72188000e-01
    3.00397000e-01    2.30066000e-01
7  2
    7.32665000e+01   -6.06000000e-04
    1.87729000e+01   -7.58600000e-03
    1.09237000e+01    2.46380000e-02
    3.00197000e+00   -3.13569000e-01
    1.47177000e+00   -5.00030000e-01
    6.84764000e-01    1.21139000e-01
    3.00397000e-01    5.94685000e-01
7  2
    7.32665000e+01    4.89000000e-04
    1.87729000e+01    1.55170000e-02
    1.09237000e+01   -4.70560000e-02
    3.00197000e+00    6.56919000e-01
    1.47177000e+00    2.23826000e-01
    6.84764000e-01   -1.10681700e+00
    3.00397000e-01    1.65720000e-01
1  2
    1.20155000e-01    1.00000000e+00
1  3
    2.54310000e+00    1.00000000e+00
1  3
    7.38100000e-01    1.00000000e+00
1  4
    1.57510000e+00    1.00000000e+00
