20
1  0
    1.89375000e+05    1.00000000e+00
1  0
    3.15620000e+04    1.00000000e+00
1  0
    6.31200000e+03    1.00000000e+00
1  0
    1.26200000e+03    1.00000000e+00
1  0
    2.52000000e+02    1.00000000e+00
1  0
    6.08000000e+01    1.00000000e+00
1  1
    6.08000000e+01    1.00000000e+00
1  0
    1.01000000e+01    1.00000000e+00
1  1
    1.01000000e+01    1.00000000e+00
1  0
    2.02000000e+00    1.00000000e+00
1  1
    2.02000000e+00    1.00000000e+00
1  0
    4.05000000e-01    1.00000000e+00
1  1
    4.05000000e-01    1.00000000e+00
1  0
    8.10000000e-02    1.00000000e+00
1  1
    8.10000000e-02    1.00000000e+00
1  2
    6.08000000e+01    1.00000000e+00
1  2
    1.01000000e+01    1.00000000e+00
1  2
    2.02000000e+00    1.00000000e+00
1  2
    4.05000000e-01    1.00000000e+00
1  2
    8.10000000e-02    1.00000000e+00
