Ag nelec 28
Ag ul
2      1.0000000              0.0000000        
Ag S
2     12.5677140            255.0547710        
2      6.9976620             36.9833930        
Ag P
2     11.3164960             60.7157050        
2     10.9580630            121.4438890        
2      7.1114000             10.1718660        
2      6.7733190             20.4865640        
Ag D
2      8.9284370             29.5049380        
2     11.1025670             44.0187360        
2      5.5432120              5.3683330        
2      3.9288350              7.4083750        
Ag F
2     11.0129130            -12.6234030        
2     11.0198980            -16.7643270        
