47
20  0
    3.26900000e+06    2.13962000e-06
    4.89400000e+05    1.66264000e-05
    1.11400000e+05    8.75168000e-05
    3.15600000e+04    3.68990000e-04
    1.03200000e+04    1.33903000e-03
    3.73100000e+03    4.35636000e-03
    1.45600000e+03    1.28955000e-02
    6.04100000e+02    3.48201000e-02
    2.63500000e+02    8.43530000e-02
    1.19800000e+02    1.75907000e-01
    5.63200000e+01    2.92091000e-01
    2.71900000e+01    3.28220000e-01
    1.32600000e+01    1.86927000e-01
    6.05200000e+00    3.10430000e-02
    2.98100000e+00   -5.08922000e-04
    1.47600000e+00    1.48836000e-03
    7.33400000e-01   -2.78241000e-04
    2.44700000e-01    1.18752000e-04
    1.08800000e-01   -6.61500000e-05
    4.67200000e-02    1.75954000e-05
20  0
    3.26900000e+06   -5.56026000e-07
    4.89400000e+05   -4.32303000e-06
    1.11400000e+05   -2.27413000e-05
    3.15600000e+04   -9.60116000e-05
    1.03200000e+04   -3.48376000e-04
    3.73100000e+03   -1.13836000e-03
    1.45600000e+03   -3.38744000e-03
    6.04100000e+02   -9.31505000e-03
    2.63500000e+02   -2.33023000e-02
    1.19800000e+02   -5.23486000e-02
    5.63200000e+01   -9.99499000e-02
    2.71900000e+01   -1.50560000e-01
    1.32600000e+01   -1.19121000e-01
    6.05200000e+00    1.08091000e-01
    2.98100000e+00    4.11129000e-01
    1.47600000e+00    4.57214000e-01
    7.33400000e-01    1.75938000e-01
    2.44700000e-01    7.70610000e-03
    1.08800000e-01   -1.66168000e-03
    4.67200000e-02    4.45347000e-04
1  0
    2.71900000e+01    1.00000000e+00
1  0
    1.32600000e+01    1.00000000e+00
1  0
    6.05200000e+00    1.00000000e+00
1  0
    2.98100000e+00    1.00000000e+00
1  0
    1.47600000e+00    1.00000000e+00
1  0
    7.33400000e-01    1.00000000e+00
1  0
    2.44700000e-01    1.00000000e+00
1  0
    1.08800000e-01    1.00000000e+00
1  0
    4.67200000e-02    1.00000000e+00
1  0
    1.77000000e-02    1.00000000e+00
12  1
    1.46100000e+03    2.08613000e-04
    3.46200000e+02    1.81005000e-03
    1.12200000e+02    9.73433000e-03
    4.25100000e+01    3.78266000e-02
    1.77200000e+01    1.10898000e-01
    7.85200000e+00    2.34295000e-01
    3.57100000e+00    3.45245000e-01
    1.63700000e+00    3.31430000e-01
    7.38200000e-01    1.47064000e-01
    2.57700000e-01    1.21411000e-02
    9.77300000e-02   -8.71639000e-04
    3.69000000e-02    4.37957000e-04
1  1
    4.25100000e+01    1.00000000e+00
1  1
    1.77200000e+01    1.00000000e+00
1  1
    7.85200000e+00    1.00000000e+00
1  1
    3.57100000e+00    1.00000000e+00
1  1
    1.63700000e+00    1.00000000e+00
1  1
    7.38200000e-01    1.00000000e+00
1  1
    2.57700000e-01    1.00000000e+00
1  1
    9.77300000e-02    1.00000000e+00
1  1
    3.69000000e-02    1.00000000e+00
1  1
    1.15000000e-02    1.00000000e+00
1  2
    1.31700000e+00    1.00000000e+00
1  2
    5.26000000e-01    1.00000000e+00
1  2
    2.10000000e-01    1.00000000e+00
1  2
    8.40000000e-02    1.00000000e+00
1  2
    2.39730000e+01    1.00000000e+00
1  2
    1.14150000e+01    1.00000000e+00
1  2
    5.43600000e+00    1.00000000e+00
1  2
    2.58900000e+00    1.00000000e+00
1  2
    2.94000000e-02    1.00000000e+00
1  3
    1.30000000e-01    1.00000000e+00
1  3
    2.58000000e-01    1.00000000e+00
1  3
    5.13000000e-01    1.00000000e+00
1  3
    1.05130000e+01    1.00000000e+00
1  3
    3.97400000e+00    1.00000000e+00
1  3
    1.50200000e+00    1.00000000e+00
1  3
    5.09000000e-02    1.00000000e+00
1  4
    2.52000000e-01    1.00000000e+00
1  4
    5.43000000e-01    1.00000000e+00
1  4
    9.00600000e+00    1.00000000e+00
1  4
    1.74600000e+00    1.00000000e+00
1  4
    1.06900000e-01    1.00000000e+00
1  5
    1.83000000e+00    1.00000000e+00
1  5
    4.46000000e-01    1.00000000e+00
1  5
    2.27000000e-01    1.00000000e+00
