28
1  0
    2.45608392e+02    1.00000000e+00
1  0
    5.56340519e+01    1.00000000e+00
1  0
    1.50609903e+01    1.00000000e+00
1  0
    7.93822041e+00    1.00000000e+00
1  0
    3.28506155e+00    1.00000000e+00
1  0
    1.04243170e+00    1.00000000e+00
1  0
    5.62105607e-01    1.00000000e+00
1  0
    2.77381881e-01    1.00000000e+00
1  0
    1.37664305e-01    1.00000000e+00
1  1
    9.88892614e+01    1.00000000e+00
1  1
    1.57374320e+01    1.00000000e+00
1  1
    5.65351370e+00    1.00000000e+00
1  1
    2.76895290e+00    1.00000000e+00
1  1
    1.02841184e+00    1.00000000e+00
1  1
    3.40743586e-01    1.00000000e+00
1  1
    1.42091037e-01    1.00000000e+00
1  2
    1.40450359e+01    1.00000000e+00
1  2
    3.05665629e+00    1.00000000e+00
1  2
    1.30592969e+00    1.00000000e+00
1  2
    3.75293909e-01    1.00000000e+00
1  2
    2.50063863e-01    1.00000000e+00
1  3
    4.39155952e+00    1.00000000e+00
1  3
    1.93452412e+00    1.00000000e+00
1  3
    3.14921984e-01    1.00000000e+00
1  0
    5.98580141e-02    1.00000000e+00
1  1
    6.35600355e-02    1.00000000e+00
1  2
    9.77474671e-02    1.00000000e+00
1  3
    1.06101730e-01    1.00000000e+00
