34
16  0
    4.19600000e+05    2.78219000e-05
    6.28300000e+04    2.16330000e-04
    1.42900000e+04    1.13754000e-03
    4.03800000e+03    4.79635000e-03
    1.31200000e+03    1.72389000e-02
    4.70500000e+02    5.38066000e-02
    1.81800000e+02    1.41326000e-01
    7.44600000e+01    2.89268000e-01
    3.19000000e+01    3.84825000e-01
    1.39600000e+01    2.32852000e-01
    5.18000000e+00    2.93330000e-02
    2.26500000e+00   -3.00574000e-03
    9.66400000e-01    1.66673000e-03
    2.44700000e-01   -6.06017000e-04
    1.18400000e-01    4.31355000e-04
    5.02100000e-02   -1.22919000e-04
16  0
    4.19600000e+05   -7.23754000e-06
    6.28300000e+04   -5.61733000e-05
    1.42900000e+04   -2.96528000e-04
    4.03800000e+03   -1.24913000e-03
    1.31200000e+03   -4.55101000e-03
    4.70500000e+02   -1.44393000e-02
    1.81800000e+02   -4.03464000e-02
    7.44600000e+01   -9.22618000e-02
    3.19000000e+01   -1.64510000e-01
    1.39600000e+01   -1.41296000e-01
    5.18000000e+00    1.95365000e-01
    2.26500000e+00    5.72475000e-01
    9.66400000e-01    3.74041000e-01
    2.44700000e-01    2.34119000e-02
    1.18400000e-01   -9.05197000e-03
    5.02100000e-02    2.11174000e-03
16  0
    4.19600000e+05    1.67150000e-06
    6.28300000e+04    1.29641000e-05
    1.42900000e+04    6.85101000e-05
    4.03800000e+03    2.88274000e-04
    1.31200000e+03    1.05276000e-03
    4.70500000e+02    3.33878000e-03
    1.81800000e+02    9.39217000e-03
    7.44600000e+01    2.16047000e-02
    3.19000000e+01    3.95873000e-02
    1.39600000e+01    3.49180000e-02
    5.18000000e+00   -5.28415000e-02
    2.26500000e+00   -1.91878000e-01
    9.66400000e-01   -2.54115000e-01
    2.44700000e-01    2.75070000e-01
    1.18400000e-01    6.04743000e-01
    5.02100000e-02    2.87629000e-01
1  0
    2.44700000e-01    1.00000000e+00
1  0
    1.18400000e-01    1.00000000e+00
1  0
    5.02100000e-02    1.00000000e+00
1  0
    8.54900000e+00    1.00000000e+00
1  0
    3.91600000e+00    1.00000000e+00
1  0
    1.79400000e+00    1.00000000e+00
1  0
    1.83000000e-02    1.00000000e+00
11  1
    8.91300000e+02    4.91755000e-04
    2.11300000e+02    4.15843000e-03
    6.82800000e+01    2.12538000e-02
    2.57000000e+01    7.64058000e-02
    1.06300000e+01    1.94277000e-01
    4.60200000e+00    3.34428000e-01
    2.01500000e+00    3.75026000e-01
    8.70600000e-01    2.04041000e-01
    2.97200000e-01    2.13738000e-02
    1.10000000e-01   -2.02144000e-03
    3.98900000e-02    8.17251000e-04
11  1
    8.91300000e+02   -8.88695000e-05
    2.11300000e+02   -7.45823000e-04
    6.82800000e+01   -3.87025000e-03
    2.57000000e+01   -1.39350000e-02
    1.06300000e+01   -3.66860000e-02
    4.60200000e+00   -6.27797000e-02
    2.01500000e+00   -7.89602000e-02
    8.70600000e-01   -2.88589000e-02
    2.97200000e-01    2.38256000e-01
    1.10000000e-01    5.51363000e-01
    3.98900000e-02    3.54385000e-01
1  1
    2.97200000e-01    1.00000000e+00
1  1
    1.10000000e-01    1.00000000e+00
1  1
    3.98900000e-02    1.00000000e+00
1  1
    9.74000000e+00    1.00000000e+00
1  1
    4.46800000e+00    1.00000000e+00
1  1
    2.04900000e+00    1.00000000e+00
1  1
    1.21000000e-02    1.00000000e+00
1  2
    8.04000000e-02    1.00000000e+00
1  2
    1.99000000e-01    1.00000000e+00
1  2
    4.94000000e-01    1.00000000e+00
1  2
    1.09600000e+01    1.00000000e+00
1  2
    3.88700000e+00    1.00000000e+00
1  2
    1.37900000e+00    1.00000000e+00
1  2
    2.82000000e-02    1.00000000e+00
1  3
    1.54000000e-01    1.00000000e+00
1  3
    4.01000000e-01    1.00000000e+00
1  3
    6.81400000e+00    1.00000000e+00
1  3
    1.46300000e+00    1.00000000e+00
1  3
    5.82000000e-02    1.00000000e+00
1  4
    1.64500000e+00    1.00000000e+00
1  4
    3.57000000e-01    1.00000000e+00
1  4
    1.53000000e-01    1.00000000e+00
