38
23  0
    6.41881263e+06    6.20000000e-07
    2.21668793e+06    1.95000000e-06
    4.82545092e+05    1.59200000e-05
    1.15376416e+05    8.20200000e-05
    3.34705553e+04    3.36980000e-04
    1.11420323e+04    1.19898000e-03
    4.08564187e+03    3.84122000e-03
    1.61626758e+03    1.11614800e-02
    6.82646938e+02    2.94246800e-02
    3.04539220e+02    6.99061200e-02
    1.41817894e+02    1.46233920e-01
    6.81823130e+01    2.53719110e-01
    3.36439570e+01    3.21906010e-01
    1.69371940e+01    2.37159000e-01
    8.57727000e+00    7.14080900e-02
    4.14102500e+00    5.63439000e-03
    2.04909300e+00    9.65600000e-04
    1.03758400e+00    1.58620000e-04
    4.96106000e-01    7.90000000e-05
    3.07044000e-01   -4.41800000e-05
    1.48599000e-01    1.36100000e-05
    7.32420000e-02   -6.71000000e-06
    3.36740000e-02    1.11000000e-06
23  0
    6.41881263e+06   -1.60000000e-07
    2.21668793e+06   -5.10000000e-07
    4.82545092e+05   -4.14000000e-06
    1.15376416e+05   -2.13300000e-05
    3.34705553e+04   -8.76000000e-05
    1.11420323e+04   -3.12240000e-04
    4.08564187e+03   -1.00204000e-03
    1.61626758e+03   -2.93325000e-03
    6.82646938e+02   -7.83187000e-03
    3.04539220e+02   -1.91995700e-02
    1.41817894e+02   -4.25230400e-02
    6.81823130e+01   -8.31788400e-02
    3.36439570e+01   -1.32144600e-01
    1.69371940e+01   -1.41830910e-01
    8.57727000e+00   -9.36655000e-03
    4.14102500e+00    2.80034010e-01
    2.04909300e+00    4.79487040e-01
    1.03758400e+00    3.23390010e-01
    4.96106000e-01    6.06967000e-02
    3.07044000e-01   -5.48153000e-03
    1.48599000e-01    1.89394000e-03
    7.32420000e-02   -4.46670000e-04
    3.36740000e-02    1.16710000e-04
23  0
    6.41881263e+06    4.00000000e-08
    2.21668793e+06    1.20000000e-07
    4.82545092e+05    9.50000000e-07
    1.15376416e+05    4.93000000e-06
    3.34705553e+04    2.02200000e-05
    1.11420323e+04    7.21300000e-05
    4.08564187e+03    2.31300000e-04
    1.61626758e+03    6.78210000e-04
    6.82646938e+02    1.81014000e-03
    3.04539220e+02    4.45534000e-03
    1.41817894e+02    9.89025000e-03
    6.81823130e+01    1.95791200e-02
    3.36439570e+01    3.15547900e-02
    1.69371940e+01    3.52156700e-02
    8.57727000e+00    1.68115000e-03
    4.14102500e+00   -7.79690800e-02
    2.04909300e+00   -1.67623330e-01
    1.03758400e+00   -2.08268280e-01
    4.96106000e-01   -1.05328550e-01
    3.07044000e-01    2.35532180e-01
    1.48599000e-01    4.90351280e-01
    7.32420000e-02    4.28639410e-01
    3.36740000e-02    7.92190600e-02
1  0
    1.03758400e+00    1.00000000e+00
1  0
    4.96106000e-01    1.00000000e+00
1  0
    3.07044000e-01    1.00000000e+00
1  0
    1.48599000e-01    1.00000000e+00
1  0
    7.32420000e-02    1.00000000e+00
1  0
    3.36740000e-02    1.00000000e+00
16  1
    7.50492942e+03    1.35400000e-05
    1.47786097e+03    1.64510000e-04
    4.30831266e+02    1.11372000e-03
    1.54779292e+02    5.32186000e-03
    6.31452940e+01    1.95445900e-02
    2.80472610e+01    5.72870500e-02
    1.32622520e+01    1.32688430e-01
    6.53013700e+00    2.32914990e-01
    3.28486300e+00    3.05543140e-01
    1.67924000e+00    2.85409860e-01
    8.64962000e-01    1.54958970e-01
    4.33588000e-01    3.27866100e-02
    2.15777000e-01    1.64474000e-03
    1.05610000e-01    7.67410000e-04
    5.11960000e-02   -1.89300000e-05
    2.41830000e-02    5.32900000e-05
16  1
    7.50492942e+03   -2.43000000e-06
    1.47786097e+03   -2.95800000e-05
    4.30831266e+02   -2.00350000e-04
    1.54779292e+02   -9.59880000e-04
    6.31452940e+01   -3.54072000e-03
    2.80472610e+01   -1.04941400e-02
    1.32622520e+01   -2.47009300e-02
    6.53013700e+00   -4.40846200e-02
    3.28486300e+00   -5.87999100e-02
    1.67924000e+00   -6.01153600e-02
    8.64962000e-01   -2.91983700e-02
    4.33588000e-01    7.93866700e-02
    2.15777000e-01    2.56305680e-01
    1.05610000e-01    3.98078130e-01
    5.11960000e-02    3.31691630e-01
    2.41830000e-02    8.88929600e-02
1  1
    8.64962000e-01    1.00000000e+00
1  1
    4.33588000e-01    1.00000000e+00
1  1
    2.15777000e-01    1.00000000e+00
1  1
    1.05610000e-01    1.00000000e+00
1  1
    5.11960000e-02    1.00000000e+00
1  1
    2.41830000e-02    1.00000000e+00
1  2
    2.98806520e+00    1.00000000e+00
1  2
    1.37622210e+00    1.00000000e+00
1  2
    6.33850700e-01    1.00000000e+00
1  2
    2.91934500e-01    1.00000000e+00
1  2
    1.34457100e-01    1.00000000e+00
1  2
    6.19273000e-02    1.00000000e+00
1  3
    1.50112520e+00    1.00000000e+00
1  3
    7.74011400e-01    1.00000000e+00
1  3
    3.99096400e-01    1.00000000e+00
1  3
    2.05782400e-01    1.00000000e+00
1  3
    1.06105700e-01    1.00000000e+00
1  4
    8.01560800e-01    1.00000000e+00
1  4
    4.98942000e-01    1.00000000e+00
1  4
    3.10573000e-01    1.00000000e+00
1  4
    1.93320200e-01    1.00000000e+00
1  5
    8.52823400e-01    1.00000000e+00
1  5
    4.95416300e-01    1.00000000e+00
1  5
    2.87793800e-01    1.00000000e+00
1  6
    7.66119900e-01    1.00000000e+00
1  6
    3.92150000e-01    1.00000000e+00
1  7
    6.26270000e-01    1.00000000e+00
