30
16  0
    3.65200000e+06    1.90000000e-06
    5.46800000e+05    1.45000000e-05
    1.24500000e+05    7.62000000e-05
    3.54400000e+04    3.15800000e-04
    1.18400000e+04    1.09740000e-03
    4.43400000e+03    3.36970000e-03
    1.81200000e+03    9.32220000e-03
    7.91500000e+02    2.37992000e-02
    3.61000000e+02    5.68191000e-02
    1.69500000e+02    1.22468000e-01
    8.16800000e+01    2.23897000e-01
    4.02800000e+01    3.13446000e-01
    2.02500000e+01    2.74975000e-01
    1.02300000e+01    1.10564000e-01
    4.80200000e+00    1.19215000e-02
    2.33900000e+00    6.52800000e-04
16  0
    3.65200000e+06   -5.00000000e-07
    5.46800000e+05   -3.80000000e-06
    1.24500000e+05   -1.98000000e-05
    3.54400000e+04   -8.21000000e-05
    1.18400000e+04   -2.85800000e-04
    4.43400000e+03   -8.78500000e-04
    1.81200000e+03   -2.44820000e-03
    7.91500000e+02   -6.31000000e-03
    3.61000000e+02   -1.54854000e-02
    1.69500000e+02   -3.49589000e-02
    8.16800000e+01   -7.07729000e-02
    4.02800000e+01   -1.19423000e-01
    2.02500000e+01   -1.48842000e-01
    1.02300000e+01   -5.90465000e-02
    4.80200000e+00    2.16693000e-01
    2.33900000e+00    4.76557000e-01
16  0
    3.65200000e+06    1.00000000e-07
    5.46800000e+05    9.00000000e-07
    1.24500000e+05    4.60000000e-06
    3.54400000e+04    1.90000000e-05
    1.18400000e+04    6.59000000e-05
    4.43400000e+03    2.03100000e-04
    1.81200000e+03    5.64700000e-04
    7.91500000e+02    1.46200000e-03
    3.61000000e+02    3.57940000e-03
    1.69500000e+02    8.15160000e-03
    8.16800000e+01    1.65276000e-02
    4.02800000e+01    2.85467000e-02
    2.02500000e+01    3.61484000e-02
    1.02300000e+01    1.53804000e-02
    4.80200000e+00   -6.12141000e-02
    2.33900000e+00   -1.51263000e-01
1  0
    1.16300000e+00    1.00000000e+00
1  0
    5.88200000e-01    1.00000000e+00
1  0
    2.31100000e-01    1.00000000e+00
1  0
    1.02700000e-01    1.00000000e+00
1  0
    4.52100000e-02    1.00000000e+00
9  1
    2.88400000e+03    6.38000000e-05
    6.83200000e+02    5.63100000e-04
    2.22000000e+02    3.16910000e-03
    8.48200000e+01    1.32401000e-02
    3.58100000e+01    4.33403000e-02
    1.62200000e+01    1.11950000e-01
    7.70200000e+00    2.17796000e-01
    3.74100000e+00    3.11675000e-01
    1.83100000e+00    3.16722000e-01
9  1
    2.88400000e+03   -8.00000000e-06
    6.83200000e+02   -6.51000000e-05
    2.22000000e+02   -3.99900000e-04
    8.48200000e+01   -1.53690000e-03
    3.58100000e+01   -5.56440000e-03
    1.62200000e+01   -1.31106000e-02
    7.70200000e+00   -2.97200000e-02
    3.74100000e+00   -3.47195000e-02
    1.83100000e+00   -5.51621000e-02
1  1
    8.87800000e-01    1.00000000e+00
1  1
    3.98900000e-01    1.00000000e+00
1  1
    1.71800000e-01    1.00000000e+00
1  1
    7.29800000e-02    1.00000000e+00
1  1
    3.06900000e-02    1.00000000e+00
1  2
    2.21430000e+00    1.00000000e+00
1  2
    9.44900000e-01    1.00000000e+00
1  2
    4.03200000e-01    1.00000000e+00
1  2
    1.72100000e-01    1.00000000e+00
1  2
    7.34300000e-02    1.00000000e+00
1  3
    8.75600000e-01    1.00000000e+00
1  3
    4.47200000e-01    1.00000000e+00
1  3
    2.28400000e-01    1.00000000e+00
1  3
    1.16700000e-01    1.00000000e+00
1  4
    6.95200000e-01    1.00000000e+00
1  4
    3.77100000e-01    1.00000000e+00
1  4
    2.04600000e-01    1.00000000e+00
1  5
    6.56000000e-01    1.00000000e+00
1  5
    3.30000000e-01    1.00000000e+00
1  6
    5.30200000e-01    1.00000000e+00
