22
11  0
    6.35624000e+05    2.43184000e-05
    9.52145000e+04    1.89007000e-04
    2.16738000e+04    9.92840000e-04
    6.14015000e+03    4.17817000e-03
    2.00300000e+03    1.50538000e-02
    7.22828000e+02    4.75525000e-02
    2.81884000e+02    1.29947000e-01
    1.16314000e+02    2.95451000e-01
    5.02329000e+01    4.97857000e-01
    2.23667000e+01    5.00000000e-01
    9.97301000e+00    1.93765000e-01
5  0
    1.73942000e+02   -5.59917000e-03
    5.45119000e+01   -4.18522000e-02
    2.05252000e+01   -1.15485000e-01
    4.06056000e+00    3.64677000e-01
    1.72859000e+00    5.00000000e-01
2  0
    2.27248000e+00    2.50028000e-01
    8.24429000e-01    5.00000000e-01
1  0
    2.91943000e-01    1.00000000e+00
1  0
    1.26844000e-01    1.00000000e+00
1  0
    5.10732000e-02    1.00000000e+00
6  1
    1.31413000e+04    3.80160000e-05
    2.02174000e+03    7.71601000e-04
    4.79310000e+02    7.04560000e-03
    1.55255000e+02    3.90565000e-02
    5.80075000e+01    1.67606000e-01
    2.41927000e+01    5.00000000e-01
1  1
    1.08073000e+01    1.00000000e+00
1  1
    4.97724000e+00    1.00000000e+00
1  1
    2.31619000e+00    1.00000000e+00
1  1
    1.07810000e+00    1.00000000e+00
1  1
    4.90484000e-01    1.00000000e+00
1  1
    2.05125000e-01    1.00000000e+00
1  1
    7.93446000e-02    1.00000000e+00
1  1
    2.89466000e-02    1.00000000e+00
1  2
    5.60000000e+00    1.00000000e+00
1  2
    1.47000000e+00    1.00000000e+00
1  2
    4.40000000e-01    1.00000000e+00
1  2
    1.60000000e-01    1.00000000e+00
1  3
    9.60000000e-01    1.00000000e+00
1  3
    3.20000000e-01    1.00000000e+00
1  4
    5.80000000e-01    1.00000000e+00
