7
5  0
    5.87363000e+03    5.81392000e-03
    8.83803000e+02    4.34650000e-02
    2.00827000e+02    1.94652000e-01
    5.59656000e+01    5.00000000e-01
    1.74067000e+01    4.49368000e-01
2  0
    2.53373000e+00    5.00000000e-01
    8.86708000e-01    2.97740000e-01
1  0
    1.61363000e-01    1.00000000e+00
1  0
    6.00272000e-02    1.00000000e+00
5  1
    5.15200000e+02    1.63625000e-03
    7.92615000e+01    2.77875000e-02
    1.82117000e+01    1.70789000e-01
    5.36427000e+00    4.45826000e-01
    1.63197000e+00    5.00000000e-01
1  1
    4.01700000e-01    1.00000000e+00
1  1
    8.87817000e-02    1.00000000e+00
