15
8  0
    8.39274000e+04    2.42074000e-04
    1.25804000e+04    1.87754000e-03
    2.86321000e+03    9.77428000e-03
    8.10706000e+02    3.98312000e-02
    2.64112000e+02    1.30207000e-01
    9.49268000e+01    3.18113000e-01
    3.64995000e+01    5.00000000e-01
    1.42827000e+01    3.31638000e-01
3  0
    7.60843000e+01   -3.55976000e-02
    2.28714000e+01   -1.57459000e-01
    3.92618000e+00    5.00000000e-01
2  0
    1.85489000e+00    5.00000000e-01
    8.27606000e-01    3.02793000e-01
1  0
    1.80476000e-01    1.00000000e+00
1  0
    6.38966000e-02    1.00000000e+00
5  1
    3.78974000e+03    1.80338000e-04
    5.83037000e+02    3.57843000e-03
    1.38324000e+02    3.05449000e-02
    4.43025000e+01    1.52119000e-01
    1.62330000e+01    5.00000000e-01
1  1
    6.52504000e+00    1.00000000e+00
1  1
    2.67993000e+00    1.00000000e+00
1  1
    1.08701000e+00    1.00000000e+00
1  1
    4.02501000e-01    1.00000000e+00
1  1
    1.35831000e-01    1.00000000e+00
1  1
    4.24048000e-02    1.00000000e+00
1  2
    1.47000000e+00    1.00000000e+00
1  2
    3.30000000e-01    1.00000000e+00
1  3
    4.80000000e-01    1.00000000e+00
