30
14  0
    4.60419000e+06    2.07723000e-06
    6.92204000e+05    1.60616000e-05
    1.58265000e+05    8.39360000e-05
    4.50079000e+04    3.53277000e-04
    1.47180000e+04    1.28565000e-03
    5.31773000e+03    4.19754000e-03
    2.07237000e+03    1.25509000e-02
    8.56128000e+02    3.47310000e-02
    3.70174000e+02    8.80824000e-02
    1.65993000e+02    1.96479000e-01
    7.70255000e+01    3.64550000e-01
    3.65343000e+01    5.00000000e-01
    1.74961000e+01    3.96920000e-01
    8.37373000e+00    1.15575000e-01
5  0
    1.75078000e+02   -5.76577000e-03
    5.48287000e+01   -4.33508000e-02
    2.05925000e+01   -1.20752000e-01
    4.08631000e+00    3.66115000e-01
    1.79475000e+00    5.00000000e-01
2  0
    2.39927000e+00    2.23033000e-01
    9.23002000e-01    5.00000000e-01
1  0
    4.50563000e-01    1.00000000e+00
1  0
    2.09053000e-01    1.00000000e+00
1  0
    9.37742000e-02    1.00000000e+00
1  0
    4.10579000e-02    1.00000000e+00
7  1
    3.69674000e+04    1.00229000e-05
    5.68730000e+03    2.05782000e-04
    1.34353000e+03    1.91905000e-03
    4.35837000e+02    1.10897000e-02
    1.65334000e+02    5.05256000e-02
    6.86126000e+01    1.85794000e-01
    3.18820000e+01    5.00000000e-01
1  1
    1.54353000e+01    1.00000000e+00
1  1
    7.75754000e+00    1.00000000e+00
1  1
    3.92493000e+00    1.00000000e+00
1  1
    1.97568000e+00    1.00000000e+00
1  1
    9.98831000e-01    1.00000000e+00
1  1
    5.06362000e-01    1.00000000e+00
1  1
    2.58741000e-01    1.00000000e+00
1  1
    1.15669000e-01    1.00000000e+00
1  1
    5.10079000e-02    1.00000000e+00
1  1
    2.11813000e-02    1.00000000e+00
1  2
    1.78100000e+01    1.00000000e+00
1  2
    5.09000000e+00    1.00000000e+00
1  2
    1.75000000e+00    1.00000000e+00
1  2
    6.30000000e-01    1.00000000e+00
1  2
    2.70000000e-01    1.00000000e+00
1  2
    1.10000000e-01    1.00000000e+00
1  3
    2.17000000e+00    1.00000000e+00
1  3
    5.10000000e-01    1.00000000e+00
1  3
    2.10000000e-01    1.00000000e+00
1  4
    1.14000000e+00    1.00000000e+00
1  4
    3.80000000e-01    1.00000000e+00
1  5
    6.90000000e-01    1.00000000e+00
