13
5  0
    6.80904117e+04    2.84129054e-04
    1.02075408e+04    2.20206997e-03
    2.32280459e+03    1.14334439e-02
    6.56886538e+02    4.62845856e-02
    2.12966941e+02    1.49105658e-01
1  0
    7.57247166e+01    1.00000000e+00
2  0
    2.90763200e+01    4.16635181e-01
    1.18596239e+01    1.89783714e-01
1  0
    3.31621532e+00    1.00000000e+00
1  0
    1.17547888e+00    1.00000000e+00
1  0
    1.75205286e-01    1.00000000e+00
1  0
    6.47587465e-02    1.00000000e+00
5  1
    4.42791826e+02    1.63911184e-03
    1.04759888e+02    1.31435155e-02
    3.33759794e+01    6.14977081e-02
    1.23053880e+01    1.88259089e-01
    4.86424757e+00    3.60626112e-01
1  1
    1.96040271e+00    1.00000000e+00
1  1
    7.84367338e-01    1.00000000e+00
1  1
    1.90141651e-01    1.00000000e+00
1  1
    5.58743730e-02    1.00000000e+00
1  2
    3.00000000e-01    1.00000000e+00
