27
1  0
    6.26511990e+03    1.00000000e+00
1  0
    2.28549658e+03    1.00000000e+00
1  0
    8.62557514e+02    1.00000000e+00
1  0
    3.36140695e+02    1.00000000e+00
1  0
    1.34974001e+02    1.00000000e+00
1  0
    5.57116792e+01    1.00000000e+00
1  0
    2.35766762e+01    1.00000000e+00
1  0
    1.02008819e+01    1.00000000e+00
1  0
    4.49885122e+00    1.00000000e+00
1  0
    2.01596917e+00    1.00000000e+00
1  0
    9.14796130e-01    1.00000000e+00
1  0
    4.18895680e-01    1.00000000e+00
1  0
    1.92872100e-01    1.00000000e+00
1  0
    8.89671800e-02    1.00000000e+00
1  1
    1.09820947e+01    1.00000000e+00
1  1
    3.31069130e+00    1.00000000e+00
1  1
    9.84032200e-01    1.00000000e+00
1  1
    2.90038400e-01    1.00000000e+00
1  1
    8.52498000e-02    1.00000000e+00
1  2
    1.14150213e+01    1.00000000e+00
1  2
    2.06861176e+00    1.00000000e+00
1  2
    5.78697160e-01    1.00000000e+00
1  2
    2.40278819e-01    1.00000000e+00
1  2
    1.18966417e-01    1.00000000e+00
1  3
    5.38297600e-01    1.00000000e+00
1  3
    1.97672800e-01    1.00000000e+00
1  4
    3.26200000e-01    1.00000000e+00
