34
16  0
    9.50600000e+05    2.27545000e-05
    1.42300000e+05    1.76945000e-04
    3.23600000e+04    9.31282000e-04
    9.14500000e+03    3.92860000e-03
    2.97000000e+03    1.42064000e-02
    1.06400000e+03    4.48114000e-02
    4.10800000e+02    1.21001000e-01
    1.68000000e+02    2.60579000e-01
    7.19900000e+01    3.81364000e-01
    3.16700000e+01    2.76058000e-01
    1.28900000e+01    5.05179000e-02
    5.92900000e+00   -3.59866000e-03
    2.67800000e+00    2.18798000e-03
    9.41600000e-01   -8.62359000e-04
    4.23900000e-01    4.05226000e-04
    1.71400000e-01   -1.16163000e-04
16  0
    9.50600000e+05   -6.46201000e-06
    1.42300000e+05   -5.02346000e-05
    3.23600000e+04   -2.64804000e-04
    9.14500000e+03   -1.11895000e-03
    2.97000000e+03   -4.08276000e-03
    1.06400000e+03   -1.31216000e-02
    4.10800000e+02   -3.72855000e-02
    1.68000000e+02   -8.94709000e-02
    7.19900000e+01   -1.68054000e-01
    3.16700000e+01   -1.79594000e-01
    1.28900000e+01    1.02953000e-01
    5.92900000e+00    5.62630000e-01
    2.67800000e+00    4.50355000e-01
    9.41600000e-01    4.60607000e-02
    4.23900000e-01   -6.03691000e-03
    1.71400000e-01    1.88744000e-03
16  0
    9.50600000e+05    2.02056000e-06
    1.42300000e+05    1.56851000e-05
    3.23600000e+04    8.28617000e-05
    9.14500000e+03    3.49264000e-04
    2.97000000e+03    1.27976000e-03
    1.06400000e+03    4.10365000e-03
    4.10800000e+02    1.17789000e-02
    1.68000000e+02    2.83868000e-02
    7.19900000e+01    5.52406000e-02
    3.16700000e+01    6.07492000e-02
    1.28900000e+01   -3.62012000e-02
    5.92900000e+00   -2.75398000e-01
    2.67800000e+00   -3.62845000e-01
    9.41600000e-01    2.73118000e-01
    4.23900000e-01    6.82899000e-01
    1.71400000e-01    2.83417000e-01
1  0
    9.41600000e-01    1.00000000e+00
1  0
    4.23900000e-01    1.00000000e+00
1  0
    1.71400000e-01    1.00000000e+00
1  0
    2.19260000e+01    1.00000000e+00
1  0
    1.08670000e+01    1.00000000e+00
1  0
    5.38600000e+00    1.00000000e+00
1  0
    6.10000000e-02    1.00000000e+00
11  1
    1.89000000e+03    4.95752000e-04
    4.47800000e+02    4.25172000e-03
    1.44600000e+02    2.23277000e-02
    5.44600000e+01    8.30878000e-02
    2.25100000e+01    2.17110000e-01
    9.77400000e+00    3.74507000e-01
    4.36800000e+00    3.66445000e-01
    1.95900000e+00    1.29245000e-01
    8.26000000e-01    6.92249000e-03
    3.29700000e-01    8.36149000e-04
    1.24200000e-01   -1.52666000e-04
11  1
    1.89000000e+03   -1.38863000e-04
    4.47800000e+02   -1.18870000e-03
    1.44600000e+02   -6.32553000e-03
    5.44600000e+01   -2.38813000e-02
    2.25100000e+01   -6.49238000e-02
    9.77400000e+00   -1.15444000e-01
    4.36800000e+00   -1.23651000e-01
    1.95900000e+00    6.49055000e-02
    8.26000000e-01    4.03633000e-01
    3.29700000e-01    4.90592000e-01
    1.24200000e-01    2.08528000e-01
1  1
    8.26000000e-01    1.00000000e+00
1  1
    3.29700000e-01    1.00000000e+00
1  1
    1.24200000e-01    1.00000000e+00
1  1
    2.07020000e+01    1.00000000e+00
1  1
    9.55600000e+00    1.00000000e+00
1  1
    4.41100000e+00    1.00000000e+00
1  1
    4.35000000e-02    1.00000000e+00
1  2
    3.11000000e-01    1.00000000e+00
1  2
    7.63000000e-01    1.00000000e+00
1  2
    1.87300000e+00    1.00000000e+00
1  2
    3.29330000e+01    1.00000000e+00
1  2
    1.22150000e+01    1.00000000e+00
1  2
    4.53000000e+00    1.00000000e+00
1  2
    1.16000000e-01    1.00000000e+00
1  3
    5.43000000e-01    1.00000000e+00
1  3
    1.32500000e+00    1.00000000e+00
1  3
    1.78740000e+01    1.00000000e+00
1  3
    4.03000000e+00    1.00000000e+00
1  3
    2.94000000e-01    1.00000000e+00
1  4
    3.81600000e+00    1.00000000e+00
1  4
    1.00700000e+00    1.00000000e+00
1  4
    4.59000000e-01    1.00000000e+00
