14
12  0
    1.45700000e+05    2.36700000e-04
    2.18400000e+04    1.83523000e-03
    4.97200000e+03    9.52860000e-03
    1.40800000e+03    3.86283000e-02
    4.59700000e+02    1.24081000e-01
    1.65900000e+02    2.96471000e-01
    6.46900000e+01    4.22068000e-01
    2.64400000e+01    2.41711000e-01
    7.62800000e+00    2.00509000e-02
    2.99600000e+00   -3.61000000e-03
    6.50400000e-01    9.75607000e-04
    2.33700000e-01   -4.11316000e-04
12  0
    1.45700000e+05   -6.74910000e-05
    2.18400000e+04   -5.18522000e-04
    4.97200000e+03   -2.74825000e-03
    1.40800000e+03   -1.11007000e-02
    4.59700000e+02   -3.84820000e-02
    1.65900000e+02   -9.97599000e-02
    6.46900000e+01   -2.03088000e-01
    2.64400000e+01   -1.35608000e-01
    7.62800000e+00    5.07195000e-01
    2.99600000e+00    6.12898000e-01
    6.50400000e-01    4.42968000e-02
    2.33700000e-01   -8.99278000e-03
12  0
    1.45700000e+05    2.10457000e-05
    2.18400000e+04    1.62565000e-04
    4.97200000e+03    8.55463000e-04
    1.40800000e+03    3.49745000e-03
    4.59700000e+02    1.20156000e-02
    1.65900000e+02    3.21368000e-02
    6.46900000e+01    6.55279000e-02
    2.64400000e+01    4.99370000e-02
    7.62800000e+00   -2.29769000e-01
    2.99600000e+00   -4.21006000e-01
    6.50400000e-01    6.42331000e-01
    2.33700000e-01    5.67540000e-01
1  0
    2.33700000e-01    1.00000000e+00
1  0
    9.54800000e+00    1.00000000e+00
1  0
    7.09000000e-02    1.00000000e+00
8  1
    4.53700000e+02    5.70555000e-03
    1.06800000e+02    4.30460000e-02
    3.37300000e+01    1.76591000e-01
    1.21300000e+01    4.06863000e-01
    4.59400000e+00    4.52549000e-01
    1.67800000e+00    1.22801000e-01
    5.90900000e-01   -4.45996000e-03
    1.85200000e-01    2.05225000e-03
8  1
    4.53700000e+02   -1.60655000e-03
    1.06800000e+02   -1.21714000e-02
    3.37300000e+01   -5.20789000e-02
    1.21300000e+01   -1.23737000e-01
    4.59400000e+00   -1.51619000e-01
    1.67800000e+00    1.42425000e-01
    5.90900000e-01    5.84501000e-01
    1.85200000e-01    4.37540000e-01
1  1
    1.85200000e-01    1.00000000e+00
1  1
    4.36100000e+00    1.00000000e+00
1  1
    5.33000000e-02    1.00000000e+00
1  2
    1.14590000e+01    1.00000000e+00
1  2
    7.38000000e-01    1.00000000e+00
1  2
    2.40000000e-01    1.00000000e+00
