77
1  0
    4.50000000e+03    1.00000000e+00
1  0
    1.63240000e+03    1.00000000e+00
1  0
    7.74107000e+02    1.00000000e+00
1  0
    3.67092000e+02    1.00000000e+00
1  0
    1.41245000e+02    1.00000000e+00
1  0
    7.59118000e+01    1.00000000e+00
1  0
    4.07986000e+01    1.00000000e+00
1  0
    1.58306000e+01    1.00000000e+00
1  0
    9.57135000e+00    1.00000000e+00
1  0
    6.20139000e+00    1.00000000e+00
1  0
    4.01795000e+00    1.00000000e+00
1  0
    2.24248000e+00    1.00000000e+00
1  0
    1.44709000e+00    1.00000000e+00
1  0
    8.35157000e-01    1.00000000e+00
1  0
    4.26737000e-01    1.00000000e+00
1  0
    2.08720000e-01    1.00000000e+00
1  0
    1.02086000e-01    1.00000000e+00
1  1
    1.80814000e+03    1.00000000e+00
1  1
    4.85335000e+02    1.00000000e+00
1  1
    2.58420000e+02    1.00000000e+00
1  1
    1.37597000e+02    1.00000000e+00
1  1
    4.58170000e+01    1.00000000e+00
1  1
    3.17157000e+01    1.00000000e+00
1  1
    2.19544000e+01    1.00000000e+00
1  1
    1.04138000e+01    1.00000000e+00
1  1
    7.31354000e+00    1.00000000e+00
1  1
    5.13625000e+00    1.00000000e+00
1  1
    2.48149000e+00    1.00000000e+00
1  1
    1.57660000e+00    1.00000000e+00
1  1
    9.04538000e-01    1.00000000e+00
1  1
    6.02234000e-01    1.00000000e+00
1  1
    3.09913000e-01    1.00000000e+00
1  1
    1.59483000e-01    1.00000000e+00
1  2
    3.10624000e+02    1.00000000e+00
1  2
    1.37830000e+02    1.00000000e+00
1  2
    7.97927000e+01    1.00000000e+00
1  2
    4.61937000e+01    1.00000000e+00
1  2
    2.71476000e+01    1.00000000e+00
1  2
    1.59544000e+01    1.00000000e+00
1  2
    7.43592000e+00    1.00000000e+00
1  2
    4.81753000e+00    1.00000000e+00
1  2
    3.12115000e+00    1.00000000e+00
1  2
    1.88590000e+00    1.00000000e+00
1  2
    1.07091000e+00    1.00000000e+00
1  2
    5.39076000e-01    1.00000000e+00
1  2
    2.63779000e-01    1.00000000e+00
1  2
    1.29072000e-01    1.00000000e+00
1  3
    9.90705000e+01    1.00000000e+00
1  3
    3.99570000e+01    1.00000000e+00
1  3
    2.49864000e+01    1.00000000e+00
1  3
    1.51240000e+01    1.00000000e+00
1  3
    1.11355000e+01    1.00000000e+00
1  3
    5.41005000e+00    1.00000000e+00
1  3
    3.16834000e+00    1.00000000e+00
1  3
    1.85551000e+00    1.00000000e+00
1  3
    9.75785000e-01    1.00000000e+00
1  3
    5.30262000e-01    1.00000000e+00
1  3
    2.40056000e-01    1.00000000e+00
1  4
    4.72034000e+01    1.00000000e+00
1  4
    2.44949000e+01    1.00000000e+00
1  4
    1.13507000e+01    1.00000000e+00
1  4
    8.13067000e+00    1.00000000e+00
1  4
    3.49228000e+00    1.00000000e+00
1  4
    2.00761000e+00    1.00000000e+00
1  4
    1.21914000e+00    1.00000000e+00
1  4
    6.28039000e-01    1.00000000e+00
1  4
    3.78024000e-01    1.00000000e+00
1  5
    3.50842000e+01    1.00000000e+00
1  5
    9.72092000e+00    1.00000000e+00
1  5
    4.80643000e+00    1.00000000e+00
1  5
    2.06017000e+00    1.00000000e+00
1  5
    1.04271000e+00    1.00000000e+00
1  5
    5.53292000e-01    1.00000000e+00
1  6
    1.02111000e+01    1.00000000e+00
1  6
    5.09000000e+00    1.00000000e+00
1  6
    1.78491000e+00    1.00000000e+00
1  6
    1.10338000e+00    1.00000000e+00
