47
20  0
    7.40100000e+06    1.75000000e-06
    1.10800000e+06    1.36100000e-05
    2.52100000e+05    7.16300000e-05
    7.13800000e+04    3.03030000e-04
    2.32600000e+04    1.10608000e-03
    8.39000000e+03    3.60671000e-03
    3.27100000e+03    1.07132100e-02
    1.35700000e+03    2.91067700e-02
    5.92000000e+02    7.16601100e-02
    2.69100000e+02    1.54140530e-01
    1.26500000e+02    2.70417070e-01
    6.10300000e+01    3.34854700e-01
    2.98600000e+01    2.24346310e-01
    1.41700000e+01    5.00028400e-02
    7.02200000e+00    6.45900000e-05
    3.51100000e+00    1.68641000e-03
    1.75800000e+00   -5.80960000e-04
    7.84100000e-01    1.96700000e-04
    3.48000000e-01   -1.11250000e-04
    1.49100000e-01    2.06100000e-05
20  0
    7.40100000e+06   -5.00000000e-07
    1.10800000e+06   -3.87000000e-06
    2.52100000e+05   -2.03400000e-05
    7.13800000e+04   -8.60900000e-05
    2.32600000e+04   -3.14440000e-04
    8.39000000e+03   -1.02841000e-03
    3.27100000e+03   -3.07267000e-03
    1.35700000e+03   -8.47532000e-03
    5.92000000e+02   -2.15200800e-02
    2.69100000e+02   -4.94493200e-02
    1.26500000e+02   -9.87759200e-02
    6.10300000e+01   -1.58308220e-01
    2.98600000e+01   -1.51402980e-01
    1.41700000e+01    5.82426400e-02
    7.02200000e+00    4.29383050e-01
    3.51100000e+00    4.99088840e-01
    1.75800000e+00    1.60278370e-01
    7.84100000e-01    8.83960000e-03
    3.48000000e-01    1.13130000e-03
    1.49100000e-01    2.23770000e-04
1  0
    6.10300000e+01    1.00000000e+00
1  0
    2.98600000e+01    1.00000000e+00
1  0
    1.41700000e+01    1.00000000e+00
1  0
    7.02200000e+00    1.00000000e+00
1  0
    3.51100000e+00    1.00000000e+00
1  0
    1.75800000e+00    1.00000000e+00
1  0
    7.84100000e-01    1.00000000e+00
1  0
    3.48000000e-01    1.00000000e+00
1  0
    1.49100000e-01    1.00000000e+00
1  0
    5.38000000e-02    1.00000000e+00
12  1
    2.92700000e+03    2.31990000e-04
    6.93500000e+02    2.02329000e-03
    2.24700000e+02    1.10340100e-02
    8.51700000e+01    4.38397000e-02
    3.55300000e+01    1.30359040e-01
    1.57300000e+01    2.75749910e-01
    7.16500000e+00    3.87643300e-01
    3.32200000e+00    2.87407410e-01
    1.47800000e+00    6.57581200e-02
    6.55200000e-01    1.47390000e-04
    2.75100000e-01    1.13879000e-03
    1.09700000e-01   -2.52530000e-04
1  1
    8.51700000e+01    1.00000000e+00
1  1
    3.55300000e+01    1.00000000e+00
1  1
    1.57300000e+01    1.00000000e+00
1  1
    7.16500000e+00    1.00000000e+00
1  1
    3.32200000e+00    1.00000000e+00
1  1
    1.47800000e+00    1.00000000e+00
1  1
    6.55200000e-01    1.00000000e+00
1  1
    2.75100000e-01    1.00000000e+00
1  1
    1.09700000e-01    1.00000000e+00
1  1
    4.02000000e-02    1.00000000e+00
1  2
    3.09000000e-01    1.00000000e+00
1  2
    7.70000000e-01    1.00000000e+00
1  2
    1.91700000e+00    1.00000000e+00
1  2
    4.77600000e+00    1.00000000e+00
1  2
    6.40290000e+01    1.00000000e+00
1  2
    2.94820000e+01    1.00000000e+00
1  2
    1.35750000e+01    1.00000000e+00
1  2
    6.25100000e+00    1.00000000e+00
1  2
    1.21000000e-01    1.00000000e+00
1  3
    4.08000000e-01    1.00000000e+00
1  3
    8.25000000e-01    1.00000000e+00
1  3
    1.66800000e+00    1.00000000e+00
1  3
    2.97360000e+01    1.00000000e+00
1  3
    1.14600000e+01    1.00000000e+00
1  3
    4.41700000e+00    1.00000000e+00
1  3
    2.09000000e-01    1.00000000e+00
1  4
    6.65000000e-01    1.00000000e+00
1  4
    1.56200000e+00    1.00000000e+00
1  4
    2.39030000e+01    1.00000000e+00
1  4
    4.42700000e+00    1.00000000e+00
1  4
    3.34000000e-01    1.00000000e+00
1  5
    4.51800000e+00    1.00000000e+00
1  5
    1.26400000e+00    1.00000000e+00
1  5
    7.42000000e-01    1.00000000e+00
