38
1  0
    3.98335712e+02    1.00000000e+00
1  0
    1.31061140e+02    1.00000000e+00
1  0
    4.59808178e+01    1.00000000e+00
1  0
    1.67017938e+01    1.00000000e+00
1  0
    8.87227243e+00    1.00000000e+00
1  0
    3.99739503e+00    1.00000000e+00
1  0
    1.71761967e+00    1.00000000e+00
1  0
    1.09179044e+00    1.00000000e+00
1  0
    5.74442488e-01    1.00000000e+00
1  0
    2.72658103e-01    1.00000000e+00
1  0
    1.55531980e-01    1.00000000e+00
1  1
    1.44546867e+02    1.00000000e+00
1  1
    1.76823733e+01    1.00000000e+00
1  1
    6.86643469e+00    1.00000000e+00
1  1
    4.23165734e+00    1.00000000e+00
1  1
    1.52459267e+00    1.00000000e+00
1  1
    8.95995961e-01    1.00000000e+00
1  1
    5.74553053e-01    1.00000000e+00
1  1
    3.00163040e-01    1.00000000e+00
1  2
    5.07522947e+01    1.00000000e+00
1  2
    1.25689633e+01    1.00000000e+00
1  2
    8.07896042e+00    1.00000000e+00
1  2
    2.88695550e+00    1.00000000e+00
1  2
    1.66709201e+00    1.00000000e+00
1  2
    8.36618111e-01    1.00000000e+00
1  2
    3.62687311e-01    1.00000000e+00
1  3
    1.55863042e+01    1.00000000e+00
1  3
    6.02717698e+00    1.00000000e+00
1  3
    2.34101137e+00    1.00000000e+00
1  3
    1.48653808e+00    1.00000000e+00
1  3
    7.03708856e-01    1.00000000e+00
1  4
    4.69327525e+00    1.00000000e+00
1  4
    1.37405493e+00    1.00000000e+00
1  0
    8.87198900e-02    1.00000000e+00
1  1
    1.45739918e-01    1.00000000e+00
1  2
    1.93037665e-01    1.00000000e+00
1  3
    3.20578081e-01    1.00000000e+00
1  4
    6.70726482e-01    1.00000000e+00
