44
1  0
    4.54945369e+02    1.00000000e+00
1  0
    1.43621940e+02    1.00000000e+00
1  0
    4.64876199e+01    1.00000000e+00
1  0
    1.37043944e+01    1.00000000e+00
1  0
    7.61458989e+00    1.00000000e+00
1  0
    4.08332948e+00    1.00000000e+00
1  0
    1.94332299e+00    1.00000000e+00
1  0
    1.07613906e+00    1.00000000e+00
1  0
    7.10723102e-01    1.00000000e+00
1  0
    3.33560134e-01    1.00000000e+00
1  0
    1.96684258e-01    1.00000000e+00
1  1
    2.05382107e+02    1.00000000e+00
1  1
    9.66178533e+01    1.00000000e+00
1  1
    1.71590446e+01    1.00000000e+00
1  1
    8.99614853e+00    1.00000000e+00
1  1
    3.64890710e+00    1.00000000e+00
1  1
    2.02991710e+00    1.00000000e+00
1  1
    1.12847978e+00    1.00000000e+00
1  1
    6.74538870e-01    1.00000000e+00
1  1
    3.97491157e-01    1.00000000e+00
1  2
    5.61906047e+01    1.00000000e+00
1  2
    1.94147509e+01    1.00000000e+00
1  2
    1.02355310e+01    1.00000000e+00
1  2
    5.25492276e+00    1.00000000e+00
1  2
    2.11519609e+00    1.00000000e+00
1  2
    1.30794695e+00    1.00000000e+00
1  2
    6.67778191e-01    1.00000000e+00
1  2
    3.00107908e-01    1.00000000e+00
1  3
    1.83006579e+01    1.00000000e+00
1  3
    7.96157303e+00    1.00000000e+00
1  3
    3.55450838e+00    1.00000000e+00
1  3
    1.92937490e+00    1.00000000e+00
1  3
    1.12024056e+00    1.00000000e+00
1  3
    5.49789312e-01    1.00000000e+00
1  4
    5.19676753e+00    1.00000000e+00
1  4
    1.85129212e+00    1.00000000e+00
1  4
    9.11446909e-01    1.00000000e+00
1  5
    1.51435510e+00    1.00000000e+00
1  0
    1.15975180e-01    1.00000000e+00
1  1
    1.93762970e-01    1.00000000e+00
1  2
    1.34872260e-01    1.00000000e+00
1  3
    2.43892265e-01    1.00000000e+00
1  4
    5.08559176e-01    1.00000000e+00
1  5
    7.34714237e-01    1.00000000e+00
