60
11  0
    9.14900000e+06    1.30000000e-06
    1.37000000e+06    1.04000000e-05
    3.11900000e+05    5.49000000e-05
    8.86500000e+04    2.29600000e-04
    2.93300000e+04    8.10300000e-04
    1.09300000e+04    2.48530000e-03
    4.48000000e+03    6.83690000e-03
    1.96200000e+03    1.76199000e-02
    8.94100000e+02    4.28752000e-02
    4.19600000e+02    9.54853000e-02
    2.02300000e+02    1.85064000e-01
11  0
    9.14900000e+06   -4.00000000e-07
    1.37000000e+06   -3.00000000e-06
    3.11900000e+05   -1.56000000e-05
    8.86500000e+04   -6.52000000e-05
    2.93300000e+04   -2.30400000e-04
    1.09300000e+04   -7.07500000e-04
    4.48000000e+03   -1.95730000e-03
    1.96200000e+03   -5.08560000e-03
    8.94100000e+02   -1.26528000e-02
    4.19600000e+02   -2.93065000e-02
    2.02300000e+02   -6.17712000e-02
1  0
    9.98400000e+01    1.00000000e+00
1  0
    5.00700000e+01    1.00000000e+00
1  0
    2.51400000e+01    1.00000000e+00
1  0
    1.18100000e+01    1.00000000e+00
1  0
    5.88200000e+00    1.00000000e+00
1  0
    2.93900000e+00    1.00000000e+00
1  0
    1.40500000e+00    1.00000000e+00
1  0
    6.96300000e-01    1.00000000e+00
1  0
    3.18800000e-01    1.00000000e+00
1  0
    1.41000000e-01    1.00000000e+00
1  0
    5.35700000e-02    1.00000000e+00
4  1
    7.05000000e+03    5.02000000e-05
    1.66900000e+03    4.45400000e-04
    5.42100000e+02    2.54800000e-03
    2.07100000e+02    1.10155000e-02
1  1
    8.75200000e+01    1.00000000e+00
1  1
    3.96100000e+01    1.00000000e+00
1  1
    1.87800000e+01    1.00000000e+00
1  1
    9.13000000e+00    1.00000000e+00
1  1
    4.51600000e+00    1.00000000e+00
1  1
    2.24500000e+00    1.00000000e+00
1  1
    1.06500000e+00    1.00000000e+00
1  1
    4.88500000e-01    1.00000000e+00
1  1
    2.16600000e-01    1.00000000e+00
1  1
    9.25500000e-02    1.00000000e+00
1  1 
    3.67800000e-02    1.00000000e+00
1  2
    7.63270000e+00    1.00000000e+00
1  2
    3.28760000e+00    1.00000000e+00
1  2
    1.41600000e+00    1.00000000e+00
1  2
    6.09900000e-01    1.00000000e+00
1  2
    2.62700000e-01    1.00000000e+00
1  2
    1.10429000e+02    1.00000000e+00
1  2
    6.21231000e+01    1.00000000e+00
1  2
    3.49483000e+01    1.00000000e+00
1  2
    1.96606000e+01    1.00000000e+00
1  2
    1.10604000e+01    1.00000000e+00
1  2 
    1.07800000e-01    1.00000000e+00
1  3
    3.05820000e+00    1.00000000e+00
1  3
    1.52920000e+00    1.00000000e+00
1  3
    7.64700000e-01    1.00000000e+00
1  3
    3.82400000e-01    1.00000000e+00
1  3
    6.13518000e+01    1.00000000e+00
1  3
    3.11445000e+01    1.00000000e+00
1  3
    1.58101000e+01    1.00000000e+00
1  3
    8.02580000e+00    1.00000000e+00
1  3
    1.83000000e-01    1.00000000e+00 
1  4
    1.84500000e+00    1.00000000e+00
1  4
    9.65700000e-01    1.00000000e+00
1  4
    5.05500000e-01    1.00000000e+00
1  4
    3.77753000e+01    1.00000000e+00
1  4
    1.66961000e+01    1.00000000e+00
1  4
    7.37940000e+00    1.00000000e+00
1  4
    2.55500000e-01    1.00000000e+00
1  5
    1.87430000e+00    1.00000000e+00
1  5
    8.87100000e-01    1.00000000e+00
1  5
    3.34560000e+01    1.00000000e+00
1  5
    1.42454000e+01    1.00000000e+00
1  5 
    5.26500000e-01    1.00000000e+00
1  6
    1.50660000e+00    1.00000000e+00
1  6
    2.45369000e+01    1.00000000e+00
1  6
    9.92600000e-01    1.00000000e+00
