14
7  0
    7.91114230e+04    5.10293250e-04
    1.18647460e+04    3.94630370e-03
    2.70016430e+03    2.03070739e-02
    7.63959435e+02    7.96918252e-02
    2.48451506e+02    2.34206238e-01
    8.82835810e+01    4.48338495e-01
    3.29486071e+01    3.64081674e-01
3  0
    1.42553580e+02    2.63874070e-02
    4.41636880e+01    1.12264340e-01
    8.95249950e+00   -2.61789220e-01
2  0
    4.55469209e+00    1.30024850e+00
    2.14440790e+00    6.71972370e-01
1  0
    6.07087770e-01    1.00000000e+00
1  0
    2.16514320e-01    1.00000000e+00
5  1
    7.76775420e+02    2.20280050e-03
    1.83801070e+02    1.76941800e-02
    5.86940032e+01    8.24312937e-02
    2.17015917e+01    2.42072789e-01
    8.58214896e+00    4.22635583e-01
1  1
    3.49226792e+00    1.00000000e+00
1  1
    1.26374270e+00    1.00000000e+00
1  1
    4.66078700e-01    1.00000000e+00
1  1
    1.57660030e-01    1.00000000e+00
1  2
    5.55100000e+00    1.00000000e+00
1  2
    1.23500000e+00    1.00000000e+00
1  2
    4.12000000e-01    1.00000000e+00
1  3
    8.90000000e-01    1.00000000e+00
