22
10  0
    1.67342195e+06    1.12459904e-05
    2.50601754e+05    8.74281158e-05
    5.70309121e+04    4.59616413e-04
    1.61533039e+04    1.93638907e-03
    5.26941093e+03    6.99940465e-03
    1.90203155e+03    2.23120682e-02
    7.41576772e+02    6.28080777e-02
    3.07209019e+02    1.51011410e-01
    1.33527862e+02    2.87136612e-01
    6.02533813e+01    3.63854901e-01
3  0
    5.22024262e+02    1.80713231e-02
    1.61512905e+02    1.64492199e-01
    6.21263694e+01    6.38973349e-01
1  0
    2.75909300e+01    1.00000000e+00
1  0
    1.11755289e+01    1.00000000e+00
1  0
    5.29590651e+00    1.00000000e+00
1  0
    2.47827989e+00    1.00000000e+00
1  0
    9.12620951e-01    1.00000000e+00
1  0
    4.04260675e-01    1.00000000e+00
1  0
    1.65628863e-01    1.00000000e+00
8  1
    2.86845046e+03    2.40104351e-04
    6.79718696e+02    2.09047887e-03
    2.20367588e+02    1.13693168e-02
    8.36204397e+01    4.49019774e-02
    3.49643227e+01    1.32371568e-01
    1.55251318e+01    2.77092776e-01
    7.09929798e+00    3.86139796e-01
    3.30213366e+00    2.84929254e-01
2  1
    1.28787657e+02   -3.05094578e-02
    8.43578680e+00    6.41016211e-01
1  1
    1.46186619e+00    1.00000000e+00
1  1
    6.46580101e-01    1.00000000e+00
1  1
    2.72292958e-01    1.00000000e+00
1  1
    1.09051824e-01    1.00000000e+00
1  2
    6.31500000e+00    1.00000000e+00
1  2
    1.56200000e+00    1.00000000e+00
1  2
    7.15000000e-01    1.00000000e+00
1  2
    2.97000000e-01    1.00000000e+00
1  3
    5.43000000e-01    1.00000000e+00
1  3
    1.32500000e+00    1.00000000e+00
1  4
    1.00700000e+00    1.00000000e+00
