15
8  0
    1.75172000e+05    2.19223000e-04
    2.62562000e+04    1.70070000e-03
    5.97558000e+03    8.86304000e-03
    1.69176000e+03    3.62636000e-02
    5.51167000e+02    1.19972000e-01
    1.98314000e+02    3.01812000e-01
    7.63832000e+01    5.00000000e-01
    3.02612000e+01    3.65739000e-01
3  0
    1.48256000e+02   -5.70393000e-02
    4.51503000e+01   -2.50410000e-01
    9.10859000e+00    5.00000000e-01
2  0
    4.99306000e+00    5.00000000e-01
    2.29305000e+00    3.69284000e-01
1  0
    6.28039000e-01    1.00000000e+00
1  0
    2.17830000e-01    1.00000000e+00
5  1
    8.56057000e+03    1.63874000e-04
    1.31701000e+03    3.27250000e-03
    3.12443000e+02    2.85232000e-02
    1.00521000e+02    1.45713000e-01
    3.73558000e+01    5.00000000e-01
1  1
    1.52191000e+01    1.00000000e+00
1  1
    6.43204000e+00    1.00000000e+00
1  1
    2.73173000e+00    1.00000000e+00
1  1
    1.02805000e+00    1.00000000e+00
1  1
    3.85909000e-01    1.00000000e+00
1  1
    1.30193000e-01    1.00000000e+00
1  2
    2.52000000e+00    1.00000000e+00
1  2
    5.70000000e-01    1.00000000e+00
1  3
    7.80000000e-01    1.00000000e+00
