30
14  0
    9.40083000e+06    1.93786000e-06
    1.40986000e+06    1.50531000e-05
    3.20754000e+05    7.92439000e-05
    9.08742000e+04    3.34568000e-04
    2.96874000e+04    1.21621000e-03
    1.07425000e+04    3.95689000e-03
    4.19780000e+03    1.17839000e-02
    1.74335000e+03    3.23069000e-02
    7.61177000e+02    8.10894000e-02
    3.45501000e+02    1.80747000e-01
    1.61531000e+02    3.46986000e-01
    7.64434000e+01    5.00000000e-01
    3.66742000e+01    4.20212000e-01
    1.76891000e+01    1.36425000e-01
5  0
    3.43672000e+02   -4.87486000e-03
    1.07608000e+02   -3.69678000e-02
    4.11636000e+01   -1.01317000e-01
    8.17968000e+00    3.44553000e-01
    3.93705000e+00    5.00000000e-01
2  0
    6.03258000e+00    9.86250000e-02
    2.18845000e+00    5.00000000e-01
1  0
    1.72800000e+00    1.00000000e+00
1  0
    6.25621000e-01    1.00000000e+00
1  0
    2.88456000e-01    1.00000000e+00
1  0
    1.28687000e-01    1.00000000e+00
7  1
    8.45362000e+04    1.00816000e-05
    1.30056000e+04    2.01598000e-04
    3.12798000e+03    1.82827000e-03
    1.02602000e+03    1.04504000e-02
    3.93586000e+02    4.72167000e-02
    1.66815000e+02    1.71607000e-01
    7.78658000e+01    5.00000000e-01
1  1
    3.75580000e+01    1.00000000e+00
1  1
    1.88097000e+01    1.00000000e+00
1  1
    9.73341000e+00    1.00000000e+00
1  1
    5.24615000e+00    1.00000000e+00
1  1
    2.81591000e+00    1.00000000e+00
1  1
    1.51138000e+00    1.00000000e+00
1  1
    7.39692000e-01    1.00000000e+00
1  1
    3.55360000e-01    1.00000000e+00
1  1
    1.61772000e-01    1.00000000e+00
1  1
    6.98203000e-02    1.00000000e+00
1  2
    2.63300000e+01    1.00000000e+00
1  2
    7.53000000e+00    1.00000000e+00
1  2
    2.60000000e+00    1.00000000e+00
1  2
    9.30000000e-01    1.00000000e+00
1  2
    4.10000000e-01    1.00000000e+00
1  2
    1.70000000e-01    1.00000000e+00
1  3
    4.53000000e+00    1.00000000e+00
1  3
    1.06000000e+00    1.00000000e+00
1  3
    4.40000000e-01    1.00000000e+00
1  4
    2.18000000e+00    1.00000000e+00
1  4
    7.30000000e-01    1.00000000e+00
1  5
    1.12000000e+00    1.00000000e+00
