22
11  0
    1.31101000e+06    2.17557000e-05
    1.96373000e+05    1.69095000e-04
    4.47039000e+04    8.88222000e-04
    1.26648000e+04    3.73961000e-03
    4.13121000e+03    1.34900000e-02
    1.49083000e+03    4.27599000e-02
    5.81354000e+02    1.18031000e-01
    2.39863000e+02    2.72890000e-01
    1.04176000e+02    4.69657000e-01
    4.68276000e+01    5.00000000e-01
    2.10958000e+01    2.16299000e-01
5  0
    3.33754000e+02   -6.68980000e-03
    1.04595000e+02   -4.97892000e-02
    4.03003000e+01   -1.30579000e-01
    8.79304000e+00    3.35278000e-01
    4.27589000e+00    5.00000000e-01
2  0
    5.83499000e+00    2.11076000e-01
    2.30232000e+00    5.00000000e-01
1  0
    1.03569000e+00    1.00000000e+00
1  0
    4.28738000e-01    1.00000000e+00
1  0
    1.67168000e-01    1.00000000e+00
6  1
    3.03057000e+04    3.47691000e-05
    4.66242000e+03    7.07056000e-04
    1.10465000e+03    6.50144000e-03
    3.58110000e+02    3.65715000e-02
    1.34943000e+02    1.58421000e-01
    5.67297000e+01    5.00000000e-01
1  1
    2.54900000e+01    1.00000000e+00
1  1
    1.19150000e+01    1.00000000e+00
1  1
    5.69033000e+00    1.00000000e+00
1  1
    2.69192000e+00    1.00000000e+00
1  1
    1.21211000e+00    1.00000000e+00
1  1
    5.35317000e-01    1.00000000e+00
1  1
    2.23765000e-01    1.00000000e+00
1  1
    8.90044000e-02    1.00000000e+00
1  2
    1.08600000e+01    1.00000000e+00
1  2
    2.86000000e+00    1.00000000e+00
1  2
    8.40000000e-01    1.00000000e+00
1  2
    3.10000000e-01    1.00000000e+00
1  3
    1.91000000e+00    1.00000000e+00
1  3
    6.30000000e-01    1.00000000e+00
1  4
    9.30000000e-01    1.00000000e+00
