5
6  0
    6.99467381e+03    9.16359628e-03
    1.28246579e+03    4.93614929e-02
    3.58787712e+02    1.68538305e-01
    1.23253262e+02    3.70562800e-01
    4.78628486e+01    4.16491530e-01
    1.97125642e+01    1.30334084e-01
6  0
    4.68299215e+02   -1.32527881e-02
    9.26886361e+01   -4.69917101e-02
    2.88075590e+01   -3.37853715e-02
    1.10833063e+01    2.50241786e-01
    4.81348748e+00    5.95117253e-01
    2.20637349e+00    2.40706176e-01
6  1
    4.68299215e+02    3.75969660e-03
    9.26886361e+01    3.76793698e-02
    2.88075590e+01    1.73896744e-01
    1.10833063e+01    4.18036435e-01
    4.81348748e+00    4.25859548e-01
    2.20637349e+00    1.01708296e-01
6  0
    1.67219091e+01   -7.94312640e-03
    4.47827746e+00   -7.10026417e-02
    1.67940163e+00   -1.78502693e-01
    7.51731041e-01    1.51063506e-01
    3.71993383e-01    7.35491477e-01
    1.91712575e-01    2.76059312e-01
6  1
    1.67219091e+01   -7.13935890e-03
    4.47827746e+00   -1.82927707e-02
    1.67940163e+00    7.62162143e-02
    7.51731041e-01    4.14509860e-01
    3.71993383e-01    4.88962147e-01
    1.91712575e-01    1.05881652e-01
