12
5  0
    1.32594743e+05    2.54841152e-04
    1.98772101e+04    1.97533488e-03
    4.52305260e+03    1.02624569e-02
    1.27880310e+03    4.16486747e-02
    4.14256189e+02    1.35133771e-01
1  0
    1.47241941e+02    1.00000000e+00
2  0
    5.68261554e+01    4.51416329e-01
    2.36040860e+01    2.07588324e-01
1  0
    7.25249520e+00    1.00000000e+00
1  0
    2.88929799e+00    1.00000000e+00
1  0
    6.58879827e-01    1.00000000e+00
1  0
    2.34395611e-01    1.00000000e+00
5  1
    8.28339698e+02    2.17730393e-03
    1.96065108e+02    1.75974432e-02
    6.26812276e+01    8.29059214e-02
    2.32250778e+01    2.49341029e-01
    9.21678155e+00    4.53272806e-01
1  1
    3.75955330e+00    1.00000000e+00
1  1
    1.43167859e+00    1.00000000e+00
1  1
    5.12982661e-01    1.00000000e+00
1  1
    1.68214869e-01    1.00000000e+00
