17
7  0
    9.18853092e+03    8.87714100e-01
    3.27904283e+03    1.82315850e+00
    1.22762979e+03    5.61273230e+00
    4.81182379e+02    1.12156190e+01
    1.96969770e+02    1.22962961e+01
    8.39606192e+01    2.35520900e+00
    3.71435409e+01   -1.57690420e+00
1  0
    1.69892190e+01    1.00000000e+00
1  0
    8.00030930e+00    1.00000000e+00
1  0
    3.86069590e+00    1.00000000e+00
1  0
    1.89964390e+00    1.00000000e+00
1  0
    9.48014900e-01    1.00000000e+00
1  0
    4.77179800e-01    1.00000000e+00
1  0
    2.40878100e-01    1.00000000e+00
2  1
    1.41000000e+01    5.63086000e-02
    5.63000000e+00   -5.63007000e-02
1  1
    2.22000000e+00    1.00000000e+00
1  1
    8.70000000e-01    1.00000000e+00
1  1
    3.40000000e-01    1.00000000e+00
3  2
    3.27000000e+01   -2.65404000e-02
    8.37000000e+00    1.34848000e-02
    2.66000000e+00   -1.36452000e-02
1  2
    9.90000000e-01    1.00000000e+00
1  2
    3.90000000e-01    1.00000000e+00
2  3
    1.38000000e+00    1.00000000e+00
    5.40000000e-01    1.00000000e+00
1  4
    8.70000000e-01    1.00000000e+00
