17
6  0
    3.81200000e+05    8.33270000e-04
    5.72400000e+04    6.21980000e-03
    1.31100000e+04    3.20300000e-02
    3.74300000e+03    1.27290000e-01
    1.23800000e+03    3.91320000e-01
    4.56300000e+02    5.45810000e-01
3  0
    4.56300000e+02    1.80970000e-01
    1.81400000e+02    6.21800000e-01
    7.70700000e+01    2.49880000e-01
1  0
    2.85700000e+01    1.00000000e+00
1  0
    1.23600000e+01    1.00000000e+00
1  0
    4.11700000e+00    1.00000000e+00
1  0
    1.67800000e+00    1.00000000e+00
1  0
    2.76100000e-01    1.00000000e+00
1  0
    1.10500000e-01    1.00000000e+00
3  1
    2.52800000e+03    2.22710000e-02
    5.97300000e+02    1.81990000e-01
    1.90700000e+02    8.61330000e-01
3  1
    7.09600000e+01    3.43380000e-01
    2.88900000e+01    5.05980000e-01
    1.21300000e+01    2.61280000e-01
3  1
    1.21300000e+01    6.85360000e-02
    6.53300000e+00    3.82820000e-01
    3.02800000e+00    6.05990000e-01
1  1
    1.34400000e+00    1.00000000e+00
1  1
    5.82300000e-01    1.00000000e+00
1  1
    2.55800000e-01    1.00000000e+00
1  1
    8.65100000e-02    1.00000000e+00
4  2
    8.60500000e+01    2.79890000e-02
    2.44900000e+01    1.65020000e-01
    8.44200000e+00    4.37360000e-01
    2.98100000e+00    5.72550000e-01
1  2
    9.79000000e-01    1.00000000e+00
