39
1  0
    2.90583000e+01    1.00000000e+00
1  0
    1.52311000e+01    1.00000000e+00
1  0
    6.59393000e+00    1.00000000e+00
1  0
    2.11089000e+00    1.00000000e+00
1  0
    1.08387000e+00    1.00000000e+00
1  0
    6.10876000e-01    1.00000000e+00
1  0
    3.22416000e-01    1.00000000e+00
1  0
    1.48481000e-01    1.00000000e+00
1  1
    2.91563000e+01    1.00000000e+00
1  1
    1.76911000e+01    1.00000000e+00
1  1
    7.79992000e+00    1.00000000e+00
1  1
    2.23928000e+00    1.00000000e+00
1  1
    1.21520000e+00    1.00000000e+00
1  1
    6.11259000e-01    1.00000000e+00
1  1
    3.50592000e-01    1.00000000e+00
1  1
    1.95223000e-01    1.00000000e+00
1  2
    3.02908000e+01    1.00000000e+00
1  2
    8.88329000e+00    1.00000000e+00
1  2
    2.81175000e+00    1.00000000e+00
1  2
    1.39361000e+00    1.00000000e+00
1  2
    7.23697000e-01    1.00000000e+00
1  2
    3.69760000e-01    1.00000000e+00
1  2
    1.82789000e-01    1.00000000e+00
1  3
    1.25738000e+01    1.00000000e+00
1  3
    4.75354000e+00    1.00000000e+00
1  3
    2.10099000e+00    1.00000000e+00
1  3
    7.03469000e-01    1.00000000e+00
1  3
    3.35845000e-01    1.00000000e+00
1  4
    2.85859000e+01    1.00000000e+00
1  4
    9.60595000e+00    1.00000000e+00
1  4
    1.76437000e+00    1.00000000e+00
1  4
    6.53040000e-01    1.00000000e+00
1  5
    1.68792000e+00    1.00000000e+00
1  0
    4.66838000e-02    1.00000000e+00
1  1
    8.00985000e-02    1.00000000e+00
1  2
    6.22894000e-02    1.00000000e+00
1  3
    1.25592000e-01    1.00000000e+00
1  4
    2.54450000e-01    1.00000000e+00
1  5
    5.65598000e-01    1.00000000e+00
