43
1  0
    7.80793300e+01    1.00000000e+00
1  0
    3.40615607e+01    1.00000000e+00
1  0
    1.46562038e+01    1.00000000e+00
1  0
    5.94625646e+00    1.00000000e+00
1  0
    3.96417097e+00    1.00000000e+00
1  0
    1.73261859e+00    1.00000000e+00
1  0
    6.07321966e-01    1.00000000e+00
1  0
    4.12968596e-01    1.00000000e+00
1  0
    2.90771249e-01    1.00000000e+00
1  0
    1.26971279e-01    1.00000000e+00
1  1
    4.81246695e+01    1.00000000e+00
1  1
    3.10326841e+01    1.00000000e+00
1  1
    6.91485333e+00    1.00000000e+00
1  1
    3.69696860e+00    1.00000000e+00
1  1
    1.63775194e+00    1.00000000e+00
1  1
    8.74853531e-01    1.00000000e+00
1  1
    3.91092630e-01    1.00000000e+00
1  1
    2.60928011e-01    1.00000000e+00
1  1
    1.39755634e-01    1.00000000e+00
1  2
    1.23032994e+02    1.00000000e+00
1  2
    3.83520859e+01    1.00000000e+00
1  2
    9.10335998e+00    1.00000000e+00
1  2
    2.98440454e+00    1.00000000e+00
1  2
    1.67466249e+00    1.00000000e+00
1  2
    7.34486546e-01    1.00000000e+00
1  2
    3.89773057e-01    1.00000000e+00
1  2
    1.86660056e-01    1.00000000e+00
1  3
    9.49203809e+01    1.00000000e+00
1  3
    1.10462970e+01    1.00000000e+00
1  3
    2.88155075e+00    1.00000000e+00
1  3
    1.87072672e+00    1.00000000e+00
1  3
    6.77672767e-01    1.00000000e+00
1  3
    3.43772650e-01    1.00000000e+00
1  4
    2.82005206e+01    1.00000000e+00
1  4
    9.61964279e+00    1.00000000e+00
1  4
    1.79399968e+00    1.00000000e+00
1  4
    6.42773520e-01    1.00000000e+00
1  5
    1.68284243e+00    1.00000000e+00
1  0
    4.45105394e-02    1.00000000e+00
1  1
    7.75653783e-02    1.00000000e+00
1  2
    6.48493663e-02    1.00000000e+00
1  3
    1.31973363e-01    1.00000000e+00
1  4
    2.68896360e-01    1.00000000e+00
