31
1  0
    2.17317000e+01    1.00000000e+00
1  0
    1.45877000e+01    1.00000000e+00
1  0
    7.42218000e+00    1.00000000e+00
1  0
    2.35555000e+00    1.00000000e+00
1  0
    1.13128000e+00    1.00000000e+00
1  0
    6.44323000e-01    1.00000000e+00
1  0
    2.81225000e-01    1.00000000e+00
1  0
    1.89027000e-01    1.00000000e+00
1  1
    2.61097000e+01    1.00000000e+00
1  1
    1.54914000e+01    1.00000000e+00
1  1
    7.65271000e+00    1.00000000e+00
1  1
    2.60315000e+00    1.00000000e+00
1  1
    1.09409000e+00    1.00000000e+00
1  1
    5.08562000e-01    1.00000000e+00
1  1
    2.44586000e-01    1.00000000e+00
1  2
    3.22090000e+01    1.00000000e+00
1  2
    7.92051000e+00    1.00000000e+00
1  2
    3.15315000e+00    1.00000000e+00
1  2
    1.29598000e+00    1.00000000e+00
1  2
    5.33065000e-01    1.00000000e+00
1  2
    2.22673000e-01    1.00000000e+00
1  3
    1.11047000e+01    1.00000000e+00
1  3
    1.65474000e+00    1.00000000e+00
1  3
    5.24927000e-01    1.00000000e+00
1  4
    1.35866000e+01    1.00000000e+00
1  4
    1.12130000e+00    1.00000000e+00
1  0
    4.79440000e-02    1.00000000e+00
1  1
    1.04691000e-01    1.00000000e+00
1  2
    7.37477000e-02    1.00000000e+00
1  3
    1.78553000e-01    1.00000000e+00
1  4
    6.08515000e-01    1.00000000e+00
