19
18  0
    8.48233960e+06    6.80000000e-06
    1.27015090e+06    5.28000000e-05
    2.89056960e+05    2.77400000e-04
    8.18798490e+04    1.17020000e-03
    2.67165640e+04    4.24210000e-03
    9.64758420e+03    1.36557000e-02
    3.76411950e+03    3.93399000e-02
    1.56156560e+03    9.99292000e-02
    6.80814670e+02    2.12155500e-01
    3.09241190e+02    3.36386600e-01
    1.45257360e+02    3.15512500e-01
    6.97390480e+01    1.18131200e-01
    3.17703250e+01    8.00760000e-03
    1.53917570e+01    3.29300000e-04
    7.34152600e+00   -1.52300000e-04
    3.32371600e+00    2.47000000e-05
    1.48586700e+00   -3.66000000e-05
    2.11500000e-01   -9.40000000e-06
18  0
    8.48233960e+06   -2.10000000e-06
    1.27015090e+06   -1.65000000e-05
    2.89056960e+05   -8.66000000e-05
    8.18798490e+04   -3.65300000e-04
    2.67165640e+04   -1.33090000e-03
    9.64758420e+03   -4.30930000e-03
    3.76411950e+03   -1.26973000e-02
    1.56156560e+03   -3.36160000e-02
    6.80814670e+02   -7.89470000e-02
    3.09241190e+02   -1.51445800e-01
    1.45257360e+02   -2.04201400e-01
    6.97390480e+01   -5.57367000e-02
    3.17703250e+01    4.18760700e-01
    1.53917570e+01    5.75876200e-01
    7.34152600e+00    1.69684200e-01
    3.32371600e+00    6.06620000e-03
    1.48586700e+00    1.76050000e-03
    2.11500000e-01    2.31600000e-04
18  0
    8.48233960e+06    8.00000000e-07
    1.27015090e+06    6.40000000e-06
    2.89056960e+05    3.37000000e-05
    8.18798490e+04    1.42300000e-04
    2.67165640e+04    5.18800000e-04
    9.64758420e+03    1.68020000e-03
    3.76411950e+03    4.96770000e-03
    1.56156560e+03    1.32115000e-02
    6.80814670e+02    3.14566000e-02
    3.09241190e+02    6.18446000e-02
    1.45257360e+02    8.79566000e-02
    6.97390480e+01    2.57548000e-02
    3.17703250e+01   -2.45545900e-01
    1.53917570e+01   -5.09057200e-01
    7.34152600e+00   -5.55749000e-02
    3.32371600e+00    7.08379600e-01
    1.48586700e+00    5.23102700e-01
    2.11500000e-01   -1.11176000e-02
18  0
    8.48233960e+06   -2.00000000e-07
    1.27015090e+06   -1.80000000e-06
    2.89056960e+05   -9.30000000e-06
    8.18798490e+04   -3.92000000e-05
    2.67165640e+04   -1.42900000e-04
    9.64758420e+03   -4.62900000e-04
    3.76411950e+03   -1.36870000e-03
    1.56156560e+03   -3.64400000e-03
    6.80814670e+02   -8.68840000e-03
    3.09241190e+02   -1.71556000e-02
    1.45257360e+02   -2.45514000e-02
    6.97390480e+01   -7.35240000e-03
    3.17703250e+01    7.20087000e-02
    1.53917570e+01    1.57625400e-01
    7.34152600e+00    1.42074000e-02
    3.32371600e+00   -2.85159300e-01
    1.48586700e+00   -3.88534700e-01
    2.11500000e-01    6.49533700e-01
1  0
    4.21086000e-01    1.00000000e+00
1  0
    8.89740000e-02    1.00000000e+00
1  0
    3.34070000e-02    1.00000000e+00
11  1
    7.42386140e+03    4.59900000e-04
    1.75951660e+03    3.98230000e-03
    5.70229160e+02    2.14638000e-02
    2.16579970e+02    8.24617000e-02
    9.07342520e+01    2.23890200e-01
    4.03087910e+01    3.92070400e-01
    1.85555020e+01    3.54223800e-01
    8.39654300e+00    1.04864100e-01
    3.76736700e+00    3.36640000e-03
    1.62970100e+00    1.84950000e-03
    2.22503000e-01    2.29700000e-04
11  1
    7.42386140e+03   -1.79400000e-04
    1.75951660e+03   -1.56410000e-03
    5.70229160e+02   -8.49990000e-03
    2.16579970e+02   -3.36327000e-02
    9.07342520e+01   -9.53228000e-02
    4.03087910e+01   -1.79362600e-01
    1.85555020e+01   -1.46668200e-01
    8.39654300e+00    1.96601600e-01
    3.76736700e+00    5.37208800e-01
    1.62970100e+00    3.85736100e-01
    2.22503000e-01   -5.40060000e-03
11  1
    7.42386140e+03    3.99000000e-05
    1.75951660e+03    3.48800000e-04
    5.70229160e+02    1.89530000e-03
    2.16579970e+02    7.53250000e-03
    9.07342520e+01    2.14315000e-02
    4.03087910e+01    4.07807000e-02
    1.85555020e+01    3.25249000e-02
    8.39654300e+00   -5.48832000e-02
    3.76736700e+00   -1.51192200e-01
    1.62970100e+00   -1.24901100e-01
    2.22503000e-01    5.85529300e-01
1  1
    5.68263000e-01    1.00000000e+00
1  1
    8.04050000e-02    1.00000000e+00
1  1
    2.67990000e-02    1.00000000e+00
7  2
    3.21019610e+02    1.68400000e-03
    9.62493050e+01    1.41586000e-02
    3.66449630e+01    6.28259000e-02
    1.54939650e+01    1.78499300e-01
    6.89113800e+00    3.20945200e-01
    3.05483100e+00    3.77351500e-01
    1.31424100e+00    2.75023100e-01
1  2
    5.13430000e-01    1.00000000e+00
1  2
    1.87700000e-01    1.00000000e+00
1  2
    7.00000000e-02    1.00000000e+00
1  3
    4.15800000e-01    1.00000000e+00
1  3
    1.69000000e-01    1.00000000e+00
