23
10  0
    8.27319000e+04    1.60000000e-05
    1.23847000e+04    1.26000000e-04
    2.81441000e+03    6.28000000e-04
    7.92046000e+02    2.30200000e-03
    2.46582000e+02    5.67000000e-03
    3.26788000e+01    1.77968000e-01
    2.04343000e+01   -3.66261000e-01
    1.07120000e+01   -1.81084000e-01
    4.06414000e+00    4.40271000e-01
    2.12696000e+00    5.91451000e-01
10  0
    8.27319000e+04   -6.00000000e-06
    1.23847000e+04   -4.30000000e-05
    2.81441000e+03   -2.27000000e-04
    7.92046000e+02   -7.79000000e-04
    2.46582000e+02   -2.10700000e-03
    3.26788000e+01   -5.85840000e-02
    2.04343000e+01    1.25976000e-01
    1.07120000e+01    5.60640000e-02
    4.06414000e+00   -1.68018000e-01
    2.12696000e+00   -3.40345000e-01
1  0
    1.08768000e+00    1.00000000e+00
1  0
    4.11315000e-01    1.00000000e+00
1  0
    1.84986000e-01    1.00000000e+00
1  0
    8.03590000e-02    1.00000000e+00
1  0
    3.16000000e-02    1.00000000e+00
8  1
    4.57740000e+02    3.21000000e-04
    7.80589000e+01    5.69600000e-03
    3.52655000e+01   -1.36450000e-02
    2.20400000e+01   -8.03730000e-02
    6.56430000e+00    2.93629000e-01
    3.29754000e+00    4.67482000e-01
    1.62660000e+00    3.09960000e-01
    7.57702000e-01    6.02750000e-02
8  1
    4.57740000e+02   -7.60000000e-05
    7.80589000e+01   -1.48600000e-03
    3.52655000e+01    4.32000000e-03
    2.20400000e+01    1.82230000e-02
    6.56430000e+00   -8.11290000e-02
    3.29754000e+00   -1.28409000e-01
    1.62660000e+00   -1.10818000e-01
    7.57702000e-01    8.89020000e-02
1  1
    3.32590000e-01    1.00000000e+00
1  1
    1.42626000e-01    1.00000000e+00
1  1
    5.92550000e-02    1.00000000e+00
1  1
    2.21000000e-02    1.00000000e+00
9  2
    8.76255000e+02    1.23000000e-04
    2.65832000e+02    1.29000000e-03
    1.04547000e+02    8.81700000e-03
    4.87351000e+01    3.76420000e-02
    2.36907000e+01    9.59790000e-02
    1.19123000e+01    1.91737000e-01
    6.06027000e+00    2.81601000e-01
    3.05961000e+00    3.12613000e-01
    1.51907000e+00    2.50359000e-01
1  2
    7.24770000e-01    1.00000000e+00
1  2
    3.09087000e-01    1.00000000e+00
1  2
    1.26300000e-01    1.00000000e+00
1  2
    4.74000000e-02    1.00000000e+00
1  3
    6.44000000e-01    1.00000000e+00
1  3
    2.65000000e-01    1.00000000e+00
1  3
    1.03200000e-01    1.00000000e+00
1  4
    5.58500000e-01    1.00000000e+00
1  4
    2.31400000e-01    1.00000000e+00
