26
22  0
    1.37507530e+08    2.10000000e-07
    2.05150520e+07    1.63000000e-06
    4.64871640e+06    8.65000000e-06
    1.31126460e+06    3.67600000e-05
    4.26185860e+05    1.34880000e-04
    1.53237060e+05    4.44600000e-04
    5.94594040e+04    1.34880000e-03
    2.44928120e+04    3.82310000e-03
    1.05902530e+04    1.01908000e-02
    4.76978410e+03    2.55027000e-02
    2.22636980e+03    5.91104000e-02
    1.07308620e+03    1.23288800e-01
    5.32500590e+02    2.19174300e-01
    2.71297550e+02    3.01361200e-01
    1.41311950e+02    2.69489200e-01
    7.45844330e+01    1.19127000e-01
    3.82983380e+01    1.56980000e-02
    2.04691300e+01    2.04700000e-04
    1.09395780e+01    2.23600000e-04
    5.59036700e+00   -1.16800000e-04
    2.88285900e+00    4.19000000e-06
    1.46608600e+00   -2.16700000e-05
22  0
    1.37507530e+08   -7.00000000e-08
    2.05150520e+07   -5.10000000e-07
    4.64871640e+06   -2.70000000e-06
    1.31126460e+06   -1.14700000e-05
    4.26185860e+05   -4.21000000e-05
    1.53237060e+05   -1.38800000e-04
    5.94594040e+04   -4.21800000e-04
    2.44928120e+04   -1.19840000e-03
    1.05902530e+04   -3.21740000e-03
    4.76978410e+03   -8.15980000e-03
    2.22636980e+03   -1.94834000e-02
    1.07308620e+03   -4.29787000e-02
    5.32500590e+02   -8.52987000e-02
    2.71297550e+02   -1.42840200e-01
    1.41311950e+02   -1.75728200e-01
    7.45844330e+01   -7.64127000e-02
    3.82983380e+01    2.46657500e-01
    2.04691300e+01    5.25382400e-01
    1.09395780e+01    3.45972400e-01
    5.59036700e+00    6.39533000e-02
    2.88285900e+00    1.82990000e-03
    1.46608600e+00    1.56450000e-03
22  0
    1.37507530e+08    3.00000000e-08
    2.05150520e+07    2.00000000e-07
    4.64871640e+06    1.05000000e-06
    1.31126460e+06    4.47000000e-06
    4.26185860e+05    1.64000000e-05
    1.53237060e+05    5.40400000e-05
    5.94594040e+04    1.64300000e-04
    2.44928120e+04    4.66900000e-04
    1.05902530e+04    1.25520000e-03
    4.76978410e+03    3.18690000e-03
    2.22636980e+03    7.64320000e-03
    1.07308620e+03    1.69669000e-02
    5.32500590e+02    3.41909000e-02
    2.71297550e+02    5.87287000e-02
    1.41311950e+02    7.58856000e-02
    7.45844330e+01    3.50614000e-02
    3.82983380e+01   -1.33862300e-01
    2.04691300e+01   -3.91363400e-01
    1.09395780e+01   -3.46282000e-01
    5.59036700e+00    1.94132700e-01
    2.88285900e+00    6.45198600e-01
    1.46608600e+00    4.23481300e-01
21  0
    2.05150520e+07   -5.50000000e-08
    4.64871640e+06   -2.89000000e-07
    1.31126460e+06   -1.23000000e-06
    4.26185860e+05   -4.51700000e-06
    1.53237060e+05   -1.48840000e-05
    5.94594040e+04   -4.52650000e-05
    2.44928120e+04   -1.28582000e-04
    1.05902530e+04   -3.45801000e-04
    4.76978410e+03   -8.78031000e-04
    2.22636980e+03   -2.10730000e-03
    1.07308620e+03   -4.68170000e-03
    5.32500590e+02   -9.45580000e-03
    2.71297550e+02   -1.62990000e-02
    1.41311950e+02   -2.12138000e-02
    7.45844330e+01   -9.89440000e-03
    3.82983380e+01    3.86379000e-02
    2.04691300e+01    1.18889300e-01
    1.09395780e+01    1.08899000e-01
    5.59036700e+00   -7.22079000e-02
    2.88285900e+00   -2.71800000e-01
    1.46608600e+00   -3.37166200e-01
1  0
    6.74839000e-01    1.00000000e+00
1  0
    3.46399000e-01    1.00000000e+00
1  0
    1.59289000e-01    1.00000000e+00
1  0
    7.21090000e-02    1.00000000e+00
13  1
    3.41661610e+04    3.22000000e-05
    8.08656080e+03    2.86800000e-04
    2.62651140e+03    1.66330000e-03
    1.00539500e+03    7.41250000e-03
    4.27127350e+02    2.67512000e-02
    1.95151130e+02    7.88944000e-02
    9.40543080e+01    1.82991600e-01
    4.69998800e+01    3.12494100e-01
    2.41174570e+01    3.44532200e-01
    1.25199820e+01    1.91643600e-01
    6.35732500e+00    3.87136000e-02
    3.16805200e+00    2.24180000e-03
    1.55348100e+00    7.20900000e-04
13  1
    3.41661610e+04   -1.26000000e-05
    8.08656080e+03   -1.11900000e-04
    2.62651140e+03   -6.51600000e-04
    1.00539500e+03   -2.91730000e-03
    4.27127350e+02   -1.06738000e-02
    1.95151130e+02   -3.22455000e-02
    9.40543080e+01   -7.79731000e-02
    4.69998800e+01   -1.40103800e-01
    2.41174570e+01   -1.60713200e-01
    1.25199820e+01   -7.67030000e-03
    6.35732500e+00    3.00798300e-01
    3.16805200e+00    4.71587800e-01
    1.55348100e+00    3.03206400e-01
13  1
    3.41661610e+04    2.80000000e-06
    8.08656080e+03    2.49000000e-05
    2.62651140e+03    1.45100000e-04
    1.00539500e+03    6.50400000e-04
    4.27127350e+02    2.38180000e-03
    1.95151130e+02    7.22070000e-03
    9.40543080e+01    1.75318000e-02
    4.69998800e+01    3.17414000e-02
    2.41174570e+01    3.65449000e-02
    1.25199820e+01   -1.60240000e-03
    6.35732500e+00   -8.24644000e-02
    3.16805200e+00   -1.34437200e-01
    1.55348100e+00   -1.05168600e-01
1  1
    7.10325000e-01    1.00000000e+00
1  1
    3.20955000e-01    1.00000000e+00
1  1
    1.39357000e-01    1.00000000e+00
1  1
    5.84100000e-02    1.00000000e+00
9  2
    1.42445060e+03    6.66000000e-05
    4.31066760e+02    6.53700000e-04
    1.68128640e+02    3.90410000e-03
    7.48667240e+01    1.63919000e-02
    3.59458550e+01    5.06232000e-02
    1.80984740e+01    1.21102100e-01
    9.40578000e+00    2.16816900e-01
    4.92390400e+00    2.88745200e-01
    2.55649300e+00    2.94776900e-01
1  2
    1.30423300e+00    1.00000000e+00
1  2
    6.37118000e-01    1.00000000e+00
1  2
    2.75795000e-01    1.00000000e+00
1  2
    1.15300000e-01    1.00000000e+00
1  3
    1.96000000e-01    1.00000000e+00
1  3
    3.85900000e-01    1.00000000e+00
1  3
    7.59900000e-01    1.00000000e+00
1  4
    3.70000000e-01    1.00000000e+00
1  4
    8.09200000e-01    1.00000000e+00
1  5
    6.77300000e-01    1.00000000e+00
