16
8  0
    4.98032422e+05    2.27401969e-04
    7.46568687e+04    1.76328164e-03
    1.69909600e+04    9.17280404e-03
    4.80962003e+03    3.73378293e-02
    1.56628871e+03    1.21995361e-01
    5.63213605e+02    2.91374753e-01
    2.19111800e+02    4.23263515e-01
    8.68660610e+01    2.29214643e-01
4  0
    5.38195125e+02   -2.52541973e-02
    1.67148502e+02   -1.19154611e-01
    2.76055172e+01    5.46284960e-01
    1.19478585e+01    5.30015210e-01
2  0
    1.85380231e+01   -2.34791881e-01
    3.20189857e+00    6.91670534e-01
1  0
    1.43565221e+00    1.00000000e+00
1  0
    3.18378052e-01    1.00000000e+00
1  0
    1.16226322e-01    1.00000000e+00
6  1
    2.67894215e+03    2.33189553e-03
    6.34617658e+02    1.90421500e-02
    2.03939676e+02    9.02297449e-02
    7.63238904e+01    2.61690377e-01
    3.06641249e+01    4.18571682e-01
    1.25050567e+01    2.34478302e-01
4  1
    4.92562295e+01   -2.12355399e-02
    7.72748915e+00    3.04702067e-01
    3.54104935e+00    5.28883731e-01
    1.69855855e+00    3.72722510e-01
1  1
    7.68480710e-01    1.00000000e+00
1  1
    3.00508233e-01    1.00000000e+00
1  1
    9.81906394e-02    1.00000000e+00
5  2
    1.35332893e+02    9.92911441e-03
    3.98602127e+01    6.65688435e-02
    1.44464284e+01    2.22757683e-01
    5.64329004e+00    4.03092244e-01
    2.16681886e+00    4.16716679e-01
1  2
    7.65149706e-01    1.00000000e+00
1  2
    4.24346530e-01    1.00000000e+00
1  2
    1.63315270e-01    1.00000000e+00
1  3
    4.32719410e-01    1.00000000e+00
