35
15  0
    4.69219000e+07    1.27587000e-06
    6.82292000e+06    1.02850000e-05
    1.53510000e+06    5.44022000e-05
    4.33853000e+05    2.29760000e-04
    1.41855000e+05    8.32464000e-04
    5.15429000e+04    2.68637000e-03
    2.03176000e+04    7.90738000e-03
    8.51971000e+03    2.16248000e-02
    3.75884000e+03    5.43935000e-02
    1.73153000e+03    1.24289000e-01
    8.36309000e+02    2.42128000e-01
    4.19478000e+02    4.01852000e-01
    2.12189000e+02    5.00000000e-01
    1.07926000e+02    3.57422000e-01
    5.42672000e+01    9.21300000e-02
7  0
    2.49767000e+03   -1.12029000e-03
    7.74919000e+02   -1.12546000e-02
    3.00496000e+02   -5.04961000e-02
    1.33466000e+02   -1.01710000e-01
    3.24750000e+01    3.43968000e-01
    1.71411000e+01    5.00000000e-01
    9.40869000e+00    2.57021000e-01
5  0
    1.29513000e+02    5.37926000e-03
    3.26876000e+01   -7.75984000e-02
    1.70064000e+01   -3.11899000e-01
    9.00428000e+00   -2.15177000e-01
    5.27318000e+00    5.00000000e-01
1  0
    2.59870000e+00    1.00000000e+00
1  0
    1.24318000e+00    1.00000000e+00
1  0
    4.42572000e-01    1.00000000e+00
1  0
    2.06836000e-01    1.00000000e+00
1  0
    8.70436000e-02    1.00000000e+00
7  1
    4.84852000e+05    9.79148000e-06
    7.45927000e+04    1.91830000e-04
    1.81020000e+04    1.70109000e-03
    6.02865000e+03    9.47142000e-03
    2.37173000e+03    4.12593000e-02
    1.04071000e+03    1.49921000e-01
    4.83852000e+02    5.00000000e-01
1  1
    2.34381000e+02    1.00000000e+00
1  1
    1.17496000e+02    1.00000000e+00
1  1
    6.06182000e+01    1.00000000e+00
1  1
    3.21974000e+01    1.00000000e+00
1  1
    1.72557000e+01    1.00000000e+00
1  1
    9.27128000e+00    1.00000000e+00
1  1
    4.77124000e+00    1.00000000e+00
1  1
    2.42537000e+00    1.00000000e+00
1  1
    1.19538000e+00    1.00000000e+00
1  1
    5.20821000e-01    1.00000000e+00
1  1
    2.40103000e-01    1.00000000e+00
1  1
    1.06626000e-01    1.00000000e+00
1  1
    4.39919000e-02    1.00000000e+00
8  2
    9.83751000e+02    2.63634000e-04
    2.99429000e+02    2.50117000e-03
    1.15685000e+02    1.44733000e-02
    5.11069000e+01    5.47815000e-02
    2.51916000e+01    1.43214000e-01
    1.28124000e+01    3.01903000e-01
    6.68680000e+00    4.47799000e-01
    3.50312000e+00    5.00000000e-01
1  2
    1.83577000e+00    1.00000000e+00
1  2
    9.43021000e-01    1.00000000e+00
1  2
    4.65023000e-01    1.00000000e+00
1  2
    2.09562000e-01    1.00000000e+00
1  2
    8.00000000e-02    1.00000000e+00
1  3
    6.36000000e+00    1.00000000e+00
1  3
    1.87000000e+00    1.00000000e+00
1  3
    5.50000000e-01    1.00000000e+00
1  3
    2.20000000e-01    1.00000000e+00
1  4
    1.69000000e+00    1.00000000e+00
1  4
    4.20000000e-01    1.00000000e+00
1  5
    6.30000000e-01    1.00000000e+00
