21
10  0
    2.05788000e+06    5.39326000e-05
    3.08298000e+05    4.19114000e-04
    7.01575000e+04    2.20001000e-03
    1.98658000e+04    9.22219000e-03
    6.47855000e+03    3.27896000e-02
    2.33791000e+03    9.99782000e-02
    9.12442000e+02    2.50211000e-01
    3.72372000e+02    4.76576000e-01
    1.58700000e+02    5.00000000e-01
    6.98379000e+01    1.85617000e-01
4  0
    5.51232000e+02   -2.23663000e-02
    1.69178000e+02   -1.08254000e-01
    2.74184000e+01    5.00000000e-01
    1.17777000e+01    4.88584000e-01
2  0
    1.89177000e+01   -1.63515000e-01
    3.19581000e+00    5.00000000e-01
1  0
    1.39883000e+00    1.00000000e+00
1  0
    3.55939000e-01    1.00000000e+00
1  0
    1.26297000e-01    1.00000000e+00
5  1
    4.94467000e+04    1.31053000e-04
    7.60719000e+03    2.64807000e-03
    1.80210000e+03    2.39940000e-02
    5.82150000e+02    1.30389000e-01
    2.21495000e+02    5.00000000e-01
1  1
    9.26243000e+01    1.00000000e+00
1  1
    4.09817000e+01    1.00000000e+00
1  1
    1.86580000e+01    1.00000000e+00
1  1
    8.43871000e+00    1.00000000e+00
1  1
    3.74674000e+00    1.00000000e+00
1  1
    1.58991000e+00    1.00000000e+00
1  1
    5.48443000e-01    1.00000000e+00
1  1
    2.10558000e-01    1.00000000e+00
1  1
    7.22323000e-02    1.00000000e+00
6  2
    3.25972000e+02    2.24656000e-03
    9.72115000e+01    1.89662000e-02
    3.66376000e+01    8.81658000e-02
    1.53399000e+01    2.46483000e-01
    6.82200000e+00    4.34516000e-01
    3.00048000e+00    5.00000000e-01
1  2
    1.26872000e+00    1.00000000e+00
1  2
    4.93096000e-01    1.00000000e+00
1  2
    1.68000000e-01    1.00000000e+00
1  3
    4.40000000e-01    1.00000000e+00
