27
12  0
    8.07977000e+06    1.04895000e-05
    1.21363000e+06    8.12466000e-05
    2.76722000e+05    4.26281000e-04
    7.84759000e+04    1.79679000e-03
    2.56057000e+04    6.52314000e-03
    9.23735000e+03    2.10384000e-02
    3.60220000e+03    6.04693000e-02
    1.48975000e+03    1.54181000e-01
    6.45165000e+02    3.25282000e-01
    2.91937000e+02    5.00000000e-01
    1.35978000e+02    4.52658000e-01
    6.32487000e+01    1.47597000e-01
7  0
    2.54828000e+03   -1.02177000e-03
    7.89800000e+02   -1.03313000e-02
    3.05926000e+02   -4.69183000e-02
    1.35221000e+02   -9.82608000e-02
    3.18566000e+01    3.50103000e-01
    1.60216000e+01    5.00000000e-01
    8.02498000e+00    1.94057000e-01
4  0
    2.58743000e+01   -1.00449000e-01
    1.35138000e+01   -2.11976000e-01
    4.26131000e+00    4.26882000e-01
    2.09910000e+00    5.00000000e-01
2  0
    2.55977000e+00    3.39259000e-01
    1.09456000e+00    5.00000000e-01
1  0
    5.21242000e-01    1.00000000e+00
1  0
    2.23733000e-01    1.00000000e+00
1  0
    9.08546000e-02    1.00000000e+00
6  1
    1.80656000e+05    2.93427000e-05
    2.77933000e+04    5.97685000e-04
    6.58903000e+03    5.54206000e-03
    2.14086000e+03    3.18259000e-02
    8.20350000e+02    1.39671000e-01
    3.49205000e+02    5.00000000e-01
1  1
    1.57597000e+02    1.00000000e+00
1  1
    7.49647000e+01    1.00000000e+00
1  1
    3.68821000e+01    1.00000000e+00
1  1
    1.83928000e+01    1.00000000e+00
1  1
    9.17557000e+00    1.00000000e+00
1  1
    4.54830000e+00    1.00000000e+00
1  1
    2.20124000e+00    1.00000000e+00
1  1
    1.03384000e+00    1.00000000e+00
1  1
    3.98753000e-01    1.00000000e+00
1  1
    1.57574000e-01    1.00000000e+00
1  1
    5.82080000e-02    1.00000000e+00
7  2
    7.07937000e+02    4.82233000e-04
    2.15143000e+02    4.37636000e-03
    8.36989000e+01    2.36321000e-02
    3.61643000e+01    9.04119000e-02
    1.66460000e+01    2.28792000e-01
    8.07976000e+00    4.05580000e-01
    3.92134000e+00    5.00000000e-01
1  2
    1.87480000e+00    1.00000000e+00
1  2
    8.62908000e-01    1.00000000e+00
1  2
    3.67385000e-01    1.00000000e+00
1  2
    1.10000000e-01    1.00000000e+00
1  3
    1.41000000e+00    1.00000000e+00
1  3
    3.50000000e-01    1.00000000e+00
1  4
    5.30000000e-01    1.00000000e+00
