16
6  0
    5.73690511e+05   -2.14234705e-04
    8.59881835e+04   -1.66187497e-03
    1.95714743e+04   -8.65618207e-03
    5.54603098e+03   -3.53140444e-02
    1.81783619e+03   -1.15231394e-01
    6.68636755e+02   -2.81926471e-01
2  0
    2.67387959e+02   -3.91335303e-01
    1.09413353e+02   -3.10526523e-01
1  0
    2.77377668e+01    1.00000000e+00
1  0
    1.22385287e+01    1.00000000e+00
1  0
    4.12659204e+00    1.00000000e+00
1  0
    1.68350203e+00    1.00000000e+00
1  0
    2.99540099e-01    1.00000000e+00
1  0
    1.13188666e-01    1.00000000e+00
3  1
    3.42509754e+03   -1.47373775e-03
    8.13087971e+02   -1.22014659e-02
    2.64284148e+02   -5.88573367e-02
3  1
    1.01512637e+02   -2.05731488e-01
    4.27223507e+01   -3.92863438e-01
    1.88451140e+01   -3.61963976e-01
1  1
    8.22544553e+00    1.00000000e+00
2  1
    3.47663635e+00   -5.96445534e-01
    1.42859183e+00   -3.50235924e-01
1  1
    3.71497951e-01    1.00000000e+00
1  1
    1.12447607e-01    1.00000000e+00
4  2
    8.44426216e+01    2.45204689e-02
    2.41880517e+01    1.41102243e-01
    8.40378336e+00    3.68743852e-01
    2.98119494e+00    4.84102901e-01
1  2
    9.79231238e-01    1.00000000e+00
