18
12  0
    2.63499023e+04    3.05371450e+00
    9.11761273e+03    5.56907140e+00
    3.15488312e+03    2.21466660e+01
    1.09165500e+03    3.52107294e+01
    6.42149981e+02    6.71893780e+00
    3.77735272e+02    1.68044997e+01
    2.22197213e+02   -7.53509590e+00
    7.68848444e+01    1.32913279e+01
    4.52263778e+01    2.31205976e+01
    2.66037509e+01    3.59020440e+00
    1.56492648e+01   -7.89927260e+00
    9.20544960e+00    3.32768830e+00
1  0
    5.41497020e+00    1.00000000e+00
1  0
    3.18527650e+00    1.00000000e+00
1  0
    1.87369200e+00    1.00000000e+00
1  0
    6.48336300e-01    1.00000000e+00
1  0
    3.81374300e-01    1.00000000e+00
1  0
    2.24337800e-01    1.00000000e+00
1  0
    1.31963400e-01    1.00000000e+00
2  1
    7.26373150e+00    1.00015000e-02
    2.41517050e+00   -2.79590000e-02
1  1
    8.19282600e-01    1.00000000e+00
1  1
    2.81334700e-01    1.00000000e+00
1  1
    9.70052000e-02    1.00000000e+00
3  2
    2.28613405e+01   -2.86150000e-03
    7.42191030e+00    1.14491000e-02
    2.48091020e+00   -1.20303000e-02
1  2
    8.44300100e-01    1.00000000e+00
1  2
    2.89075200e-01    1.00000000e+00
2  3
    2.80084270e+00   -2.93000000e-03
    9.55853800e-01    6.43880000e-03
1  3
    3.26207400e-01    1.00000000e+00
1  4
    8.92072600e-01    1.00000000e+00
