61
1  0
    4.41243000e+01    1.00000000e+00
1  0
    2.94319000e+01    1.00000000e+00
1  0
    1.68250000e+01    1.00000000e+00
1  0
    8.88948000e+00    1.00000000e+00
1  0
    6.20855000e+00    1.00000000e+00
1  0
    3.35551000e+00    1.00000000e+00
1  0
    1.80097000e+00    1.00000000e+00
1  0
    1.05881000e+00    1.00000000e+00
1  0
    6.71171000e-01    1.00000000e+00
1  0
    4.24491000e-01    1.00000000e+00
1  0
    3.04608000e-01    1.00000000e+00
1  0
    1.63383000e-01    1.00000000e+00
1  0
    8.46243000e-02    1.00000000e+00
1  1
    2.87825000e+01    1.00000000e+00
1  1
    1.23058000e+01    1.00000000e+00
1  1
    8.07824000e+00    1.00000000e+00
1  1
    5.97140000e+00    1.00000000e+00
1  1
    3.13028000e+00    1.00000000e+00
1  1
    1.92715000e+00    1.00000000e+00
1  1
    1.07751000e+00    1.00000000e+00
1  1
    6.68253000e-01    1.00000000e+00
1  1
    4.44410000e-01    1.00000000e+00
1  1
    2.80988000e-01    1.00000000e+00
1  1
    1.51019000e-01    1.00000000e+00
1  1
    8.45952000e-02    1.00000000e+00
1  2
    2.39608000e+01    1.00000000e+00
1  2
    1.28524000e+01    1.00000000e+00
1  2
    8.69610000e+00    1.00000000e+00
1  2
    4.41750000e+00    1.00000000e+00
1  2
    2.62343000e+00    1.00000000e+00
1  2
    1.33230000e+00    1.00000000e+00
1  2
    7.93629000e-01    1.00000000e+00
1  2
    5.42667000e-01    1.00000000e+00
1  2
    3.75831000e-01    1.00000000e+00
1  2
    2.13337000e-01    1.00000000e+00
1  2
    1.01069000e-01    1.00000000e+00
1  3
    1.66025000e+01    1.00000000e+00
1  3
    8.64929000e+00    1.00000000e+00
1  3
    4.32768000e+00    1.00000000e+00
1  3
    2.62493000e+00    1.00000000e+00
1  3
    1.37738000e+00    1.00000000e+00
1  3
    7.99130000e-01    1.00000000e+00
1  3
    5.72756000e-01    1.00000000e+00
1  3
    3.42507000e-01    1.00000000e+00
1  3
    1.81434000e-01    1.00000000e+00
1  4
    8.76339000e+00    1.00000000e+00
1  4
    4.27622000e+00    1.00000000e+00
1  4
    2.45744000e+00    1.00000000e+00
1  4
    1.39996000e+00    1.00000000e+00
1  4
    8.25869000e-01    1.00000000e+00
1  4
    5.24093000e-01    1.00000000e+00
1  4
    2.95455000e-01    1.00000000e+00
1  5
    5.32344000e+00    1.00000000e+00
1  5
    2.27751000e+00    1.00000000e+00
1  5
    1.17768000e+00    1.00000000e+00
1  5
    7.75746000e-01    1.00000000e+00
1  5
    4.42421000e-01    1.00000000e+00
1  6
    2.42073000e+00    1.00000000e+00
1  6
    1.28457000e+00    1.00000000e+00
1  6
    7.20921000e-01    1.00000000e+00
1  7
    1.36283000e+00    1.00000000e+00
