23
1  0
    1.02438000e+01    1.00000000e+00
1  0
    6.06327000e+00    1.00000000e+00
1  0
    3.58651000e+00    1.00000000e+00
1  0
    1.73124000e+00    1.00000000e+00
1  0
    6.75743000e-01    1.00000000e+00
1  0
    3.12508000e-01    1.00000000e+00
1  0
    1.84435000e-01    1.00000000e+00
1  1
    4.42713000e+00    1.00000000e+00
1  1
    3.40449000e+00    1.00000000e+00
1  1
    2.34249000e+00    1.00000000e+00
1  1
    9.48409000e-01    1.00000000e+00
1  1
    4.15732000e-01    1.00000000e+00
1  1
    2.56775000e-01    1.00000000e+00
1  2
    6.32599000e+00    1.00000000e+00
1  2
    3.16675000e+00    1.00000000e+00
1  2
    1.93550000e+00    1.00000000e+00
1  2
    5.08977000e-01    1.00000000e+00
1  2
    2.38674000e-01    1.00000000e+00
1  3
    3.32677000e+00    1.00000000e+00
1  3
    1.44735000e+00    1.00000000e+00
1  3
    4.34621000e-01    1.00000000e+00
1  4
    3.66691000e+00    1.00000000e+00
1  4
    8.14114000e-01    1.00000000e+00
