9
6  0
    3.04031000e+02    1.03100000e-03
    2.24085000e+01   -1.01869000e-01
    1.40490000e+01    5.63273000e-01
    7.58950000e+00   -1.10451200e+00
    1.89494000e+00    1.02636400e+00
    9.52358000e-01    3.83324000e-01
6  0
    3.04031000e+02    4.96000000e-04
    2.24085000e+01   -3.87430000e-02
    1.40490000e+01    2.49007000e-01
    7.58950000e+00   -5.51691000e-01
    1.89494000e+00    8.15558000e-01
    9.52358000e-01    2.86802000e-01
1  0
    3.17041000e-01    1.00000000e+00
1  0
    1.22490000e-01    1.00000000e+00
5  1
    1.20093000e+01    1.63181000e-01
    8.03300000e+00   -4.24413000e-01
    2.22393000e+00    7.03134000e-01
    1.02133000e+00    4.64168000e-01
    3.01266000e-01    3.02600000e-02
5  1
    1.20093000e+01   -5.83630000e-02
    8.03300000e+00    1.60631000e-01
    2.22393000e+00   -3.58942000e-01
    1.02133000e+00   -1.62123000e-01
    3.01266000e-01    6.24888000e-01
1  1
    9.99030000e-02    1.00000000e+00
5  2
    2.13084000e+01    6.14100000e-03
    7.02076000e+00   -7.06690000e-02
    2.76898000e+00    3.19020000e-01
    1.37314000e+00    5.04470000e-01
    6.36804000e-01    2.92481000e-01
1  2
    2.59300000e-01    1.00000000e+00
