22
9  0
    9.09028000e+03    3.50000000e-05
    1.37307000e+03    2.42000000e-04
    3.07950000e+02    8.15000000e-04
    4.80176000e+01    8.46500000e-03
    2.39099000e+01   -1.47333000e-01
    1.49334000e+01    6.32415000e-01
    9.33171000e+00   -6.16406000e-01
    5.83206000e+00   -6.19258000e-01
    2.28787000e+00    7.85124000e-01
3  0
    1.48057809e+01    1.57714736e-01
    1.18557836e+01   -2.80074908e-01
    2.58187824e+00    5.23594289e-01
1  0
    1.25372380e+00    1.00000000e+00
1  0
    6.14606920e-01    1.00000000e+00
1  0
    3.14867166e-01    1.00000000e+00
1  0
    1.54416692e-01    1.00000000e+00
1  0
    7.28664246e-02    1.00000000e+00
7  1
    1.24602000e+02    4.68000000e-04
    2.08899000e+01   -1.61240000e-02
    1.30585000e+01    1.71196000e-01
    8.16061000e+00   -4.08875000e-01
    5.09808000e+00   -1.64070000e-02
    2.37876000e+00    5.88172000e-01
    1.23755000e+00    5.00997000e-01
3  1
    8.79775843e+00   -2.38328102e-01
    8.09964315e+00    2.85858308e-01
    6.76297198e-01    4.60509360e-01
1  1
    6.07850179e-01    1.00000000e+00
1  1
    2.61165614e-01    1.00000000e+00
1  1
    1.19486113e-01    1.00000000e+00
1  1
    5.28990861e-02    1.00000000e+00
7  2
    7.61525842e+01    5.46451454e-04
    1.79820922e+01    7.04981167e-03
    5.89003166e+00   -5.97113310e-01
    5.60015031e+00    5.65172039e-01
    2.47826221e+00    3.23443183e-01
    1.39287503e+00    3.95112635e-01
    7.85605514e-01    2.70948389e-01
1  2
    4.41739787e-01    1.00000000e+00
1  2
    2.49847336e-01    1.00000000e+00
1  2
    1.27000000e-01    1.00000000e+00
1  3
    5.38900000e-01    1.00000000e+00
1  3
    2.28700000e-01    1.00000000e+00
1  3
    1.42372000e+00    1.00000000e+00
1  3
    3.00864212e+00    1.00000000e+00
1  4
    4.36300000e-01    1.00000000e+00
