At nelec 60
At ul
2      1.0000000              0.0000000        
At S
2     30.2008320             49.9571580        
2     13.6123060            283.2103710        
2      8.5293400             62.2810520        
At P
2     10.8540650             71.9823710        
2      9.4682290            143.9035320        
2      7.0311140              4.8717590        
2      6.1438580              8.9830590        
At D
2      8.3135150             36.3632370        
2      7.9989650             54.5489700        
2      5.1799660              9.7762850        
2      4.9422260             14.2647550        
At F
2      5.8121630             19.8701980        
2      5.7537150             26.4164520        
2      2.5134720              0.9949700        
2      2.5362610              1.4907010        
At G
2      9.8957780            -22.2232030        
2      9.7373340            -26.7154760        
2      3.0133310             -0.3730440        
2      3.0977630             -0.4859460        
