54
1  0
    6.72904000e+00    1.00000000e+00
1  0
    4.25557000e+00    1.00000000e+00
1  0
    3.02695000e+00    1.00000000e+00
1  0
    1.93008000e+00    1.00000000e+00
1  0
    9.73620000e-01    1.00000000e+00
1  0
    3.90185000e-01    1.00000000e+00
1  0
    1.78639000e-01    1.00000000e+00
1  0
    8.91196000e-02    1.00000000e+00
1  0
    4.12445000e-02    1.00000000e+00
1  0
    2.46280000e-02    1.00000000e+00
1  1
    7.42737000e+00    1.00000000e+00
1  1
    4.83927000e+00    1.00000000e+00
1  1
    3.40320000e+00    1.00000000e+00
1  1
    1.79308000e+00    1.00000000e+00
1  1
    8.65804000e-01    1.00000000e+00
1  1
    4.34123000e-01    1.00000000e+00
1  1
    2.20670000e-01    1.00000000e+00
1  1
    1.27573000e-01    1.00000000e+00
1  1
    6.71762000e-02    1.00000000e+00
1  1
    3.34824000e-02    1.00000000e+00
1  2
    4.59967000e+00    1.00000000e+00
1  2
    3.51245000e+00    1.00000000e+00
1  2
    2.61865000e+00    1.00000000e+00
1  2
    1.34902000e+00    1.00000000e+00
1  2
    6.83240000e-01    1.00000000e+00
1  2
    3.19530000e-01    1.00000000e+00
1  2
    1.89447000e-01    1.00000000e+00
1  2
    1.04591000e-01    1.00000000e+00
1  2
    5.65975000e-02    1.00000000e+00
1  3
    6.15755000e+00    1.00000000e+00
1  3
    3.28392000e+00    1.00000000e+00
1  3
    1.98570000e+00    1.00000000e+00
1  3
    9.51210000e-01    1.00000000e+00
1  3
    5.58083000e-01    1.00000000e+00
1  3
    2.24148000e-01    1.00000000e+00
1  3
    9.26347000e-02    1.00000000e+00
1  4
    9.22262000e+00    1.00000000e+00
1  4
    4.25558000e+00    1.00000000e+00
1  4
    2.51761000e+00    1.00000000e+00
1  4
    1.34968000e+00    1.00000000e+00
1  4
    5.73703000e-01    1.00000000e+00
1  4
    2.62937000e-01    1.00000000e+00
1  5
    3.46986000e+00    1.00000000e+00
1  5
    2.23558000e+00    1.00000000e+00
1  5
    9.02075000e-01    1.00000000e+00
1  6
    3.41164000e+00    1.00000000e+00
1  6
    1.86436000e+00    1.00000000e+00
1  0
    1.23184000e-02    1.00000000e+00
1  1
    1.67805000e-02    1.00000000e+00
1  2
    2.83628000e-02    1.00000000e+00
1  3
    4.71170000e-02    1.00000000e+00
1  4
    1.31609000e-01    1.00000000e+00
1  5
    4.21982000e-01    1.00000000e+00
1  6
    9.19621000e-01    1.00000000e+00
