40
1  0
    7.07094000e+00    1.00000000e+00
1  0
    4.44322000e+00    1.00000000e+00
1  0
    3.00102000e+00    1.00000000e+00
1  0
    2.06982000e+00    1.00000000e+00
1  0
    1.04205000e+00    1.00000000e+00
1  0
    4.86917000e-01    1.00000000e+00
1  0
    2.27157000e-01    1.00000000e+00
1  0
    1.12863000e-01    1.00000000e+00
1  1
    1.04420000e+01    1.00000000e+00
1  1
    5.46796000e+00    1.00000000e+00
1  1
    3.15309000e+00    1.00000000e+00
1  1
    1.96994000e+00    1.00000000e+00
1  1
    9.62044000e-01    1.00000000e+00
1  1
    4.88619000e-01    1.00000000e+00
1  1
    2.50631000e-01    1.00000000e+00
1  1
    1.26713000e-01    1.00000000e+00
1  2
    4.73312000e+00    1.00000000e+00
1  2
    3.18580000e+00    1.00000000e+00
1  2
    1.86044000e+00    1.00000000e+00
1  2
    8.46996000e-01    1.00000000e+00
1  2
    4.58593000e-01    1.00000000e+00
1  2
    2.06667000e-01    1.00000000e+00
1  3
    6.91524000e+00    1.00000000e+00
1  3
    3.03550000e+00    1.00000000e+00
1  3
    1.56156000e+00    1.00000000e+00
1  3
    8.57744000e-01    1.00000000e+00
1  3
    3.67994000e-01    1.00000000e+00
1  3
    2.00023000e-01    1.00000000e+00
1  4
    1.67066000e+00    1.00000000e+00
1  4
    2.51311000e+00    1.00000000e+00
1  4
    6.42960000e-01    1.00000000e+00
1  4
    3.30323000e-01    1.00000000e+00
1  5
    2.46732000e+00    1.00000000e+00
1  5
    1.38538000e+00    1.00000000e+00
1  0
    5.72284000e-02    1.00000000e+00
1  1
    6.39563000e-02    1.00000000e+00
1  2
    1.18613000e-01    1.00000000e+00
1  3
    1.14561000e-01    1.00000000e+00
1  4
    1.65000000e-01    1.00000000e+00
1  5
    6.77109000e-01    1.00000000e+00
