12
7  0
    3.80008000e+01    2.00090000e-02
    2.39725000e+01   -1.51679000e-01
    1.52182000e+01    3.63960000e-01
    5.53999000e+00   -8.21326000e-01
    1.38551000e+00    9.36641000e-01
    6.42461000e-01    4.23527000e-01
    1.56496000e-01    1.62500000e-02
7  0
    3.80008000e+01   -5.30400000e-03
    2.39725000e+01    4.63180000e-02
    1.52182000e+01   -1.19940000e-01
    5.53999000e+00    3.04062000e-01
    1.38551000e+00   -4.94501000e-01
    6.42461000e-01   -2.55516000e-01
    1.56496000e-01    6.09163000e-01
7  0
    3.80008000e+01    3.23400000e-02
    2.39725000e+01   -1.71762000e-01
    1.52182000e+01    3.39503000e-01
    5.53999000e+00   -7.46179000e-01
    1.38551000e+00    1.91749800e+00
    6.42461000e-01   -1.12993100e+00
    1.56496000e-01   -1.36628400e+00
1  0
    5.49100000e-02    1.00000000e+00
6  1
    1.03092000e+01    1.28217000e-01
    6.62765000e+00   -3.53790000e-01
    1.67447000e+00    5.66211000e-01
    8.01116000e-01    4.93171000e-01
    3.46879000e-01    1.13775000e-01
    1.22701000e-01    2.53400000e-03
6  1
    1.03092000e+01   -3.58850000e-02
    6.62765000e+00    1.02890000e-01
    1.67447000e+00   -2.00988000e-01
    8.01116000e-01   -2.01045000e-01
    3.46879000e-01    1.16549000e-01
    1.22701000e-01    5.94969000e-01
6  1
    1.03092000e+01   -7.72420000e-02
    6.62765000e+00    2.22611000e-01
    1.67447000e+00   -4.95353000e-01
    8.01116000e-01   -3.60747000e-01
    3.46879000e-01    7.10000000e-01
    1.22701000e-01    5.68839000e-01
1  1
    4.24280000e-02    1.00000000e+00
5  2
    1.10027000e+01    1.64670000e-02
    6.89166000e+00   -6.80130000e-02
    1.80808000e+00    2.99492000e-01
    8.21051000e-01    4.54303000e-01
    3.44161000e-01    3.44224000e-01
5  2
    1.10027000e+01   -2.36280000e-02
    6.89166000e+00    9.56720000e-02
    1.80808000e+00   -5.41294000e-01
    8.21051000e-01   -3.95533000e-01
    3.44161000e-01    6.19165000e-01
1  2
    1.29743000e-01    1.00000000e+00
1  3
    8.91900000e-01    1.00000000e+00
