23
9   0
    1.40384000e+03   1.04416765E-05
    6.16103000e+01  -1.85458778E-03
    3.84670000e+01   2.52941674E-02
    2.40230000e+01  -1.50268098E-01 
    1.49251000e+01  3.70367727E-01
    7.39795000e+00  -2.76923091E-01
    4.62192000e+00  -5.36443622E-01
    1.71961000e+00   2.26130175E-01
    9.55604000e-01   1.11579181E+00
8   0
    6.16103000e+01    8.78364883E-06
    2.40230000e+01   -1.84023975E-04
    7.39795000e+00    4.27296253E-03
    1.71961000e+00   -1.88074023E-01
    9.55604000e-01    7.82592428E-01
    4.95584000e-01   -1.14437327E+00
    2.03770000e-01   -5.39738288E-01
    8.83320000e-02    1.64160268E+00
8   0
    6.16103000e+01   1.55369862E-05
    2.40230000e+01  -4.03424248E-04
    7.39795000e+00   2.70323850E-02
    4.62192000e+00  -1.00473756E-01
    1.71961000e+00   6.79510024E-01
    9.55604000e-01  -1.32252836E+00
    4.95584000e-01   1.26392806E-01
    2.03770000e-01   1.35892089E+00
9   0
    1.40384000e+03  -1.32421516E-06
    6.16103000e+01  -2.08483619E-04
    2.40230000e+01   1.05586228E-02
    1.49251000e+01  -4.70133214E-02
    7.39795000e+00   4.98099079E-02
    4.62192000e+00   2.64648728E-01
    1.71961000e+00  -1.29808347E+00
    9.55604000e-01   2.73492764E-01
    4.95584000e-01   1.44864569E+00
9   0
    1.40384000e+03  -9.03278161E-06
    9.88655000e+01  -1.97173451E-03
    6.16103000e+01   1.30383980E-02
    3.84670000e+01  -6.51987093E-02
    2.40230000e+01   2.74364611E-01
    1.49251000e+01  -6.22680937E-01
    7.39795000e+00   5.10886769E-01
    4.62192000e+00   9.02492201E-01
    1.71961000e+00  -1.72796395E+00
1  0
    3.83800000e-02    1.00000000e+00
6  1
    2.38975000e+01  -4.56539294E-04
    6.09746000e+00   3.11790537E-02
    1.77645000e+00  -5.64781106E-01
    9.43333000e-01   5.09010205E-01
    5.07586000e-01   9.96922253E-01
    1.26561000e-01  -2.50234108E-01
6  1
    2.38975000e+01  -4.98854092E-05
    6.09746000e+00   1.63855240E-03
    9.43333000e-01  -5.62032930E-02
    2.78819000e-01  -6.74111040E-02
    1.26561000e-01   4.01245989E-01
    5.76300000e-02   6.94558166E-01
6  1
    2.38975000e+01  -1.31781551E-04
    6.09746000e+00   5.12336837E-03
    9.43333000e-01  -2.71965370E-01
    5.07586000e-01   8.74068552E-02
    2.78819000e-01   6.96136721E-01
    1.26561000e-01   4.12661760E-01
6  1
    2.38975000e+01   2.01409410E-02
    1.49411000e+01  -1.07918747E-01
    6.09746000e+00   5.29506084E-01
    1.77645000e+00  -1.78022660E+00
    9.43333000e-01   6.59071523E-01
    1.26561000e-01   4.16655431E-01
6  1
    3.82384000e+01    3.92094634E-03
    2.38975000e+01   -2.22521114E-02
    1.49411000e+01    5.96304754E-02
    6.09746000e+00   -1.85983838E-01
    9.43333000e-01    9.32717386E-01
    1.26561000e-01    2.59578888E-01
1  1
    2.58940000e-02    1.00000000e+00
6  2
  6.38112000E+01 -2.72237276E-06
  1.29143000E+01  2.96032873E-04
  2.07087000E+00 -5.41766453E-02
  6.06778000E-01  2.44497331E-01
  3.12442000E-01  4.82882363E-01
  1.54044000E-01  3.87337041E-01
6  2
  6.38112000E+01 -2.06534124E-05
  1.29143000E+01 -7.22379105E-04
  2.07087000E+00  2.91190682E-01
  1.13769000E+00 -6.11905333E-01
  6.06778000E-01 -6.62611082E-01
  1.54044000E-01  9.49018699E-02
6  2
  6.38112000E+01  2.64075060E-05
  1.29143000E+01  2.14667279E-02
  6.35571000E+00 -1.87469578E-01
  2.07087000E+00  1.05242207E+00
  1.13769000E+00  1.17285395E-02
  1.54044000E-01 -3.70541230E-01
6  2
  6.38112000E+01  4.33917291E-04
  2.07582000E+01 -4.85123542E-03
  1.29143000E+01  1.77611986E-02
  6.35571000E+00 -6.57494822E-02
  1.13769000E+00  8.46699501E-01
  1.54044000E-01  4.03506176E-01 
1  2
    7.11190000e-02    1.00000000e+00
1  3
    1.87250000e+00    1.00000000e+00
1  3
    7.96000000e-01    1.00000000e+00
1  3
    3.38400000e-01    1.00000000e+00
1  4
    1.90370000e+00    1.00000000e+00
1  4
    7.01800000e-01    1.00000000e+00
1  5
    1.26720000e+00    1.00000000e+00
