58
1  0
    1.49398000e+01    1.00000000e+00
1  0
    8.81150000e+00    1.00000000e+00
1  0
    5.78854000e+00    1.00000000e+00
1  0
    3.82043000e+00    1.00000000e+00
1  0
    2.29399000e+00    1.00000000e+00
1  0
    1.56161000e+00    1.00000000e+00
1  0
    8.24491000e-01    1.00000000e+00
1  0
    3.90185000e-01    1.00000000e+00
1  0
    1.78639000e-01    1.00000000e+00
1  0
    8.91196000e-02    1.00000000e+00
1  0
    4.12445000e-02    1.00000000e+00
1  0
    2.46280000e-02    1.00000000e+00
1  1
    1.52234000e+01    1.00000000e+00
1  1
    9.16034000e+00    1.00000000e+00
1  1
    6.17632000e+00    1.00000000e+00
1  1
    4.21039000e+00    1.00000000e+00
1  1
    2.64816000e+00    1.00000000e+00
1  1
    1.79308000e+00    1.00000000e+00
1  1
    8.65804000e-01    1.00000000e+00
1  1
    4.34123000e-01    1.00000000e+00
1  1
    2.20670000e-01    1.00000000e+00
1  1
    1.27573000e-01    1.00000000e+00
1  1
    6.71762000e-02    1.00000000e+00
1  1
    3.34824000e-02    1.00000000e+00
1  2
    1.31285000e+01    1.00000000e+00
1  2
    8.66350000e+00    1.00000000e+00
1  2
    5.47292000e+00    1.00000000e+00
1  2
    3.55275000e+00    1.00000000e+00
1  2
    2.41031000e+00    1.00000000e+00
1  2
    1.34902000e+00    1.00000000e+00
1  2
    6.83240000e-01    1.00000000e+00
1  2
    3.19530000e-01    1.00000000e+00
1  2
    1.89447000e-01    1.00000000e+00
1  2
    1.04591000e-01    1.00000000e+00
1  2
    5.65975000e-02    1.00000000e+00
1  3
    1.17680000e+01    1.00000000e+00
1  3
    5.82607000e+00    1.00000000e+00
1  3
    4.44183000e+00    1.00000000e+00
1  3
    2.87555000e+00    1.00000000e+00
1  3
    1.83426000e+00    1.00000000e+00
1  3
    9.51210000e-01    1.00000000e+00
1  3
    5.58083000e-01    1.00000000e+00
1  3
    2.24148000e-01    1.00000000e+00
1  3
    9.26347000e-02    1.00000000e+00
1  4
    1.00078000e+01    1.00000000e+00
1  4
    5.77353000e+00    1.00000000e+00
1  4
    3.88084000e+00    1.00000000e+00
1  4
    2.20945000e+00    1.00000000e+00
1  4
    1.02080000e+00    1.00000000e+00
1  4
    5.73703000e-01    1.00000000e+00
1  4
    2.62937000e-01    1.00000000e+00
1  5
    6.77628000e+00    1.00000000e+00
1  5
    3.81177000e+00    1.00000000e+00
1  5
    1.98331000e+00    1.00000000e+00
1  5
    9.02075000e-01    1.00000000e+00
1  6
    6.67073000e+00    1.00000000e+00
1  6
    3.87713000e+00    1.00000000e+00
1  6
    1.86436000e+00    1.00000000e+00
