16
3  0
    3.00000000e+01    2.07492311e-01
    2.70000000e+01   -3.32678934e-01
    1.47468243e+01    3.83028180e-01
1  0
    5.60172489e+00    1.00000000e+00
1  0
    1.38741624e+00    1.00000000e+00
1  0
    6.29230320e-01    1.00000000e+00
1  0
    1.40275176e-01    1.00000000e+00
1  0
    4.93794138e-02    1.00000000e+00
4  1
    1.55000000e+01    1.50017119e-01
    1.40000000e+01   -2.36098132e-01
    6.42273682e+00    3.14588969e-01
    1.65956017e+00   -5.72796704e-01
1  1
    7.94029140e-01    1.00000000e+00
1  1
    3.51251554e-01    1.00000000e+00
1  1
    4.50000000e-02    1.00000000e+00
4  2
    9.55240987e+00    4.01455595e-02
    7.26988869e+00   -9.36909066e-02
    1.77464968e+00    3.17462823e-01
    7.99605411e-01    4.67951925e-01
1  2
    3.32522794e-01    1.00000000e+00
1  2
    1.24451331e-01    1.00000000e+00
1  3
    1.42469000e+00    1.00000000e+00
1  3
    4.68340000e-01    1.00000000e+00
1  4
    1.14690000e+00    1.00000000e+00
