22
3  0
    2.42000000e+01    1.46450044e+00
    2.20000000e+01   -3.97701905e+00
    2.00000000e+01    2.72980335e+00
1  0
    5.40435530e+00    1.00000000e+00
1  0
    1.45325468e+00    1.00000000e+00
1  0
    6.82942984e-01    1.00000000e+00
1  0
    1.90027553e-01    1.00000000e+00
1  0
    8.81559817e-02    1.00000000e+00
1  0
    3.77395552e-02    1.00000000e+00
4  1
    1.55000000e+01    1.50017119e-01
    1.40000000e+01   -2.36098132e-01
    6.42273682e+00    3.14588969e-01
    1.65956017e+00   -5.72796704e-01
1  1
    7.94029140e-01    1.00000000e+00
1  1
    3.51251554e-01    1.00000000e+00
1  1
    8.10000000e-02    1.00000000e+00
1  1
    2.50000000e-02    1.00000000e+00
3  2
    8.60000000e+00    1.53616547e-01
    7.85318994e+00   -2.04435307e-01
    1.76508568e+00    3.07818116e-01
1  2
    7.94822633e-01    1.00000000e+00
1  2
    3.30853964e-01    1.00000000e+00
1  2
    1.23985358e-01    1.00000000e+00
1  3
    1.76074000e+00    1.00000000e+00
1  3
    7.24820000e-01    1.00000000e+00
1  3
    2.98380000e-01    1.00000000e+00
1  3
    1.22830000e-01    1.00000000e+00
1  4
    1.69917000e+00    1.00000000e+00
1  4
    6.59410000e-01    1.00000000e+00
