Au nelec 60
Au ul
2      1.0000000              0.0000000        
Au S
2     13.5232180            426.6418670        
2      6.2643840             36.8006680        
Au P
2     11.4138670             87.0020910        
2     10.3292150            174.0043700        
2      5.7074240              8.8706100        
2      4.8281650             17.9024380        
Au D
2      7.4309630             49.8836550        
2      8.3219900             74.6845490        
2      4.6096420              6.4862270        
2      3.5115070              9.5468210        
Au F
2      3.0846390              8.7916400        
2      3.0247430             11.6584560        
Au G
2      3.9784420             -5.2343370        
2      4.0114910             -6.7381420        
