52
1  0
    2.30686551e+07    1.00000000e+00
1  0
    9.35879910e+06    1.00000000e+00
1  0
    3.89415988e+06    1.00000000e+00
1  0
    1.66159894e+06    1.00000000e+00
1  0
    7.26887450e+05    1.00000000e+00
1  0
    3.25936086e+05    1.00000000e+00
1  0
    1.49762473e+05    1.00000000e+00
1  0
    7.04927101e+04    1.00000000e+00
1  0
    3.39785643e+04    1.00000000e+00
1  0
    1.67655275e+04    1.00000000e+00
1  0
    8.46436938e+03    1.00000000e+00
1  0
    4.37051179e+03    1.00000000e+00
1  0
    2.30677916e+03    1.00000000e+00
1  0
    1.24385998e+03    1.00000000e+00
1  0
    6.84800165e+02    1.00000000e+00
1  0
    3.84677858e+02    1.00000000e+00
1  0
    2.20325182e+02    1.00000000e+00
1  0
    1.28568815e+02    1.00000000e+00
1  0
    7.63766848e+01    1.00000000e+00
1  0
    4.61494883e+01    1.00000000e+00
1  0
    2.83373671e+01    1.00000000e+00
1  0
    1.76653754e+01    1.00000000e+00
1  0
    1.11691580e+01    1.00000000e+00
1  0
    7.15476655e+00    1.00000000e+00
1  0
    4.63844070e+00    1.00000000e+00
1  0
    3.03987643e+00    1.00000000e+00
1  0
    2.01157498e+00    1.00000000e+00
1  0
    1.34241398e+00    1.00000000e+00
1  0
    9.02332200e-01    1.00000000e+00
1  0
    6.10132320e-01    1.00000000e+00
1  0
    4.14473740e-01    1.00000000e+00
1  0
    2.82497980e-01    1.00000000e+00
1  0
    1.92931520e-01    1.00000000e+00
1  0
    1.31850340e-01    1.00000000e+00
1  1
    7.57228860e+00    1.00000000e+00
1  1
    2.69985440e+00    1.00000000e+00
1  1
    9.63572900e-01    1.00000000e+00
1  1
    3.44102400e-01    1.00000000e+00
1  1
    1.22907100e-01    1.00000000e+00
1  2
    6.80278100e+00    1.00000000e+00
1  2
    2.96256000e+00    1.00000000e+00
1  2
    1.30827940e+00    1.00000000e+00
1  2
    5.82648100e-01    1.00000000e+00
1  2
    2.60221600e-01    1.00000000e+00
1  3
    1.97545300e+00    1.00000000e+00
1  3
    8.15756600e-01    1.00000000e+00
1  3
    3.40812800e-01    1.00000000e+00
1  4
    2.38130564e+01    1.00000000e+00
1  4
    6.83610424e+00    1.00000000e+00
1  4
    2.37697617e+00    1.00000000e+00
1  4
    9.46440000e-01    1.00000000e+00
1  4
    3.96000000e-01    1.00000000e+00
