50
12  0
    6.40367536e+04    2.40000835e-05
    1.07209349e+04    1.73419084e-04
    2.34013921e+03    1.00430367e-03
    6.33674909e+02    4.39058446e-03
    2.03211348e+02    1.56522556e-02
    7.39578210e+01    4.67006663e-02
    2.94006370e+01    1.18310272e-01
    1.23468980e+01    2.42652885e-01
    5.32618300e+00    3.71589302e-01
    2.30846500e+00    2.96702750e-01
    9.89603000e-01    5.86730466e-02
    4.15936000e-01    1.70804383e-04
9  0
    7.39578210e+01   -2.36522225e-04
    2.94006370e+01   -1.33653208e-03
    1.23468980e+01   -7.43901430e-03
    5.32618300e+00   -2.92753630e-02
    2.30846500e+00   -8.09750546e-02
    9.89603000e-01   -1.01489132e-02
    4.15936000e-01    3.19393956e-01
    1.71183000e-01    5.50563678e-01
    6.94500000e-02    2.41444677e-01
1  0
    1.03955118e+02    1.00000000e+00
1  0
    4.83670450e+01    1.00000000e+00
1  0
    2.25036640e+01    1.00000000e+00
1  0
    1.04702470e+01    1.00000000e+00
1  0
    4.87147600e+00    1.00000000e+00
1  0
    2.13953000e+00    1.00000000e+00
1  0
    9.39680000e-01    1.00000000e+00
1  0
    3.98004000e-01    1.00000000e+00
1  0
    1.68576000e-01    1.00000000e+00
1  0
    7.14010000e-02    1.00000000e+00
1  0
    2.63208290e-02    1.00000000e+00
8  1
    6.82873330e+01    7.89427395e-04
    1.61928200e+01    6.20554466e-03
    5.04000800e+00    2.71501031e-02
    1.82433000e+00    8.87569866e-02
    7.15243000e-01    2.24192654e-01
    2.92090000e-01    3.73180530e-01
    1.21196000e-01    3.75972285e-01
    4.96560000e-02    1.38868592e-01
1  1
    1.44083949e+02    1.00000000e+00
1  1
    6.32227240e+01    1.00000000e+00
1  1
    2.77415550e+01    1.00000000e+00
1  1
    1.21727420e+01    1.00000000e+00
1  1
    5.34128800e+00    1.00000000e+00
1  1
    2.32477600e+00    1.00000000e+00
1  1
    1.01185100e+00    1.00000000e+00
1  1
    4.15225000e-01    1.00000000e+00
1  1
    1.70392000e-01    1.00000000e+00
1  1
    6.99220000e-02    1.00000000e+00
1  1
    2.00185729e-02    1.00000000e+00
1  2
    9.18354870e+01    1.00000000e+00
1  2
    3.81009790e+01    1.00000000e+00
1  2
    1.58074470e+01    1.00000000e+00
1  2
    6.55824100e+00    1.00000000e+00
1  2
    3.05660000e+00    1.00000000e+00
1  2
    1.42459000e+00    1.00000000e+00
1  2
    6.51946000e-01    1.00000000e+00
1  2
    2.98355000e-01    1.00000000e+00
1  2
    1.36538000e-01    1.00000000e+00
1  2
    6.24847000e-02    1.00000000e+00
1  3
    6.41241500e+01    1.00000000e+00
1  3
    2.46268270e+01    1.00000000e+00
1  3
    9.45791300e+00    1.00000000e+00
1  3
    3.46736800e+00    1.00000000e+00
1  3
    1.27117300e+00    1.00000000e+00
1  3
    5.94472000e-01    1.00000000e+00
1  3
    2.78009000e-01    1.00000000e+00
1  3
    1.30012800e-01    1.00000000e+00
1  4
    4.46230390e+01    1.00000000e+00
1  4
    1.53496440e+01    1.00000000e+00
1  4
    4.02947600e+00    1.00000000e+00
1  4
    1.05778900e+00    1.00000000e+00
1  4
    4.51202000e-01    1.00000000e+00
1  4
    1.92461100e-01    1.00000000e+00
1  5
    7.89399986e-01    1.00000000e+00
