8
6  0
    2.85889000e+03    2.15375000e-03
    4.28140000e+02    1.65823000e-02
    9.75282000e+01    8.21870000e-02
    2.79693000e+01    2.76618000e-01
    8.21577000e+00    6.29316000e-01
    1.11278000e+00    1.73770000e-01
3  0
    1.32415000e+01    1.17443000e-01
    3.00166000e+00    9.18002000e-01
    9.12856000e-01   -2.65105000e-03
3  1
    1.32415000e+01    4.18100000e-02
    3.00166000e+00    2.36575000e-01
    9.12856000e-01    8.16214000e-01
1  0
    3.15454000e-01    1.00000000e+00
1  1
    3.15454000e-01    1.00000000e+00
1  0
    9.88563000e-02    1.00000000e+00
1  1
    9.88563000e-02    1.00000000e+00
1  2
    4.01000000e-01    1.00000000e+00
