44
18  0
    6.39096480e+05    1.45000000e-06
    9.56815140e+04    1.13000000e-05
    2.17730830e+04    5.94900000e-05
    6.16729350e+03    2.51280000e-04
    2.01208270e+03    9.15980000e-04
    7.26468500e+02    2.98347000e-03
    2.83446900e+02    8.86888000e-03
    1.17531230e+02    2.41465400e-02
    5.13076300e+01    5.93128100e-02
    2.33443180e+01    1.28122550e-01
    1.09633750e+01    2.31005970e-01
    5.29336700e+00    3.17350670e-01
    2.62057200e+00    2.73074850e-01
    1.30393200e+00    1.03059150e-01
    5.51666000e-01    7.34879000e-03
    2.57085000e-01   -4.51400000e-04
    1.18627000e-01    3.57860000e-04
    5.44450000e-02   -3.79100000e-05
1  0
    2.62057200e+00    1.00000000e+00
1  0
    1.30393200e+00    1.00000000e+00
1  0
    5.51666000e-01    1.00000000e+00
1  0
    2.57085000e-01    1.00000000e+00
18  0
    6.39096480e+05   -2.90000000e-07
    9.56815140e+04   -2.28000000e-06
    2.17730830e+04   -1.20200000e-05
    6.16729350e+03   -5.07100000e-05
    2.01208270e+03   -1.85340000e-04
    7.26468500e+02   -6.03290000e-04
    2.83446900e+02   -1.80636000e-03
    1.17531230e+02   -4.94981000e-03
    5.13076300e+01   -1.24689700e-02
    2.33443180e+01   -2.79376100e-02
    1.09633750e+01   -5.50995800e-02
    5.29336700e+00   -8.99521600e-02
    2.62057200e+00   -1.19472960e-01
    1.30393200e+00   -6.85224700e-02
    5.51666000e-01    1.69982010e-01
    2.57085000e-01    4.39594300e-01
    1.18627000e-01    4.26250990e-01
    5.44450000e-02    1.12962800e-01
1  0
    1.18627000e-01    1.00000000e+00
1  0
    5.44450000e-02    1.00000000e+00
1  0
    2.49880000e-02    1.00000000e+00
1  1
    1.28677300e+00    1.00000000e+00
1  1
    6.22567000e-01    1.00000000e+00
1  1
    3.04538000e-01    1.00000000e+00
12  1
    5.03769540e+02    2.53500000e-05
    1.19031810e+02    2.24580000e-04
    3.86422720e+01    1.25339000e-03
    1.47527930e+01    5.09820000e-03
    6.19078900e+00    1.60518800e-02
    2.75602700e+00    4.30331500e-02
    1.28677300e+00    1.02015140e-01
    6.22567000e-01    1.97521530e-01
    3.04538000e-01    2.96953620e-01
    1.48987000e-01    3.24693860e-01
    7.28770000e-02    2.06064600e-01
    3.49220000e-02    4.28974800e-02
1  1
    1.48987000e-01    1.00000000e+00
1  1
    7.28770000e-02    1.00000000e+00
1  1
    3.49220000e-02    1.00000000e+00
1  1
    1.67340000e-02    1.00000000e+00
1  2
    3.60597800e+00    1.00000000e+00
1  2
    1.71900300e+00    1.00000000e+00
1  2
    8.19465000e-01    1.00000000e+00
1  2
    3.90646000e-01    1.00000000e+00
1  2
    1.86225000e-01    1.00000000e+00
1  2
    8.87750000e-02    1.00000000e+00
1  2
    4.23200000e-02    1.00000000e+00
1  3
    2.18086800e+00    1.00000000e+00
1  3
    1.14964200e+00    1.00000000e+00
1  3
    6.06033000e-01    1.00000000e+00
1  3
    3.19470000e-01    1.00000000e+00
1  3
    1.68408000e-01    1.00000000e+00
1  3
    8.87760000e-02    1.00000000e+00
1  4
    2.33466500e+00    1.00000000e+00
1  4
    1.19782800e+00    1.00000000e+00
1  4
    6.14560000e-01    1.00000000e+00
1  4
    3.15307000e-01    1.00000000e+00
1  4
    1.61772000e-01    1.00000000e+00
1  5
    1.88024500e+00    1.00000000e+00
1  5
    9.29808000e-01    1.00000000e+00
1  5
    4.59803000e-01    1.00000000e+00
1  5
    2.27379000e-01    1.00000000e+00
1  6
    1.56820300e+00    1.00000000e+00
1  6
    6.97011000e-01    1.00000000e+00
1  6
    3.09797000e-01    1.00000000e+00
1  7
    1.29200000e+00    1.00000000e+00
1  7
    5.74200000e-01    1.00000000e+00
