11
9  0
    4.57000000e+03    6.96000000e-04
    6.85900000e+02    5.35300000e-03
    1.56500000e+02    2.71340000e-02
    4.44700000e+01    1.01380000e-01
    1.44800000e+01    2.72055000e-01
    5.13100000e+00    4.48403000e-01
    1.89800000e+00    2.90123000e-01
    3.32900000e-01    1.43220000e-02
    1.04300000e-01   -3.48600000e-03
9  0
    4.57000000e+03   -1.39000000e-04
    6.85900000e+02   -1.09700000e-03
    1.56500000e+02   -5.44400000e-03
    4.44700000e+01   -2.19160000e-02
    1.44800000e+01   -5.97510000e-02
    5.13100000e+00   -1.38732000e-01
    1.89800000e+00   -1.31482000e-01
    3.32900000e-01    5.39526000e-01
    1.04300000e-01    5.80774000e-01
1  0
    1.04300000e-01    1.00000000e+00
1  0
    2.46300000e+00    1.00000000e+00
1  0
    3.10500000e-02    1.00000000e+00
4  1
    6.00100000e+00    3.54810000e-02
    1.24100000e+00    1.98072000e-01
    3.36400000e-01    5.05230000e-01
    9.53800000e-02    4.79499000e-01
1  1
    9.53800000e-02    1.00000000e+00
1  1
    4.56600000e+00    1.00000000e+00
1  1
    2.37800000e-02    1.00000000e+00
1  2
    3.43000000e-01    1.00000000e+00
1  2
    9.04000000e-02    1.00000000e+00
