13
10  0
    2.04223060e+01   -1.94900000e-03
    1.26621200e+01    1.78670000e-02
    7.85140400e+00   -7.90580000e-02
    4.86935500e+00    1.95416000e-01
    3.01961800e+00   -1.90732000e-01
    1.86985000e+00   -8.10010000e-02
    8.44008000e-01    2.11050000e-02
    3.57117000e-01    3.91057000e-01
    1.48564000e-01    5.32810000e-01
    6.27520000e-02    1.84839000e-01
1  0
    6.08842000e-01    1.00000000e+00
1  0
    9.11570000e-02    1.00000000e+00
1  0
    4.12450000e-02    1.00000000e+00
10  1
    2.97070610e+01    9.50000000e-04
    1.84177930e+01   -5.24800000e-03
    1.14185170e+01    1.52820000e-02
    7.07914000e+00   -2.81830000e-02
    3.45498200e+00    6.01120000e-02
    1.44860000e+00    1.00929000e-01
    6.11236000e-01    2.45447000e-01
    2.55147000e-01    3.82399000e-01
    1.07884000e-01    3.44455000e-01
    4.54880000e-02    1.06969000e-01
1  1
    2.66359000e-01    1.00000000e+00
1  1
    8.72040000e-02    1.00000000e+00
1  1
    2.03940000e-02    1.00000000e+00
1  2
    6.77638000e-01    1.00000000e+00
1  2
    2.03694000e-01    1.00000000e+00
1  2
    6.09630000e-02    1.00000000e+00
1  3
    5.01812000e-01    1.00000000e+00
1  3
    1.66685000e-01    1.00000000e+00
