10
10   0
   5473.0000000              0.0005550
    820.9000000              0.0042910
    186.8000000              0.0219490
     52.8300000              0.0844410
     17.0800000              0.2385570
      5.9990000              0.4350720
      2.2080000              0.3419550
      0.5879000              0.0368560
      0.2415000             -0.0095450
      0.0861000              0.0023680
10   0
   5473.0000001             -0.0001120
    820.9000001             -0.0008680
    186.8000001             -0.0044840
     52.8300001             -0.0176830
     17.0800001             -0.0536390
      5.9990001             -0.1190050
      2.2080001             -0.1658240
      0.5879001              0.1201070
      0.2415001              0.5959810
      0.0861001              0.4110210
1     0
      0.5879002              1.0000000
1     0
      0.0861002              1.0000000        
5     1
     12.0500000              0.0131180
      2.6130000              0.0798960
      0.7475000              0.2772750
      0.2385000              0.5042700
      0.0769800              0.3536800
1     1
      0.2385001              1.0000000
1     1
      0.0769801              1.0000000        
1     2
      0.6610000              1.0000000
1     2
      0.1990000              1.0000000        
1     3
      0.4900000              1.0000000
