41
11  0
    2.10400000e+05    5.83000000e-06
    3.15000000e+04    4.53200000e-05
    7.16900000e+03    2.38380000e-04
    2.03000000e+03    1.00570000e-03
    6.62500000e+02    3.64496000e-03
    2.39200000e+02    1.17362800e-02
    9.32600000e+01    3.38070200e-02
    3.86400000e+01    8.55659300e-02
    1.67800000e+01    1.82603220e-01
    7.54100000e+00    3.05837600e-01
    3.48200000e+00    3.40803470e-01
11  0
    2.10400000e+05   -1.18000000e-06
    3.15000000e+04   -9.15000000e-06
    7.16900000e+03   -4.81900000e-05
    2.03000000e+03   -2.03060000e-04
    6.62500000e+02   -7.39170000e-04
    2.39200000e+02   -2.38603000e-03
    9.32600000e+01   -6.98654000e-03
    3.86400000e+01   -1.81159400e-02
    1.67800000e+01   -4.12312900e-02
    7.54100000e+00   -7.78135300e-02
    3.48200000e+00   -1.21231810e-01
1  0
    1.61800000e+00    1.00000000e+00
1  0
    6.27000000e-01    1.00000000e+00
1  0
    2.93400000e-01    1.00000000e+00
1  0
    1.31000000e-01    1.00000000e+00
1  0
    5.81500000e-02    1.00000000e+00
1  0
    2.30000000e-02    1.00000000e+00
1  0
    9.10000000e-03    1.00000000e+00
5  1
    1.92500000e+02    1.34900000e-04
    4.56400000e+01    1.14741000e-03
    1.47500000e+01    5.84793000e-03
    5.50300000e+00    2.11709100e-02
    2.22200000e+00    6.26687200e-02
1  1
    9.59000000e-01    1.00000000e+00
1  1
    4.31400000e-01    1.00000000e+00
1  1
    1.96900000e-01    1.00000000e+00
1  1
    9.03300000e-02    1.00000000e+00
1  1
    4.06600000e-02    1.00000000e+00
1  1
    1.36500000e-02    1.00000000e+00
1  1
    4.58000000e-03    1.00000000e+00
1  2
    2.88600000e+00    1.00000000e+00
1  2
    1.26700000e+00    1.00000000e+00
1  2
    5.56000000e-01    1.00000000e+00
1  2
    2.44000000e-01    1.00000000e+00
1  2
    1.07000000e-01    1.00000000e+00
1  2
    3.92000000e-02    1.00000000e+00
1  2
    1.44000000e-02    1.00000000e+00
1  3
    1.65100000e+00    1.00000000e+00
1  3
    8.00200000e-01    1.00000000e+00
1  3
    3.87800000e-01    1.00000000e+00
1  3
    1.88000000e-01    1.00000000e+00
1  3
    7.33000000e-02    1.00000000e+00
1  3
    2.86000000e-02    1.00000000e+00
1  4
    1.64690000e+00    1.00000000e+00
1  4
    7.88900000e-01    1.00000000e+00
1  4
    3.77900000e-01    1.00000000e+00
1  4
    1.62000000e-01    1.00000000e+00
1  4
    6.94000000e-02    1.00000000e+00
1  5
    1.31200000e+00    1.00000000e+00
1  5
    5.80600000e-01    1.00000000e+00
1  5
    2.88000000e-01    1.00000000e+00
1  5
    1.43000000e-01    1.00000000e+00
1  6
    9.84700000e-01    1.00000000e+00
1  6
    5.00000000e-01    1.00000000e+00
