13
1  0
    7.16800000e+02    1.00000000e+00
1  0
    1.43400000e+02    1.00000000e+00
1  0
    3.58400000e+01    1.00000000e+00
1  0
    8.96000000e+00    1.00000000e+00
1  0
    2.80000000e+00    1.00000000e+00
1  1
    2.80000000e+00    1.00000000e+00
1  0
    5.60000000e-01    1.00000000e+00
1  1
    5.60000000e-01    1.00000000e+00
1  0
    1.40000000e-01    1.00000000e+00
1  1
    1.40000000e-01    1.00000000e+00
1  2
    2.80000000e+00    1.00000000e+00
1  2
    5.60000000e-01    1.00000000e+00
1  2
    1.40000000e-01    1.00000000e+00
