17
8  0
    4.64476671e+04    3.83886810e-05
    6.95768890e+03    2.98367702e-04
    1.58344284e+03    1.56454788e-03
    4.48466010e+02    6.54767707e-03
    1.46286393e+02    2.31390084e-02
    5.27843861e+01    6.96157994e-02
    2.05193962e+01    1.71196369e-01
    8.41856593e+00    3.19131918e-01
2  0
    3.65100183e+01    7.89906172e-02
    1.05418540e+01    7.89263843e-01
1  0
    3.60040914e+00    1.00000000e+00
1  0
    1.56170237e+00    1.00000000e+00
1  0
    4.49973708e-01    1.00000000e+00
1  0
    1.80752302e-01    1.00000000e+00
1  0
    7.15966963e-02    1.00000000e+00
5  1
    7.22404628e+01    8.65391704e-04
    1.68077072e+01    6.87620674e-03
    5.22594107e+00    3.09766871e-02
    1.85083507e+00    1.04323579e-01
    7.22067827e-01    2.61641376e-01
1  1
    2.94910181e-01    1.00000000e+00
1  1
    1.22011418e-01    1.00000000e+00
1  1
    4.98653936e-02    1.00000000e+00
1  2
    1.11000000e+00    1.00000000e+00
1  2
    4.02000000e-01    1.00000000e+00
1  2
    1.45000000e-01    1.00000000e+00
1  3
    8.82000000e-01    1.00000000e+00
1  3
    3.11000000e-01    1.00000000e+00
1  4
    6.73000000e-01    1.00000000e+00
