7
5  0
    8.38694000e+02    6.19052000e-03
    1.26282000e+02    4.60299000e-02
    2.86810000e+01    2.00656000e-01
    7.88757000e+00    5.00000000e-01
    2.33465000e+00    4.77076000e-01
2  0
    3.45968000e+00   -7.03405000e-02
    3.17058000e-01    5.00000000e-01
1  0
    9.93303000e-02    1.00000000e+00
3  1
    3.79997000e+01    6.52926000e-03
    5.84610000e+00    9.27467000e-02
    1.20682000e+00    5.00000000e-01
1  1
    3.27997000e-01    1.00000000e+00
1  1
    8.64963000e-02    1.00000000e+00
1  2
    7.00000000e-01    1.00000000e+00
