20
9  0
    8.65940000e+04    3.05111000e-05
    1.29706000e+04    2.37202000e-04
    2.95170000e+03    1.24641000e-03
    8.36053000e+02    5.24374000e-03
    2.72779000e+02    1.88482000e-02
    9.85332000e+01    5.90219000e-02
    3.85109000e+01    1.57175000e-01
    1.62891000e+01    3.11618000e-01
    6.18043000e+00    5.00000000e-01
3  0
    9.56670000e+00    1.36896000e-01
    2.92535000e+00    5.00000000e-01
    1.33841000e+00    2.28480000e-01
1  0
    4.22398000e-01    1.00000000e+00
1  0
    1.66416000e-01    1.00000000e+00
1  0
    6.45821000e-02    1.00000000e+00
3  1
    5.87737000e+02    2.96802000e-03
    9.04211000e+01    5.87795000e-02
    2.12377000e+01    5.00000000e-01
1  1
    6.58132000e+00    1.00000000e+00
1  1
    2.57179000e+00    1.00000000e+00
1  1
    1.05508000e+00    1.00000000e+00
1  1
    4.53800000e-01    1.00000000e+00
1  1
    1.95464000e-01    1.00000000e+00
1  1
    8.34724000e-02    1.00000000e+00
1  1
    3.33661000e-02    1.00000000e+00
1  2
    4.00000000e+00    1.00000000e+00
1  2
    1.05000000e+00    1.00000000e+00
1  2
    4.00000000e-01    1.00000000e+00
1  2
    1.50000000e-01    1.00000000e+00
1  3
    1.20000000e+00    1.00000000e+00
1  3
    5.20000000e-01    1.00000000e+00
1  4
    1.30000000e+00    1.00000000e+00
