24
1  0
    1.58141285e+03    1.00000000e+00
1  0
    5.23709193e+02    1.00000000e+00
1  0
    1.84721608e+02    1.00000000e+00
1  0
    6.91831687e+01    1.00000000e+00
1  0
    2.74061223e+01    1.00000000e+00
1  0
    1.14281516e+01    1.00000000e+00
1  0
    4.98762607e+00    1.00000000e+00
1  0
    2.26309072e+00    1.00000000e+00
1  0
    1.05953812e+00    1.00000000e+00
1  0
    5.07595750e-01    1.00000000e+00
1  0
    2.46617300e-01    1.00000000e+00
1  0
    1.20387960e-01    1.00000000e+00
1  1
    9.35607360e+00    1.00000000e+00
1  1
    3.97431310e+00    1.00000000e+00
1  1
    1.66451470e+00    1.00000000e+00
1  1
    6.91303500e-01    1.00000000e+00
1  1
    2.86313500e-01    1.00000000e+00
1  2
    2.11203130e+00    1.00000000e+00
1  2
    7.78076900e-01    1.00000000e+00
1  2
    3.27710100e-01    1.00000000e+00
1  2
    1.44946500e-01    1.00000000e+00
1  3
    1.05827180e+00    1.00000000e+00
1  3
    4.01000000e-01    1.00000000e+00
1  4
    6.51430000e-01    1.00000000e+00
