18
2  0
    5.70000000e+00    1.32929820e+00
    5.20436125e+00   -1.73674971e+00
1  0
    2.14754373e+00    1.00000000e+00
1  0
    4.10336605e-01    1.00000000e+00
1  0
    1.83935328e-01    1.00000000e+00
1  0
    7.25212165e-02    1.00000000e+00
1  0
    3.45263349e-02    1.00000000e+00
1  0
    1.61578919e-02    1.00000000e+00
4  1
    5.60000000e+00    5.13850260e-01
    5.11048793e+00   -7.05292389e-01
    2.50065448e+00    4.28223298e-01
    5.19479953e-01   -5.71259845e-01
1  1
    2.45369948e-01    1.00000000e+00
1  1
    1.12560567e-01    1.00000000e+00
1  1
    3.49176220e-02    1.00000000e+00
1  1
    1.63200657e-02    1.00000000e+00
3  2
    2.70000000e+00    1.43720698e-01
    2.34607409e+00   -1.95653473e-01
    3.95535426e-01    2.99630586e-01
1  2
    1.29679359e-01    1.00000000e+00
1  2
    4.04630665e-02    1.00000000e+00
4  3
    1.00000000e+01    7.30000000e-02
    3.20000000e+00    2.10000000e-01
    1.00000000e+00    3.50000000e-01
    3.20000000e-01    3.60000000e-01
1  3
    8.78800000e-02    1.00000000e+00
1  4
    5.00000000e-01    1.00000000e+00
