14
2  0
    6.00000000e+00   -5.65871748e-01
    4.98220822e+00    9.75147685e-01
1  0
    2.14519439e+00    1.00000000e+00
1  0
    4.14861741e-01    1.00000000e+00
1  0
    1.92147570e-01    1.00000000e+00
1  0
    4.84658903e-02    1.00000000e+00
1  0
    2.01382989e-02    1.00000000e+00
4  1
    5.50000000e+00   -4.45863130e-01
    4.90179383e+00    6.77554798e-01
    2.61426851e+00   -4.60105550e-01
    4.79033950e-01    6.87496080e-01
1  1
    1.94151387e-01    1.00000000e+00
1  1
    3.49176220e-02    1.00000000e+00
1  1
    1.63200657e-02    1.00000000e+00
3  2
    9.66315000e-01   -9.08938000e-01
    8.93828000e-01    9.47240000e-01
    2.73195000e-01    3.22057000e-01
1  2
    1.03891000e-01    1.00000000e+00
1  2
    3.55780000e-02    1.00000000e+00
4  3
    1.00000000e+01    7.30000000e-02
    3.20000000e+00    2.10000000e-01
    1.00000000e+00    3.50000000e-01
    3.20000000e-01    3.60000000e-01
