7
6  0
    1.68280000e+03    2.28574000e-03
    2.51715000e+02    1.75938000e-02
    5.74116000e+01    8.63315000e-02
    1.65171000e+01    2.81835000e-01
    4.85364000e+00    6.40594000e-01
    6.26863000e-01    1.44467000e-01
3  0
    8.30938000e+00    1.08621000e-01
    1.74075000e+00    9.27301000e-01
    4.85816000e-01   -2.97169000e-03
3  1
    8.30938000e+00    3.61344000e-02
    1.74075000e+00    2.16958000e-01
    4.85816000e-01    8.41839000e-01
1  0
    1.63613000e-01    1.00000000e+00
1  1
    1.63613000e-01    1.00000000e+00
1  0
    5.67285000e-02    1.00000000e+00
1  1
    5.67285000e-02    1.00000000e+00
