13
10  0
    2.49425640e+01    8.87000000e-04
    1.54641160e+01   -5.32900000e-03
    9.58780600e+00    1.71320000e-02
    5.94557500e+00   -3.39050000e-02
    2.81466000e+00    9.22280000e-02
    1.37313800e+00   -2.01803000e-01
    5.06151000e-01    8.88200000e-03
    1.96732000e-01    3.92743000e-01
    8.14900000e-02    5.45137000e-01
    3.52560000e-02    1.70196000e-01
1  0
    3.45294000e-01    1.00000000e+00
1  0
    5.14730000e-02    1.00000000e+00
1  0
    1.54410000e-02    1.00000000e+00
10  1
    1.91406200e+00    1.02080000e-02
    1.18671900e+00    9.64470000e-02
    7.35766000e-01   -3.39300000e-02
    4.56175000e-01    1.95761000e-01
    2.82828000e-01    5.60790000e-02
    1.75354000e-01    3.08566000e-01
    1.08719000e-01    1.68221000e-01
    6.74060000e-02    2.67156000e-01
    4.17920000e-02    8.24480000e-02
    2.59110000e-02    4.81030000e-02
1  1
    2.53857000e-01    1.00000000e+00
1  1
    4.00010000e-02    1.00000000e+00
1  1
    7.68000000e-03    1.00000000e+00
1  2
    3.19045000e-01    1.00000000e+00
1  2
    1.87760000e-01    1.00000000e+00
1  2
    6.29160000e-02    1.00000000e+00
1  3
    3.09286000e-01    1.00000000e+00
1  3
    9.23140000e-02    1.00000000e+00
