29
12  0
    1.46300000e+04    9.20000000e-05
    2.19100000e+03    7.13000000e-04
    4.98200000e+02    3.73500000e-03
    1.40900000e+02    1.54680000e-02
    4.58600000e+01    5.28740000e-02
    1.64700000e+01    1.45694000e-01
    6.31900000e+00    3.02681000e-01
    2.53500000e+00    4.04936000e-01
    1.03500000e+00    2.22387000e-01
    2.52800000e-01    1.29120000e-02
    1.05200000e-01   -4.64800000e-03
    4.26100000e-02    1.22800000e-03
12  0
    1.46300000e+04   -1.70000000e-05
    2.19100000e+03   -1.30000000e-04
    4.98200000e+02   -6.79000000e-04
    1.40900000e+02   -2.85700000e-03
    4.58600000e+01   -9.81300000e-03
    1.64700000e+01   -2.86090000e-02
    6.31900000e+00   -6.37600000e-02
    2.53500000e+00   -1.17231000e-01
    1.03500000e+00   -1.21202000e-01
    2.52800000e-01    2.53229000e-01
    1.05200000e-01    5.81837000e-01
    4.26100000e-02    2.91954000e-01
1  0
    2.52800000e-01    1.00000000e+00
1  0
    1.05200000e-01    1.00000000e+00
1  0
    4.26100000e-02    1.00000000e+00
1  0
    2.17260000e+01    1.00000000e+00
1  0
    7.86600000e+00    1.00000000e+00
1  0
    2.84800000e+00    1.00000000e+00
1  0
    1.43900000e-02    1.00000000e+00
6  1
    1.40300000e+01    4.09900000e-03
    3.16800000e+00    2.56260000e-02
    9.02400000e-01    1.03768000e-01
    3.03600000e-01    3.11547000e-01
    1.13000000e-01    4.98128000e-01
    4.28600000e-02    2.58876000e-01
1  1
    3.03600000e-01    1.00000000e+00
1  1
    1.13000000e-01    1.00000000e+00
1  1
    4.28600000e-02    1.00000000e+00
1  1
    3.08980000e+01    1.00000000e+00
1  1
    1.03650000e+01    1.00000000e+00
1  1
    3.47700000e+00    1.00000000e+00
1  1
    6.50000000e-03    1.00000000e+00
1  2
    1.07200000e+00    1.00000000e+00
1  2
    4.41000000e-01    1.00000000e+00
1  2
    1.81100000e-01    1.00000000e+00
1  2
    3.03900000e+01    1.00000000e+00
1  2
    6.09200000e+00    1.00000000e+00
1  2
    5.54000000e-02    1.00000000e+00
1  3
    4.81000000e-01    1.00000000e+00
1  3
    2.55000000e-01    1.00000000e+00
1  3
    1.24820000e+01    1.00000000e+00
1  3
    9.30000000e-02    1.00000000e+00
1  4
    4.15000000e-01    1.00000000e+00
1  4
    1.83400000e-01    1.00000000e+00
