30
1  0
    1.36646000e+02    1.00000000e+00
1  0
    2.83921000e+01    1.00000000e+00
1  0
    8.68918000e+00    1.00000000e+00
1  0
    3.78020000e+00    1.00000000e+00
1  0
    1.16278000e+00    1.00000000e+00
1  0
    4.30644000e-01    1.00000000e+00
1  0
    1.86010000e-01    1.00000000e+00
1  0
    9.73907000e-02    1.00000000e+00
1  1
    2.22394000e+01    1.00000000e+00
1  1
    6.38157000e+00    1.00000000e+00
1  1
    2.55460000e+00    1.00000000e+00
1  1
    1.01598000e+00    1.00000000e+00
1  1
    4.44495000e-01    1.00000000e+00
1  1
    2.01832000e-01    1.00000000e+00
1  1
    9.48127000e-02    1.00000000e+00
1  2
    8.49613000e+00    1.00000000e+00
1  2
    3.04272000e+00    1.00000000e+00
1  2
    1.18451000e+00    1.00000000e+00
1  2
    5.84073000e-01    1.00000000e+00
1  2
    2.78041000e-01    1.00000000e+00
1  2
    1.62619000e-01    1.00000000e+00
1  3
    3.40182000e+00    1.00000000e+00
1  3
    1.48135000e+00    1.00000000e+00
1  3
    6.23318000e-01    1.00000000e+00
1  3
    3.44031000e-01    1.00000000e+00
1  3
    1.40547000e-01    1.00000000e+00
1  4
    1.86007000e+00    1.00000000e+00
1  4
    5.36220000e-01    1.00000000e+00
1  4
    2.72843000e-01    1.00000000e+00
1  5
    5.35704000e-01    1.00000000e+00
