21 
14    0 
 54620.0000000     1.8000000E-05    
  8180.0000000     1.3800000E-04    
  1862.0000000     7.2300000E-04    
   527.3000000     3.0390000E-03    
   172.0000000     1.0908000E-02    
    62.1000000     3.4035000E-02    
    24.2100000     9.1193000E-02    
     9.9930000     1.9926800E-01    
     4.3050000     3.2935500E-01    
     1.9210000     3.4048900E-01    
     0.8663000     1.4374000E-01    
     0.2475000     6.5170000E-03    
     0.1009000    -1.8650000E-03    
     0.0412900     4.8000000E-04    
14    0 
 54620.0000000    -3.0000000E-06    
  8180.0000000    -2.5000000E-05    
  1862.0000000    -1.3100000E-04    
   527.3000000    -5.5800000E-04    
   172.0000000    -1.9880000E-03    
    62.1000000    -6.3700000E-03    
    24.2100000    -1.7217000E-02    
     9.9930000    -4.0858000E-02    
     4.3050000    -7.4237000E-02    
     1.9210000    -1.1923400E-01    
     0.8663000    -8.7777000E-02    
     0.2475000     2.7878800E-01    
     0.1009000     5.8349900E-01    
     0.0412900     2.6900700E-01    
 1    0 
     0.8663000     1.0000000E+00    
 1    0 
     0.2475000     1.0000000E+00    
 1    0 
     0.1009000     1.0000000E+00    
 1    0 
     0.0412900     1.0000000E+00    
 8    1 
    43.7500000     6.3300000E-04    
    10.3300000     4.8080000E-03    
     3.2260000     2.0527000E-02    
     1.1270000     6.7816000E-02    
     0.4334000     1.9286800E-01    
     0.1808000     3.7869200E-01    
     0.0782700     4.0057400E-01    
     0.0337200     1.3806700E-01    
 1    1 
     0.4334000     1.0000000E+00    
 1    1 
     0.1808000     1.0000000E+00    
 1    1 
     0.0782700     1.0000000E+00    
 1    1 
     0.0337200     1.0000000E+00    
 1    2 
     1.6350000     1.0000000E+00    
 1    2 
     0.7410000     1.0000000E+00    
 1    2 
     0.3350000     1.0000000E+00    
 1    2 
     0.1519000     1.0000000E+00    
 1    3 
     0.6860000     1.0000000E+00    
 1    3 
     0.4010000     1.0000000E+00    
 1    3 
     0.2350000     1.0000000E+00    
 1    4 
     0.6030000     1.0000000E+00    
 1    4 
     0.3240000     1.0000000E+00    
 1    5 
     0.5100000     1.0000000E+00    
