15
9  0
    6.86300000e+03    2.36000000e-04
    1.03000000e+03    1.82600000e-03
    2.34700000e+02    9.45200000e-03
    6.65600000e+01    3.79570000e-02
    2.16900000e+01    1.19965000e-01
    7.73400000e+00    2.82162000e-01
    2.91600000e+00    4.27404000e-01
    1.13000000e+00    2.66278000e-01
    1.10100000e-01   -7.27500000e-03
9  0
    6.86300000e+03   -4.30000000e-05
    1.03000000e+03   -3.33000000e-04
    2.34700000e+02   -1.73600000e-03
    6.65600000e+01   -7.01200000e-03
    2.16900000e+01   -2.31260000e-02
    7.73400000e+00   -5.81380000e-02
    2.91600000e+00   -1.14556000e-01
    1.13000000e+00   -1.35908000e-01
    1.10100000e-01    5.77441000e-01
1  0
    2.57700000e-01    1.00000000e+00
1  0
    4.40900000e-02    1.00000000e+00
1  0
    4.60400000e+00    1.00000000e+00
1  0
    1.61700000e+00    1.00000000e+00
3  1
    7.43600000e+00    1.07360000e-02
    1.57700000e+00    6.28540000e-02
    4.35200000e-01    2.48180000e-01
1  1
    1.43800000e-01    1.00000000e+00
1  1
    4.99400000e-02    1.00000000e+00
1  1
    1.44970000e+01    1.00000000e+00
1  1
    3.78700000e+00    1.00000000e+00
1  2
    3.48000000e-01    1.00000000e+00
1  2
    1.80300000e-01    1.00000000e+00
1  2
    9.18300000e+00    1.00000000e+00
1  3
    3.25000000e-01    1.00000000e+00
