9
6  0
    4.70023656e+03    2.35843893e-04
    7.04828456e+02    1.82437910e-03
    1.60431105e+02    9.39661482e-03
    4.54253473e+01    3.69089242e-02
    1.47983341e+01    1.08975613e-01
    5.35124525e+00    2.16942846e-01
2  0
    2.15420448e+00    4.46954089e-01
    9.33637444e-01    2.08669858e-01
1  0
    1.87914330e-01    1.00000000e+00
1  0
    7.46482679e-02    1.00000000e+00
1  0
    3.26504846e-02    1.00000000e+00
2  1
    7.16956944e-01   -1.68778540e-01
    1.95419329e-01   -5.14034196e-01
1  1
    3.63169171e+00    1.00000000e+00
1  1
    6.05154659e-02    1.00000000e+00
1  2
    1.80000000e-01    1.00000000e+00
