9
7  0
    2.94475000e+03    7.73431000e-04
    4.41879000e+02    5.96942000e-03
    1.00624000e+02    3.04024000e-02
    2.84712000e+01    1.14358000e-01
    9.14444000e+00    3.05833000e-01
    3.17664000e+00    5.00000000e-01
    1.12275000e+00    3.47539000e-01
2  0
    1.92303000e+00   -8.86331000e-02
    1.91413000e-01    5.00000000e-01
1  0
    8.33307000e-02    1.00000000e+00
1  0
    3.74215000e-02    1.00000000e+00
2  1
    2.42047000e+01    3.63582000e-02
    3.72380000e+00    5.00000000e-01
1  1
    7.52087000e-01    1.00000000e+00
1  1
    2.04375000e-01    1.00000000e+00
1  1
    5.48730000e-02    1.00000000e+00
1  2
    3.90000000e-01    1.00000000e+00
