24
1  0
    9.94535034e+02    1.00000000e+00
1  0
    3.16279569e+02    1.00000000e+00
1  0
    1.08131243e+02    1.00000000e+00
1  0
    3.96296091e+01    1.00000000e+00
1  0
    1.55091476e+01    1.00000000e+00
1  0
    6.44859590e+00    1.00000000e+00
1  0
    2.83087483e+00    1.00000000e+00
1  0
    1.30216944e+00    1.00000000e+00
1  0
    6.22127170e-01    1.00000000e+00
1  0
    3.05665020e-01    1.00000000e+00
1  0
    1.52781920e-01    1.00000000e+00
1  0
    7.68092400e-02    1.00000000e+00
1  1
    4.87684900e+00    1.00000000e+00
1  1
    1.86860000e+00    1.00000000e+00
1  1
    7.05911900e-01    1.00000000e+00
1  1
    2.64448000e-01    1.00000000e+00
1  1
    9.87920000e-02    1.00000000e+00
1  2
    1.57038520e+00    1.00000000e+00
1  2
    6.73368400e-01    1.00000000e+00
1  2
    3.29982700e-01    1.00000000e+00
1  2
    1.69792700e-01    1.00000000e+00
1  3
    2.27945150e+00    1.00000000e+00
1  3
    9.21538400e-01    1.00000000e+00
1  4
    1.38933410e+00    1.00000000e+00
