28
1  0
    8.40985000e+00    1.00000000e+00
1  0
    5.55832000e+00    1.00000000e+00
1  0
    3.25976000e+00    1.00000000e+00
1  0
    1.52252000e+00    1.00000000e+00
1  0
    5.09282000e-01    1.00000000e+00
1  0
    2.39044000e-01    1.00000000e+00
1  0
    1.45884000e-01    1.00000000e+00
1  1
    3.99470000e+00    1.00000000e+00
1  1
    3.17514000e+00    1.00000000e+00
1  1
    2.11427000e+00    1.00000000e+00
1  1
    8.16767000e-01    1.00000000e+00
1  1
    3.61477000e-01    1.00000000e+00
1  1
    2.08979000e-01    1.00000000e+00
1  2
    5.58109000e+00    1.00000000e+00
1  2
    2.84103000e+00    1.00000000e+00
1  2
    1.54544000e+00    1.00000000e+00
1  2
    3.91731000e-01    1.00000000e+00
1  2
    1.93146000e-01    1.00000000e+00
1  3
    3.01834000e+00    1.00000000e+00
1  3
    1.08499000e+00    1.00000000e+00
1  3
    3.48409000e-01    1.00000000e+00
1  4
    3.23525000e+00    1.00000000e+00
1  4
    6.36070000e-01    1.00000000e+00
1  0
    4.09938000e-02    1.00000000e+00
1  1
    8.32338000e-02    1.00000000e+00
1  2
    6.22906000e-02    1.00000000e+00
1  3
    1.32138000e-01    1.00000000e+00
1  4
    3.81413000e-01    1.00000000e+00
