61
1  0
    4.45830000e+01    1.00000000e+00
1  0
    2.98633000e+01    1.00000000e+00
1  0
    1.71438000e+01    1.00000000e+00
1  0
    8.97267000e+00    1.00000000e+00
1  0
    6.18761000e+00    1.00000000e+00
1  0
    3.31439000e+00    1.00000000e+00
1  0
    1.80204000e+00    1.00000000e+00
1  0
    1.05546000e+00    1.00000000e+00
1  0
    6.51474000e-01    1.00000000e+00
1  0
    3.98800000e-01    1.00000000e+00
1  0
    2.81801000e-01    1.00000000e+00
1  0
    1.51217000e-01    1.00000000e+00
1  0
    8.02448000e-02    1.00000000e+00
1  1
    2.90188000e+01    1.00000000e+00
1  1
    1.24225000e+01    1.00000000e+00
1  1
    8.10276000e+00    1.00000000e+00
1  1
    5.97023000e+00    1.00000000e+00
1  1
    3.13675000e+00    1.00000000e+00
1  1
    1.90830000e+00    1.00000000e+00
1  1
    1.02812000e+00    1.00000000e+00
1  1
    6.30548000e-01    1.00000000e+00
1  1
    4.27152000e-01    1.00000000e+00
1  1
    2.79185000e-01    1.00000000e+00
1  1
    1.54263000e-01    1.00000000e+00
1  1
    8.76291000e-02    1.00000000e+00
1  2
    2.41881000e+01    1.00000000e+00
1  2
    1.28748000e+01    1.00000000e+00
1  2
    8.50378000e+00    1.00000000e+00
1  2
    4.16291000e+00    1.00000000e+00
1  2
    2.59923000e+00    1.00000000e+00
1  2
    1.39200000e+00    1.00000000e+00
1  2
    7.48430000e-01    1.00000000e+00
1  2
    4.74803000e-01    1.00000000e+00
1  2
    3.18203000e-01    1.00000000e+00
1  2
    1.88581000e-01    1.00000000e+00
1  2
    8.66441000e-02    1.00000000e+00
1  3
    1.64158000e+01    1.00000000e+00
1  3
    7.72071000e+00    1.00000000e+00
1  3
    3.92703000e+00    1.00000000e+00
1  3
    2.35283000e+00    1.00000000e+00
1  3
    1.27862000e+00    1.00000000e+00
1  3
    7.19454000e-01    1.00000000e+00
1  3
    4.58738000e-01    1.00000000e+00
1  3
    2.71213000e-01    1.00000000e+00
1  3
    1.51109000e-01    1.00000000e+00
1  4
    8.71221000e+00    1.00000000e+00
1  4
    4.32202000e+00    1.00000000e+00
1  4
    2.50295000e+00    1.00000000e+00
1  4
    1.33297000e+00    1.00000000e+00
1  4
    7.47942000e-01    1.00000000e+00
1  4
    4.51074000e-01    1.00000000e+00
1  4
    2.42956000e-01    1.00000000e+00
1  5
    5.39671000e+00    1.00000000e+00
1  5
    2.27738000e+00    1.00000000e+00
1  5
    1.20921000e+00    1.00000000e+00
1  5
    7.22918000e-01    1.00000000e+00
1  5
    4.10842000e-01    1.00000000e+00
1  6
    2.45340000e+00    1.00000000e+00
1  6
    1.24812000e+00    1.00000000e+00
1  6
    6.51064000e-01    1.00000000e+00
1  7
    1.22406000e+00    1.00000000e+00
