39
1  0
    7.30966000e+00    1.00000000e+00
1  0
    5.11507000e+00    1.00000000e+00
1  0
    3.24867000e+00    1.00000000e+00
1  0
    1.98870000e+00    1.00000000e+00
1  0
    8.15344000e-01    1.00000000e+00
1  0
    4.91066000e-01    1.00000000e+00
1  0
    2.61143000e-01    1.00000000e+00
1  0
    1.28695000e-01    1.00000000e+00
1  1
    9.28097000e+00    1.00000000e+00
1  1
    6.47056000e+00    1.00000000e+00
1  1
    4.01813000e+00    1.00000000e+00
1  1
    2.02032000e+00    1.00000000e+00
1  1
    8.76828000e-01    1.00000000e+00
1  1
    4.94522000e-01    1.00000000e+00
1  1
    3.12348000e-01    1.00000000e+00
1  1
    1.62342000e-01    1.00000000e+00
1  2
    5.24151000e+00    1.00000000e+00
1  2
    3.78153000e+00    1.00000000e+00
1  2
    2.15882000e+00    1.00000000e+00
1  2
    1.02066000e+00    1.00000000e+00
1  2
    5.53124000e-01    1.00000000e+00
1  2
    2.93717000e-01    1.00000000e+00
1  2
    1.55986000e-01    1.00000000e+00
1  3
    9.40240000e+00    1.00000000e+00
1  3
    3.35008000e+00    1.00000000e+00
1  3
    1.29880000e+00    1.00000000e+00
1  3
    5.20588000e-01    1.00000000e+00
1  3
    2.40793000e-01    1.00000000e+00
1  4
    3.14083000e+00    1.00000000e+00
1  4
    1.01996000e+00    1.00000000e+00
1  4
    4.78657000e-01    1.00000000e+00
1  5
    1.94675000e+00    1.00000000e+00
1  5
    8.26184000e-01    1.00000000e+00
1  0
    4.36740000e-02    1.00000000e+00
1  1
    6.68436000e-02    1.00000000e+00
1  2
    5.66685000e-02    1.00000000e+00
1  3
    9.44034000e-02    1.00000000e+00
1  4
    1.96682000e-01    1.00000000e+00
1  5
    4.11240000e-01    1.00000000e+00
