13
9  0
    7.98633000e+02    3.89000000e-04
    9.50023000e+01    2.10400000e-03
    2.12520000e+01   -1.29681000e-01
    1.32919000e+01    6.65119000e-01
    8.31210000e+00   -7.74022000e-01
    5.19476000e+00   -4.57747000e-01
    1.90972000e+00    9.01072000e-01
    9.62271000e-01    5.44534000e-01
    7.32650000e-02    1.03600000e-03
9  0
    7.98633000e+02   -1.91000000e-04
    9.50023000e+01   -8.85000000e-04
    2.12520000e+01    5.50530000e-02
    1.32919000e+01   -3.02406000e-01
    8.31210000e+00    3.96483000e-01
    5.19476000e+00    1.78323000e-01
    1.90972000e+00   -5.70493000e-01
    9.62271000e-01   -4.79259000e-01
    7.32650000e-02    2.31598000e-01
1  0
    3.56026000e-01    1.00000000e+00
1  0
    1.68327000e-01    1.00000000e+00
1  0
    7.84000000e-02    1.00000000e+00
9  1
    1.92259000e+01   -1.61520000e-02
    1.20378000e+01    1.76031000e-01
    7.53621000e+00   -4.20103000e-01
    2.16084000e+00    5.52674000e-01
    1.13036000e+00    4.99562000e-01
    5.66778000e-01    1.34495000e-01
    2.71608000e-01    8.04600000e-03
    1.17769000e-01    1.03100000e-03
    4.93040000e-02   -1.62000000e-04
9  1
    1.92259000e+01    2.73300000e-03
    1.20378000e+01   -4.88430000e-02
    7.53621000e+00    1.31840000e-01
    2.16084000e+00   -2.25271000e-01
    1.13036000e+00   -2.07876000e-01
    5.66778000e-01   -1.55850000e-02
    2.71608000e-01    3.93849000e-01
    1.17769000e-01    5.50880000e-01
    4.93040000e-02    2.11150000e-01
1  1
    4.46900000e-01    1.00000000e+00
1  1
    7.43000000e-02    1.00000000e+00
6  2
    6.50224000e+01    3.95000000e-04
    1.36908000e+01    1.12010000e-02
    7.09591000e+00   -7.23170000e-02
    2.52090000e+00    2.63286000e-01
    1.34066000e+00    4.27325000e-01
    6.82558000e-01    3.37534000e-01
1  2
    3.27714000e-01    1.00000000e+00
1  2
    1.30600000e-01    1.00000000e+00
1  3
    3.16400000e-01    1.00000000e+00
