16
4  0
    7.16414353e+02    3.12543071e-04
    8.38060590e+01    1.76247689e-03
    2.11169629e+01   -2.19109834e-01
    1.54914482e+01    4.04112249e-01
2  0
    2.32398550e+01   -6.82557587e-02
    6.64742550e+00    9.78880465e-01
1  0
    1.76177440e+00    1.00000000e+00
1  0
    8.72528660e-01    1.00000000e+00
1  0
    2.56188960e-01    1.00000000e+00
1  0
    9.70739130e-02    1.00000000e+00
3  1
    1.52496447e+01    7.45603560e-01
    1.48461761e+01   -8.55786373e-01
    7.06368268e+00    4.01491596e-01
3  1
    2.58812556e+00    3.55427296e-01
    1.50202085e+00    6.39769919e-01
    7.67327244e-01    3.23327738e-01
1  1
    3.27976490e-01    1.00000000e+00
1  1
    1.38203360e-01    1.00000000e+00
1  1
    5.51373310e-02    1.00000000e+00
6  2
    6.64044819e+01    3.81028783e-04
    1.38584270e+01    1.07461524e-02
    7.06545190e+00   -7.19476468e-02
    2.52521440e+00    2.61959750e-01
    1.34195850e+00    4.25947500e-01
    6.83409410e-01    3.36803256e-01
1  2
    3.29347554e-01    1.00000000e+00
1  2
    1.40000000e-01    1.00000000e+00
1  3
    1.05000000e+00    1.00000000e+00
1  3
    3.12710000e-01    1.00000000e+00
