18
4  0
    5.18020205e+01   -2.85525500e-01
    3.21121772e+01    1.57616050e+00
    1.90788827e+01   -5.71149490e+00
    1.13351005e+01    1.36149056e+01
1  0
    6.66770600e+00    1.00000000e+00
1  0
    2.17788610e+00    1.00000000e+00
1  0
    1.16963890e+00    1.00000000e+00
1  0
    5.44891000e-01    1.00000000e+00
1  0
    2.76237600e-01    1.00000000e+00
1  0
    1.62492700e-01    1.00000000e+00
1  0
    8.81553000e-02    1.00000000e+00
2  1
    3.85572060e+00    2.89384000e-02
    1.51222740e+00   -6.41238000e-02
1  1
    5.83364300e-01    1.00000000e+00
1  1
    2.22846500e-01    1.00000000e+00
1  1
    8.48520000e-02    1.00000000e+00
3  2
    2.43558370e+00    6.34890000e-03
    1.13716740e+00   -1.12341000e-02
    5.23483300e-01    9.65540000e-03
1  2
    2.38966400e-01    1.00000000e+00
1  2
    1.08783400e-01    1.00000000e+00
2  3
    1.48895690e+00    1.02650000e-03
    7.03095600e-01   -3.08120000e-03
1  3
    3.32130000e-01    1.00000000e+00
1  4
    6.08700200e-01    1.00000000e+00
