48
1  0
    2.79106835e+07    1.00000000e+00
1  0
    1.19344855e+07    1.00000000e+00
1  0
    5.21469693e+06    1.00000000e+00
1  0
    2.32780271e+06    1.00000000e+00
1  0
    1.06131308e+06    1.00000000e+00
1  0
    4.94080957e+05    1.00000000e+00
1  0
    2.34787494e+05    1.00000000e+00
1  0
    1.13848309e+05    1.00000000e+00
1  0
    5.63109190e+04    1.00000000e+00
1  0
    2.83987586e+04    1.00000000e+00
1  0
    1.45968589e+04    1.00000000e+00
1  0
    7.64313114e+03    1.00000000e+00
1  0
    4.07492145e+03    1.00000000e+00
1  0
    2.21091860e+03    1.00000000e+00
1  0
    1.22007515e+03    1.00000000e+00
1  0
    6.84385041e+02    1.00000000e+00
1  0
    3.89977264e+02    1.00000000e+00
1  0
    2.25586275e+02    1.00000000e+00
1  0
    1.32377906e+02    1.00000000e+00
1  0
    7.87458918e+01    1.00000000e+00
1  0
    4.74477426e+01    1.00000000e+00
1  0
    2.89354390e+01    1.00000000e+00
1  0
    1.78447111e+01    1.00000000e+00
1  0
    1.11193386e+01    1.00000000e+00
1  0
    6.99441102e+00    1.00000000e+00
1  0
    4.43738776e+00    1.00000000e+00
1  0
    2.83660147e+00    1.00000000e+00
1  0
    1.82534533e+00    1.00000000e+00
1  0
    1.18124523e+00    1.00000000e+00
1  0
    7.67977640e-01    1.00000000e+00
1  0
    5.01106000e-01    1.00000000e+00
1  0
    3.27821440e-01    1.00000000e+00
1  0
    2.14794200e-01    1.00000000e+00
1  0
    1.40810090e-01    1.00000000e+00
1  1
    3.85572060e+00    1.00000000e+00
1  1
    1.51222740e+00    1.00000000e+00
1  1
    5.83364300e-01    1.00000000e+00
1  1
    2.22846500e-01    1.00000000e+00
1  1
    8.48520000e-02    1.00000000e+00
1  2
    2.43558370e+00    1.00000000e+00
1  2
    1.13716740e+00    1.00000000e+00
1  2
    5.23483300e-01    1.00000000e+00
1  2
    2.38966400e-01    1.00000000e+00
1  2
    1.08783400e-01    1.00000000e+00
1  3
    1.48895690e+00    1.00000000e+00
1  3
    7.03095600e-01    1.00000000e+00
1  3
    3.32130000e-01    1.00000000e+00
1  4
    6.08700200e-01    1.00000000e+00
