10
3  0
    6.10328990e+03    6.24180000e-02
    9.23697430e+02    3.72041000e-01
    2.02520310e+02    6.85873000e-01
3  0
    2.70601500e+02   -1.12149000e-01
    5.82535700e+01    9.31450000e-02
    1.84693300e+01    9.61679000e-01
3  1
    2.70601500e+02    1.47751000e-01
    5.82535700e+01    6.01056000e-01
    1.84693300e+01    4.12870000e-01
3  0
    1.97614200e+01   -2.93870000e-01
    6.82175200e+00    2.80266000e-01
    2.29162900e+00    9.02036000e-01
3  1
    1.97614200e+01    2.50070000e-02
    6.82175200e+00    4.86610000e-01
    2.29162900e+00    5.82423000e-01
2  0
    2.13120600e+00   -6.51803000e-01
    4.99354000e-01    1.33601200e+00
2  1
    2.13120600e+00    2.87080000e-02
    4.99354000e-01    9.84070000e-01
1  0
    1.64764000e-01    1.00000000e+00
1  1
    1.64764000e-01    1.00000000e+00
3  2
    3.39650970e+01    1.49667000e-01
    8.90083100e+00    5.11748000e-01
    2.42843600e+00    5.75915000e-01
