39
1  0
    3.30959000e+01    1.00000000e+00
1  0
    1.69947000e+01    1.00000000e+00
1  0
    8.02087000e+00    1.00000000e+00
1  0
    2.88921000e+00    1.00000000e+00
1  0
    1.47071000e+00    1.00000000e+00
1  0
    8.34560000e-01    1.00000000e+00
1  0
    4.92548000e-01    1.00000000e+00
1  0
    1.95710000e-01    1.00000000e+00
1  1
    3.53043000e+01    1.00000000e+00
1  1
    2.03159000e+01    1.00000000e+00
1  1
    9.34610000e+00    1.00000000e+00
1  1
    2.89076000e+00    1.00000000e+00
1  1
    1.65818000e+00    1.00000000e+00
1  1
    7.96709000e-01    1.00000000e+00
1  1
    4.90576000e-01    1.00000000e+00
1  1
    2.71314000e-01    1.00000000e+00
1  2
    3.47330000e+01    1.00000000e+00
1  2
    1.06428000e+01    1.00000000e+00
1  2
    3.80531000e+00    1.00000000e+00
1  2
    1.88351000e+00    1.00000000e+00
1  2
    1.00518000e+00    1.00000000e+00
1  2
    5.47010000e-01    1.00000000e+00
1  2
    2.61261000e-01    1.00000000e+00
1  3
    1.48486000e+01    1.00000000e+00
1  3
    5.76108000e+00    1.00000000e+00
1  3
    2.76230000e+00    1.00000000e+00
1  3
    9.95233000e-01    1.00000000e+00
1  3
    4.67361000e-01    1.00000000e+00
1  4
    3.49489000e+01    1.00000000e+00
1  4
    1.21694000e+01    1.00000000e+00
1  4
    2.47036000e+00    1.00000000e+00
1  4
    8.69668000e-01    1.00000000e+00
1  5
    2.31775000e+00    1.00000000e+00
1  0
    7.70438000e-02    1.00000000e+00
1  1
    1.25123000e-01    1.00000000e+00
1  2
    1.08255000e-01    1.00000000e+00
1  3
    2.01787000e-01    1.00000000e+00
1  4
    4.07657000e-01    1.00000000e+00
1  5
    7.54653000e-01    1.00000000e+00
