17
7  0
    9.65939000e+03    3.71000000e-04
    1.45596000e+03    2.57100000e-03
    3.25914000e+02    8.48500000e-03
    4.65657000e+01    7.82220000e-02
    1.82469000e+01   -3.97149000e-01
    3.80201000e+00    6.85864000e-01
    1.78632000e+00    4.86819000e-01
7  0
    9.65939000e+03   -1.52000000e-04
    1.45596000e+03   -1.00800000e-03
    3.25914000e+02   -3.60900000e-03
    4.65657000e+01   -2.78720000e-02
    1.82469000e+01    1.51317000e-01
    3.80201000e+00   -3.51497000e-01
    1.78632000e+00   -4.10703000e-01
1  0
    6.02714000e-01    1.00000000e+00
1  0
    2.84014000e-01    1.00000000e+00
1  0
    1.20271000e-01    1.00000000e+00
1  0
    4.45000000e-02    1.00000000e+00
9  1
    4.92187000e+02    4.72000000e-04
    9.23642000e+01    5.49400000e-03
    2.70718000e+01   -8.80300000e-02
    7.26539000e+00    3.43485000e-01
    3.48481000e+00    5.10208000e-01
    1.64048000e+00    2.48631000e-01
    6.48570000e-01    2.22010000e-02
    2.56407000e-01   -4.19000000e-04
    9.53040000e-02    6.56000000e-04
9  1
    4.92187000e+02   -1.58000000e-04
    9.23642000e+01   -1.34400000e-03
    2.70718000e+01    2.46160000e-02
    7.26539000e+00   -1.12532000e-01
    3.48481000e+00   -1.79775000e-01
    1.64048000e+00   -7.36610000e-02
    6.48570000e-01    3.48734000e-01
    2.56407000e-01    5.57948000e-01
    9.53040000e-02    2.66456000e-01
1  1
    7.66600000e-01    1.00000000e+00
1  1
    1.18200000e-01    1.00000000e+00
1  1
    3.96000000e-02    1.00000000e+00
7  2
    3.38996000e+02    1.52400000e-03
    1.03217000e+02    1.56730000e-02
    4.23638000e+01    7.24000000e-02
    1.84356000e+01    1.86303000e-01
    8.37254000e+00    3.23881000e-01
    3.80222000e+00    3.74534000e-01
    1.68677000e+00    2.57418000e-01
1  2
    6.77520000e-01    1.00000000e+00
1  2
    2.55300000e-01    1.00000000e+00
1  2
    1.00900000e-01    1.00000000e+00
1  3
    5.60600000e-01    1.00000000e+00
1  3
    2.45400000e-01    1.00000000e+00
