23
10  0
    7.89675000e+04    2.80000000e-05
    1.18097000e+04    2.14000000e-04
    2.68714000e+03    1.05600000e-03
    7.60036000e+02    3.68800000e-03
    2.41811000e+02    7.93400000e-03
    3.84914000e+01    1.52868000e-01
    2.40586000e+01   -2.78602000e-01
    1.43587000e+01   -2.18850000e-01
    4.37737000e+00    4.96005000e-01
    2.35182000e+00    5.52341000e-01
10  0
    7.89675000e+04   -1.10000000e-05
    1.18097000e+04   -8.60000000e-05
    2.68714000e+03   -4.35000000e-04
    7.60036000e+02   -1.45700000e-03
    2.41811000e+02   -3.38100000e-03
    3.84914000e+01   -5.76580000e-02
    2.40586000e+01    1.12325000e-01
    1.43587000e+01    7.56730000e-02
    4.37737000e+00   -2.24920000e-01
    2.35182000e+00   -4.06738000e-01
1  0
    1.25105000e+00    1.00000000e+00
1  0
    5.29468000e-01    1.00000000e+00
1  0
    2.41896000e-01    1.00000000e+00
1  0
    1.06486000e-01    1.00000000e+00
1  0
    4.07000000e-02    1.00000000e+00
8  1
    5.03632000e+02    4.64000000e-04
    9.30023000e+01    5.45600000e-03
    4.25100000e+01   -1.30700000e-03
    2.65778000e+01   -8.87240000e-02
    7.58097000e+00    3.00146000e-01
    3.85887000e+00    4.72200000e-01
    1.94309000e+00    2.98291000e-01
    9.24209000e-01    5.37770000e-02
8  1
    5.03632000e+02   -1.29000000e-04
    9.30023000e+01   -1.74700000e-03
    4.25100000e+01    1.86200000e-03
    2.65778000e+01    2.34510000e-02
    7.58097000e+00   -9.89990000e-02
    3.85887000e+00   -1.57799000e-01
    1.94309000e+00   -1.23260000e-01
    9.24209000e-01    1.53835000e-01
1  1
    4.17733000e-01    1.00000000e+00
1  1
    1.80853000e-01    1.00000000e+00
1  1
    7.51540000e-02    1.00000000e+00
1  1
    2.95000000e-02    1.00000000e+00
9  2
    1.09772000e+03    1.11000000e-04
    3.32929000e+02    1.15300000e-03
    1.30800000e+02    7.69000000e-03
    6.01271000e+01    3.57150000e-02
    2.97430000e+01    9.30320000e-02
    1.50381000e+01    1.88566000e-01
    7.73132000e+00    2.83543000e-01
    3.96193000e+00    3.17911000e-01
    2.00449000e+00    2.48149000e-01
1  2
    9.73276000e-01    1.00000000e+00
1  2
    4.14678000e-01    1.00000000e+00
1  2
    1.74700000e-01    1.00000000e+00
1  2
    7.47000000e-02    1.00000000e+00
1  3
    8.25500000e-01    1.00000000e+00
1  3
    3.40900000e-01    1.00000000e+00
1  3
    1.61300000e-01    1.00000000e+00
1  4
    6.58200000e-01    1.00000000e+00
1  4
    3.06700000e-01    1.00000000e+00
