12
6  0
    2.80860000e+03    1.60600000e-03
    4.21180000e+02    8.39300000e-03
    5.03457000e+01    6.95780000e-02
    1.79133000e+01   -3.89908000e-01
    3.80531000e+00    6.94497000e-01
    1.74968000e+00    4.91354000e-01
6  0
    2.80860000e+03   -6.35000000e-04
    4.21180000e+02   -3.49200000e-03
    5.03457000e+01   -2.51950000e-02
    1.79133000e+01    1.50113000e-01
    3.80531000e+00   -3.66226000e-01
    1.74968000e+00   -3.83422000e-01
1  0
    4.48555000e-01    1.00000000e+00
1  0
    1.64498000e-01    1.00000000e+00
1  0
    5.02000000e-02    1.00000000e+00
6  1
    1.05752000e+02    5.34100000e-03
    2.76368000e+01   -8.30840000e-02
    6.59656000e+00    4.47766000e-01
    2.78522000e+00    5.50617000e-01
    1.07812000e+00    1.23500000e-01
    3.93537000e-01   -3.77100000e-03
6  1
    1.05752000e+02   -1.30800000e-03
    2.76368000e+01    2.29210000e-02
    6.59656000e+00   -1.45029000e-01
    2.78522000e+00   -2.09037000e-01
    1.07812000e+00    9.37300000e-02
    3.93537000e-01    6.05021000e-01
1  1
    1.27469000e-01    1.00000000e+00
1  1
    3.94000000e-02    1.00000000e+00
6  2
    1.43865000e+02    1.02370000e-02
    4.61163000e+01    7.60830000e-02
    1.73694000e+01    2.29807000e-01
    6.95107000e+00    4.03347000e-01
    2.75607000e+00    4.09728000e-01
    1.01178000e+00    1.62790000e-01
1  2
    4.29100000e-01    1.00000000e+00
1  2
    1.54800000e-01    1.00000000e+00
