26
1  0
    2.49886000e+01    1.00000000e+00
1  0
    1.55985000e+01    1.00000000e+00
1  0
    8.92825000e+00    1.00000000e+00
1  0
    3.05120000e+00    1.00000000e+00
1  0
    1.50424000e+00    1.00000000e+00
1  0
    8.31800000e-01    1.00000000e+00
1  0
    3.77193000e-01    1.00000000e+00
1  0
    2.42623000e-01    1.00000000e+00
1  1
    3.20254000e+01    1.00000000e+00
1  1
    1.82176000e+01    1.00000000e+00
1  1
    8.57389000e+00    1.00000000e+00
1  1
    3.49993000e+00    1.00000000e+00
1  1
    1.48665000e+00    1.00000000e+00
1  1
    6.43838000e-01    1.00000000e+00
1  1
    3.54343000e-01    1.00000000e+00
1  2
    3.62764000e+01    1.00000000e+00
1  2
    9.68586000e+00    1.00000000e+00
1  2
    3.62934000e+00    1.00000000e+00
1  2
    1.70758000e+00    1.00000000e+00
1  2
    7.48012000e-01    1.00000000e+00
1  2
    2.82475000e-01    1.00000000e+00
1  3
    1.34638000e+01    1.00000000e+00
1  3
    2.30997000e+00    1.00000000e+00
1  3
    7.29747000e-01    1.00000000e+00
1  4
    1.74366000e+01    1.00000000e+00
1  4
    1.58859000e+00    1.00000000e+00
