38
1  0
    8.84601524e+01    1.00000000e+00
1  0
    4.00866012e+01    1.00000000e+00
1  0
    1.65562014e+01    1.00000000e+00
1  0
    6.76349036e+00    1.00000000e+00
1  0
    4.27867016e+00    1.00000000e+00
1  0
    1.68020558e+00    1.00000000e+00
1  0
    8.82118274e-01    1.00000000e+00
1  0
    4.99253779e-01    1.00000000e+00
1  0
    2.92517212e-01    1.00000000e+00
1  0
    1.57146887e-01    1.00000000e+00
1  1
    5.58061313e+01    1.00000000e+00
1  1
    3.54370222e+01    1.00000000e+00
1  1
    8.25688887e+00    1.00000000e+00
1  1
    3.71130088e+00    1.00000000e+00
1  1
    1.38942731e+00    1.00000000e+00
1  1
    9.49476292e-01    1.00000000e+00
1  1
    5.39658365e-01    1.00000000e+00
1  1
    2.85582909e-01    1.00000000e+00
1  1
    1.54808353e-01    1.00000000e+00
1  2
    1.41000067e+02    1.00000000e+00
1  2
    4.40924170e+01    1.00000000e+00
1  2
    1.08589572e+01    1.00000000e+00
1  2
    3.51409673e+00    1.00000000e+00
1  2
    2.02220911e+00    1.00000000e+00
1  2
    9.94250373e-01    1.00000000e+00
1  2
    5.32985344e-01    1.00000000e+00
1  2
    2.29707617e-01    1.00000000e+00
1  3
    1.04055022e+02    1.00000000e+00
1  3
    1.31152096e+01    1.00000000e+00
1  3
    3.25184270e+00    1.00000000e+00
1  3
    1.85912853e+00    1.00000000e+00
1  3
    9.52966172e-01    1.00000000e+00
1  3
    4.63494521e-01    1.00000000e+00
1  4
    3.32417500e+01    1.00000000e+00
1  4
    1.18513375e+01    1.00000000e+00
1  4
    2.50756422e+00    1.00000000e+00
1  4
    8.57340236e-01    1.00000000e+00
1  5
    2.30453681e+00    1.00000000e+00
