27
11  0
    1.06290443e+07    5.93221043e-06
    1.59191827e+06    4.61189807e-05
    3.62333984e+05    2.42446124e-04
    1.02643111e+05    1.02314227e-03
    3.34898467e+04    3.71219842e-03
    1.20912472e+04    1.19781079e-02
    4.71619088e+03    3.46826928e-02
    1.95615981e+03    8.90683313e-02
    8.53085958e+02    1.93301246e-01
    3.87966337e+02    3.20711450e-01
    1.82851566e+02    3.29967976e-01
4  0
    3.24040864e+03    6.59051941e-03
    1.00046319e+03    6.84396097e-02
    3.83373017e+02    3.44954787e-01
    1.66039297e+02    8.23155421e-01
1  0
    8.79199070e+01    1.00000000e+00
1  0
    3.56758401e+01    1.00000000e+00
1  0
    1.75436578e+01    1.00000000e+00
1  0
    8.44736604e+00    1.00000000e+00
1  0
    3.96661806e+00    1.00000000e+00
1  0
    1.83568160e+00    1.00000000e+00
1  0
    5.90847788e-01    1.00000000e+00
1  0
    2.88632184e-01    1.00000000e+00
1  0
    1.21533805e-01    1.00000000e+00
10  1
    2.65664766e+04    6.20736574e-05
    6.29050886e+03    5.51316362e-04
    2.04331784e+03    3.16801110e-03
    7.81672210e+02    1.38165973e-02
    3.31510789e+02    4.80185397e-02
    1.51091987e+02    1.31620152e-01
    7.23952782e+01    2.68600522e-01
    3.58695108e+01    3.68273911e-01
    1.81399062e+01    2.71086129e-01
    9.04666889e+00    7.62153386e-02
5  1
    2.53718221e+02   -1.37291694e-03
    9.72508181e+01   -1.03938112e-02
    4.20348980e+01   -3.22042146e-02
    9.96856736e+00    2.42247701e-01
    4.93958547e+00    5.35578684e-01
1  1
    2.43828455e+00    1.00000000e+00
1  1
    1.18000000e+00    1.00000000e+00
1  1
    5.10475650e-01    1.00000000e+00
1  1
    2.12158519e-01    1.00000000e+00
1  1
    8.39436050e-02    1.00000000e+00
7  2
    6.01444345e+02    6.27837238e-04
    1.80857186e+02    5.72051572e-03
    6.99868063e+01    2.90025215e-02
    3.03247103e+01    9.64469898e-02
    1.40279092e+01    2.20658259e-01
    6.65117021e+00    3.36576424e-01
    3.13541683e+00    3.48720406e-01
1  2
    1.43935918e+00    2.09845365e-01
1  2
    5.93504414e-01    1.00000000e+00
1  2
    2.30000000e-01    1.00000000e+00
1  3
    1.27030624e+01    1.00000000e+00
1  3
    4.00834557e+00    1.00000000e+00
1  3
    8.25700000e-01    1.00000000e+00
1  3
    3.40700000e-01    1.00000000e+00
1  4
    6.49100000e-01    1.00000000e+00
