20
1  0
    6.24800000e+04    1.00000000e+00
1  0
    1.24960000e+04    1.00000000e+00
1  0
    3.12300000e+03    1.00000000e+00
1  0
    7.81000000e+02    1.00000000e+00
1  0
    1.95000000e+02    1.00000000e+00
1  0
    6.08000000e+01    1.00000000e+00
1  1
    6.08000000e+01    1.00000000e+00
1  0
    1.22000000e+01    1.00000000e+00
1  1
    1.22000000e+01    1.00000000e+00
1  0
    3.04000000e+00    1.00000000e+00
1  1
    3.04000000e+00    1.00000000e+00
1  0
    7.60000000e-01    1.00000000e+00
1  1
    7.60000000e-01    1.00000000e+00
1  0
    1.90000000e-01    1.00000000e+00
1  1
    1.90000000e-01    1.00000000e+00
1  2
    6.08000000e+01    1.00000000e+00
1  2
    1.22000000e+01    1.00000000e+00
1  2
    3.04000000e+00    1.00000000e+00
1  2
    7.60000000e-01    1.00000000e+00
1  2
    1.90000000e-01    1.00000000e+00
