Br nelec 10
Br ul
2      1.0000000              0.0000000        
Br S
2     70.0242570             49.9628340        
2     31.1784120            370.0142050        
2      7.1565930             10.2414390        
Br P
2     46.7734710             99.1122440        
2     46.1841200            198.2530460        
2     21.7138580             28.2617400        
2     20.9417920             56.6233660        
Br D
2     50.6988390            -18.6058530        
2     50.6447640            -27.9232800        
2     15.4475090             -0.3796930        
2     15.5002590             -0.7805830        
2      2.8003910              0.0359680        
2      1.0774800              0.0943970        
Br F
2     14.4656060             -1.0912690        
2     21.2340650             -2.8876910        
