15
6  0
    1.13451000e+05    1.82955000e-03
    1.70350000e+04    1.40294000e-02
    3.87649000e+03    6.97279000e-02
    1.09493000e+03    2.43800000e-01
    3.56873000e+02    5.00000000e-01
    1.23323000e+02    3.97787000e-01
4  0
    2.35685000e+02   -7.93375000e-02
    2.84902000e+01    5.00000000e-01
    1.28794000e+01    3.67714000e-01
    4.41726000e+00    4.48635000e-02
2  0
    3.50422000e+00    5.00000000e-01
    1.46486000e+00    2.19755000e-01
1  0
    3.79466000e-01    1.00000000e+00
1  0
    1.38320000e-01    1.00000000e+00
5  1
    2.04303000e+04    2.10448000e-04
    3.14313000e+03    4.16240000e-03
    7.43629000e+02    3.57538000e-02
    2.39944000e+02    1.68181000e-01
    8.99336000e+01    5.00000000e-01
1  1
    3.65863000e+01    1.00000000e+00
1  1
    1.55655000e+01    1.00000000e+00
1  1
    5.71200000e+00    1.00000000e+00
1  1
    2.16339000e+00    1.00000000e+00
1  1
    5.21999000e-01    1.00000000e+00
1  1
    1.50670000e-01    1.00000000e+00
5  2
    1.67891000e+02    1.10919000e-02
    4.93481000e+01    7.83434000e-02
    1.80462000e+01    2.65126000e-01
    7.16949000e+00    4.86798000e-01
    2.80697000e+00    5.00000000e-01
1  2
    1.01315000e+00    1.00000000e+00
1  2
    3.37000000e-01    1.00000000e+00
