35
15  0
    6.58393000e+07    9.27967000e-07
    9.62313000e+06    7.42017000e-06
    2.16999000e+06    3.92846000e-05
    6.12517000e+05    1.66482000e-04
    1.99519000e+05    6.07913000e-04
    7.20631000e+04    1.98174000e-03
    2.82419000e+04    5.86855000e-03
    1.18290000e+04    1.60577000e-02
    5.20505000e+03    4.12558000e-02
    2.37154000e+03    9.78929000e-02
    1.12203000e+03    2.05551000e-01
    5.41846000e+02    3.74636000e-01
    2.64220000e+02    5.00000000e-01
    1.30679000e+02    3.82794000e-01
    6.42819000e+01    1.05700000e-01
7  0
    2.82484000e+03   -1.11188000e-03
    8.76822000e+02   -1.11754000e-02
    3.40081000e+02   -5.03751000e-02
    1.50980000e+02   -1.01915000e-01
    3.67817000e+01    3.46278000e-01
    1.93946000e+01    5.00000000e-01
    1.06769000e+01    2.48971000e-01
5  0
    1.48161000e+02    5.88009000e-03
    3.73977000e+01   -8.11189000e-02
    1.98192000e+01   -3.27422000e-01
    1.07776000e+01   -2.30358000e-01
    6.06872000e+00    5.00000000e-01
1  0
    3.09692000e+00    1.00000000e+00
1  0
    1.52188000e+00    1.00000000e+00
1  0
    5.57607000e-01    1.00000000e+00
1  0
    2.60920000e-01    1.00000000e+00
1  0
    1.12730000e-01    1.00000000e+00
7  1
    6.17079000e+05    8.32058000e-06
    9.49352000e+04    1.71720000e-04
    2.23726000e+04    1.61070000e-03
    7.29075000e+03    9.29823000e-03
    2.82887000e+03    4.12415000e-02
    1.23449000e+03    1.50522000e-01
    5.74539000e+02    5.00000000e-01
1  1
    2.79150000e+02    1.00000000e+00
1  1
    1.39903000e+02    1.00000000e+00
1  1
    7.21594000e+01    1.00000000e+00
1  1
    3.83335000e+01    1.00000000e+00
1  1
    2.05809000e+01    1.00000000e+00
1  1
    1.10945000e+01    1.00000000e+00
1  1
    5.75624000e+00    1.00000000e+00
1  1
    2.97676000e+00    1.00000000e+00
1  1
    1.50348000e+00    1.00000000e+00
1  1
    6.95787000e-01    1.00000000e+00
1  1
    3.22044000e-01    1.00000000e+00
1  1
    1.40545000e-01    1.00000000e+00
1  1
    5.84663000e-02    1.00000000e+00
8  2
    1.62644000e+03    1.19006000e-04
    4.94279000e+02    1.17327000e-03
    1.94131000e+02    6.72909000e-03
    8.78924000e+01    2.75555000e-02
    4.19365000e+01    9.34644000e-02
    2.06639000e+01    2.23053000e-01
    1.06583000e+01    3.93324000e-01
    5.54013000e+00    5.00000000e-01
1  2
    2.86779000e+00    1.00000000e+00
1  2
    1.44095000e+00    1.00000000e+00
1  2
    6.91570000e-01    1.00000000e+00
1  2
    2.84902000e-01    1.00000000e+00
1  2
    1.14000000e-01    1.00000000e+00
1  3
    7.69000000e+00    1.00000000e+00
1  3
    2.26000000e+00    1.00000000e+00
1  3
    6.70000000e-01    1.00000000e+00
1  3
    2.66000000e-01    1.00000000e+00
1  4
    2.04000000e+00    1.00000000e+00
1  4
    5.10000000e-01    1.00000000e+00
1  5
    7.70000000e-01    1.00000000e+00
