8
6  0
    2.72756608e+04    9.16359628e-03
    5.00096254e+03    4.93614929e-02
    1.39908910e+03    1.68538305e-01
    4.80624867e+02    3.70562800e-01
    1.86640701e+02    4.16491530e-01
    7.68689474e+01    1.30334084e-01
6  0
    2.27942640e+03   -1.32527881e-02
    4.51157972e+02   -4.69917101e-02
    1.40219561e+02   -3.37853715e-02
    5.39475194e+01    2.50241786e-01
    2.34294444e+01    5.95117253e-01
    1.07394286e+01    2.40706176e-01
6  1
    2.27942640e+03    3.75969662e-03
    4.51157972e+02    3.76793698e-02
    1.40219561e+02    1.73896744e-01
    5.39475194e+01    4.18036435e-01
    2.34294444e+01    4.25859548e-01
    1.07394286e+01    1.01708296e-01
6  0
    1.16788162e+02   -7.94312636e-03
    3.36290446e+01   -7.10026417e-02
    1.32271452e+01   -1.78502693e-01
    6.04525492e+00    1.51063506e-01
    3.00851789e+00    7.35491477e-01
    1.54506064e+00    2.76059312e-01
6  1
    1.16788162e+02   -7.13935891e-03
    3.36290446e+01   -1.82927707e-02
    1.32271452e+01    7.62162143e-02
    6.04525492e+00    4.14509860e-01
    3.00851789e+00    4.88962147e-01
    1.54506064e+00    1.05881652e-01
6  0
    7.73386588e+00    3.77505600e-03
    2.48849157e+00   -5.58596500e-02
    1.06324696e+00   -3.19294600e-01
    5.30203134e-01   -2.76478000e-02
    2.86180385e-01    9.04919900e-01
    1.59133048e-01    3.40625800e-01
6  1
    7.73386588e+00   -7.05207500e-03
    2.48849157e+00   -5.25950500e-02
    1.06324696e+00   -3.77345000e-02
    5.30203134e-01    3.87477300e-01
    2.86180385e-01    5.79167200e-01
    1.59133048e-01    1.22181700e-01
6  2
    1.16788162e+02    6.63343439e-03
    3.36290446e+01    5.95817796e-02
    1.32271452e+01    2.40194958e-01
    6.04525492e+00    4.64811468e-01
    3.00851789e+00    3.43409233e-01
    1.54506064e+00    5.38905698e-02
