5
6    0
   3047.5249000              0.0018347        
    457.3695100              0.0140373        
    103.9486900              0.0688426        
     29.2101550              0.2321844        
      9.2866630              0.4679413        
      3.1639270              0.3623120        
3    10
      7.8682724             -0.1193324              0.0689991        
      1.8812885             -0.1608542              0.3164240        
      0.5442493              1.1434564              0.7443083        
1    10
      0.1687144              1.0000000              1.0000000        
1    2
      0.8000000              1.0000000        
1    10
      0.0438000              1.0000000              1.0000000
