17
1    0   
    170.836443               1.0
1    0   
     44.874653               1.0
1    0   
     13.663231               1.0
1    0   
      4.747730               1.0
1    0   
      1.834876               1.0
1    0   
      0.760324               1.0
1    0   
      0.322826               1.0
1    1   
     18.302316               1.0
1    1   
      6.516678               1.0
1    1   
      2.320313               1.0
1    1   
      0.826165               1.0
1    1   
      0.294162               1.0
1    2   
      3.666356               1.0
1    2   
      0.949403               1.0
1    2   
      0.496685               1.0
1    3   
      1.116969               1.0
1    4   
      0.790582               1.0
