15
1    0
    120.498651               1.0
1    0
     45.116782               1.0
1    0
     16.892505               1.0
1    0
      6.324846               1.0
1    0
      2.368132               1.0
1    0
      0.886670               1.0
1    1
     13.216186               1.0
1    1
      3.884909               1.0
1    1
      1.141972               1.0
1    1
      0.335684               1.0
1    2
      3.750089               1.0
1    2
      1.207332               1.0
1    2
      0.388698               1.0
1    3
      1.344106               1.0
1    4
      0.769479               1.0
