8
10  0
    3.13592070e+01   -3.63200000e-03
    1.95326110e+01    2.83120000e-02
    1.23210650e+01   -1.12395000e-01
    7.95348600e+00    2.43665000e-01
    5.06386700e+00   -2.25811000e-01
    2.74314700e+00   -7.51950000e-02
    1.21967900e+00    5.49900000e-03
    6.07277000e-01    3.55353000e-01
    2.49721000e-01    5.48758000e-01
    1.01103000e-01    2.21886000e-01
1  0
    1.19553000e-01    1.00000000e+00
1  0
    9.79530000e-02    1.00000000e+00
10  1
    2.38995790e+01   -1.25400000e-03
    1.48766770e+01    1.04070000e-02
    9.32992800e+00   -4.43540000e-02
    5.83548800e+00    7.96510000e-02
    3.50005600e+00   -6.98400000e-03
    2.28249500e+00    1.17968000e-01
    9.67315000e-01    2.50431000e-01
    4.10353000e-01    3.76447000e-01
    1.72128000e-01    3.36405000e-01
    7.07350000e-02    1.08754000e-01
1  1
    1.41339000e-01    1.00000000e+00
1  1
    3.93470000e-02    1.00000000e+00
1  2
    5.58742000e-01    1.00000000e+00
1  2
    1.52552000e-01    1.00000000e+00
