59
1  0
    5.04364000e+02    1.00000000e+00
1  0
    1.18217000e+02    1.00000000e+00
1  0
    4.29857000e+01    1.00000000e+00
1  0
    1.67371000e+01    1.00000000e+00
1  0
    8.63062000e+00    1.00000000e+00
1  0
    4.99019000e+00    1.00000000e+00
1  0
    2.69854000e+00    1.00000000e+00
1  0
    1.42711000e+00    1.00000000e+00
1  0
    7.40874000e-01    1.00000000e+00
1  0
    4.08988000e-01    1.00000000e+00
1  0
    2.26045000e-01    1.00000000e+00
1  0
    1.26087000e-01    1.00000000e+00
1  1
    8.00496000e+01    1.00000000e+00
1  1
    2.23192000e+01    1.00000000e+00
1  1
    9.54138000e+00    1.00000000e+00
1  1
    3.69740000e+00    1.00000000e+00
1  1
    2.14503000e+00    1.00000000e+00
1  1
    1.23236000e+00    1.00000000e+00
1  1
    7.78061000e-01    1.00000000e+00
1  1
    4.92114000e-01    1.00000000e+00
1  1
    2.78011000e-01    1.00000000e+00
1  1
    1.50340000e-01    1.00000000e+00
1  2
    1.45527000e+01    1.00000000e+00
1  2
    5.04125000e+00    1.00000000e+00
1  2
    2.59568000e+00    1.00000000e+00
1  2
    1.73101000e+00    1.00000000e+00
1  2
    1.13139000e+00    1.00000000e+00
1  2
    6.24443000e-01    1.00000000e+00
1  2
    3.16655000e-01    1.00000000e+00
1  2
    1.52730000e-01    1.00000000e+00
1  3
    1.02449000e+01    1.00000000e+00
1  3
    4.77132000e+00    1.00000000e+00
1  3
    2.73682000e+00    1.00000000e+00
1  3
    1.58193000e+00    1.00000000e+00
1  3
    8.42884000e-01    1.00000000e+00
1  3
    5.62389000e-01    1.00000000e+00
1  3
    3.11513000e-01    1.00000000e+00
1  4
    7.49036000e+00    1.00000000e+00
1  4
    3.10414000e+00    1.00000000e+00
1  4
    1.89217000e+00    1.00000000e+00
1  4
    1.19115000e+00    1.00000000e+00
1  4
    7.81868000e-01    1.00000000e+00
1  4
    3.85825000e-01    1.00000000e+00
1  5
    4.06855000e+00    1.00000000e+00
1  5
    2.39688000e+00    1.00000000e+00
1  5
    1.26308000e+00    1.00000000e+00
1  5
    7.94718000e-01    1.00000000e+00
1  6
    3.01657000e+00    1.00000000e+00
1  6
    1.98322000e+00    1.00000000e+00
1  6
    1.13462000e+00    1.00000000e+00
1  7
    1.98022000e+00    1.00000000e+00
1  0
    7.03308000e-02    1.00000000e+00
1  1
    8.12994000e-02    1.00000000e+00
1  2
    7.36652000e-02    1.00000000e+00
1  3
    1.22113000e-01    1.00000000e+00
1  4
    1.93209000e-01    1.00000000e+00
1  5
    3.83145000e-01    1.00000000e+00
1  6
    6.39485000e-01    1.00000000e+00
1  7
    9.89427000e-01    1.00000000e+00
