41
14  0
    9.67700000e+04    2.50000000e-05
    1.45000000e+04    1.90000000e-04
    3.30000000e+03    1.00000000e-03
    9.35800000e+02    4.18300000e-03
    3.06200000e+02    1.48590000e-02
    1.11300000e+02    4.53010000e-02
    4.39000000e+01    1.16504000e-01
    1.84000000e+01    2.40249000e-01
    8.05400000e+00    3.58799000e-01
    3.63700000e+00    2.93941000e-01
    1.65600000e+00    7.76650000e-02
    6.33300000e-01    2.33300000e-03
    2.54500000e-01    5.05000000e-04
    1.01900000e-01    3.00000000e-05
14  0
    9.67700000e+04   -5.00000000e-06
    1.45000000e+04   -4.10000000e-05
    3.30000000e+03   -2.13000000e-04
    9.35800000e+02   -8.97000000e-04
    3.06200000e+02   -3.18700000e-03
    1.11300000e+02   -9.96100000e-03
    4.39000000e+01   -2.63750000e-02
    1.84000000e+01   -6.00010000e-02
    8.05400000e+00   -1.06825000e-01
    3.63700000e+00   -1.44166000e-01
    1.65600000e+00   -2.46442000e-02
    6.33300000e-01    3.49009000e-01
    2.54500000e-01    5.58737000e-01
    1.01900000e-01    2.28102000e-01
1  0
    1.65600000e+00    1.00000000e+00
1  0
    6.33300000e-01    1.00000000e+00
1  0
    2.54500000e-01    1.00000000e+00
1  0
    1.01900000e-01    1.00000000e+00
1  0
    9.18500000e+00    1.00000000e+00
1  0
    2.07950000e+01    1.00000000e+00
1  0
    4.70800000e+01    1.00000000e+00
1  0
    1.06588000e+02    1.00000000e+00
1  0
    3.94000000e-02    1.00000000e+00
8  1
    1.01800000e+02    8.91000000e-04
    2.40400000e+01    6.97600000e-03
    7.57100000e+00    3.16690000e-02
    2.73200000e+00    1.04006000e-01
    1.08500000e+00    2.41633000e-01
    4.49600000e-01    3.71946000e-01
    1.87600000e-01    3.54200000e-01
    7.60600000e-02    1.31568000e-01
1  1
    1.08500000e+00    1.00000000e+00
1  1
    4.49600000e-01    1.00000000e+00
1  1
    1.87600000e-01    1.00000000e+00
1  1
    7.60600000e-02    1.00000000e+00
1  1
    7.66800000e+00    1.00000000e+00
1  1
    1.94840000e+01    1.00000000e+00
1  1
    4.95100000e+01    1.00000000e+00
1  1
    1.25804000e+02    1.00000000e+00
1  1
    2.72000000e-02    1.00000000e+00
1  2
    3.13400000e+00    1.00000000e+00
1  2
    1.23300000e+00    1.00000000e+00
1  2
    4.85000000e-01    1.00000000e+00
1  2
    1.91000000e-01    1.00000000e+00
1  2
    1.00090000e+01    1.00000000e+00
1  2
    2.80650000e+01    1.00000000e+00
1  2
    7.86950000e+01    1.00000000e+00
1  2
    7.01000000e-02    1.00000000e+00
1  3
    2.00600000e+00    1.00000000e+00
1  3
    8.38000000e-01    1.00000000e+00
1  3
    3.50000000e-01    1.00000000e+00
1  3
    1.16930000e+01    1.00000000e+00
1  3
    4.15690000e+01    1.00000000e+00
1  3
    1.38000000e-01    1.00000000e+00
1  4
    1.75300000e+00    1.00000000e+00
1  4
    6.78000000e-01    1.00000000e+00
1  4
    3.27800000e+01    1.00000000e+00
1  4
    3.19000000e-01    1.00000000e+00
1  5
    1.25900000e+00    1.00000000e+00
1  5
    5.86000000e-01    1.00000000e+00
