11
9  0
    6.66500000e+03    6.92000000e-04
    1.00000000e+03    5.32900000e-03
    2.28000000e+02    2.70770000e-02
    6.47100000e+01    1.01718000e-01
    2.10600000e+01    2.74740000e-01
    7.49500000e+00    4.48564000e-01
    2.79700000e+00    2.85074000e-01
    5.21500000e-01    1.52040000e-02
    1.59600000e-01   -3.19100000e-03
9  0
    6.66500000e+03   -1.46000000e-04
    1.00000000e+03   -1.15400000e-03
    2.28000000e+02   -5.72500000e-03
    6.47100000e+01   -2.33120000e-02
    2.10600000e+01   -6.39550000e-02
    7.49500000e+00   -1.49981000e-01
    2.79700000e+00   -1.27262000e-01
    5.21500000e-01    5.44529000e-01
    1.59600000e-01    5.80496000e-01
1  0
    1.59600000e-01    1.00000000e+00
1  0
    4.53000000e+00    1.00000000e+00
1  0
    4.69000000e-02    1.00000000e+00
4  1
    9.43900000e+00    3.81090000e-02
    2.00200000e+00    2.09480000e-01
    5.45600000e-01    5.08557000e-01
    1.51700000e-01    4.68842000e-01
1  1
    1.51700000e-01    1.00000000e+00
1  1
    1.45570000e+01    1.00000000e+00
1  1
    4.04100000e-02    1.00000000e+00
1  2
    5.50000000e-01    1.00000000e+00
1  2
    1.51000000e-01    1.00000000e+00
