10 
7    0 
  8236.0000000   5.41978320E-04
  1235.0000000   4.19287382E-03
   280.8000000   2.15221621E-02
    79.2700000   8.35343220E-02
    25.5900000   2.39582846E-01
     8.9970000   4.42852842E-01
     3.3190000   3.51799562E-01
6    0 
   280.8000000   -5.94922494E-05
    79.2700000   -1.14815831E-03
    25.5900000   -1.00191374E-02
     8.9970000   -6.12194923E-02
     3.3190000   -1.73269854E-01
     0.3643000    1.07291519E+00 
 1    0 
     0.9059000     1.0000000E+00    
 1    0 
     0.1285000     1.0000000E+00    
 3    1 
    18.7100000  3.94263872E-02
     4.1330000  2.44088985E-01
     1.2000000  8.15492009E-01 
 1    1 
     0.3827000     1.0000000E+00    
 1    1 
     0.1209000     1.0000000E+00    
 1    2 
     1.0970000     1.0000000E+00    
 1    2 
     0.3180000     1.0000000E+00    
 1    3 
     0.7610000     1.0000000E+00    
