15 
8    0 
 33980.0000000  1.46812411E-04
  5089.0000000  1.11646002E-03
  1157.0000000  5.89088711E-03
   326.6000000  2.42172555E-02
   106.1000000  8.31716388E-02
    38.1100000  2.20568478E-01
    14.7500000  4.28731497E-01
     6.0350000  3.64361422E-01
7    0 
  5089.0000000   -1.00226536E-05
   326.6000000   -4.36589437E-04
   106.1000000   -1.93231273E-03
    38.1100000   -2.14839477E-02
    14.7500000   -9.03091657E-02
     6.0350000   -4.18791512E-01
     2.5300000   -5.31801906E-01
 1    0 
     0.7355000     1.0000000E+00    
 1    0 
     0.2905000     1.0000000E+00    
 1    0 
     0.1111000     1.0000000E+00    
 3    1 
    34.5100000     5.3780000E-03    
     7.9150000     3.6132000E-02    
     2.3680000     1.4249300E-01    
 1    1 
     0.8132000     1.0000000E+00    
 1    1 
     0.2890000     1.0000000E+00    
 1    1 
     0.1007000     1.0000000E+00    
 1    2 
     1.8480000     1.0000000E+00    
 1    2 
     0.6490000     1.0000000E+00    
 1    2 
     0.2280000     1.0000000E+00    
 1    3 
     1.4190000     1.0000000E+00    
 1    3 
     0.4850000     1.0000000E+00    
 1    4 
     1.0110000     1.0000000E+00    
