15
8  0
    8.23600000e+03    5.31000000e-04
    1.23500000e+03    4.10800000e-03
    2.80800000e+02    2.10870000e-02
    7.92700000e+01    8.18530000e-02
    2.55900000e+01    2.34817000e-01
    8.99700000e+00    4.34401000e-01
    3.31900000e+00    3.46129000e-01
    3.64300000e-01   -8.98300000e-03
8  0
    8.23600000e+03   -1.13000000e-04
    1.23500000e+03   -8.78000000e-04
    2.80800000e+02   -4.54000000e-03
    7.92700000e+01   -1.81330000e-02
    2.55900000e+01   -5.57600000e-02
    8.99700000e+00   -1.26895000e-01
    3.31900000e+00   -1.70352000e-01
    3.64300000e-01    5.98684000e-01
1  0
    9.05900000e-01    1.00000000e+00
1  0
    1.28500000e-01    1.00000000e+00
1  0
    3.47400000e+00    1.00000000e+00
1  0
    8.82800000e+00    1.00000000e+00
3  1
    1.87100000e+01    1.40310000e-02
    4.13300000e+00    8.68660000e-02
    1.20000000e+00    2.90216000e-01
1  1
    3.82700000e-01    1.00000000e+00
1  1
    1.20900000e-01    1.00000000e+00
1  1
    5.44200000e+00    1.00000000e+00
1  1
    2.15520000e+01    1.00000000e+00
1  2
    1.09700000e+00    1.00000000e+00
1  2
    3.18000000e-01    1.00000000e+00
1  2
    4.95000000e+00    1.00000000e+00
1  3
    7.61000000e-01    1.00000000e+00
