 6 
 7    0 
  6665.0000000   6.93516317E-04
  1000.0000000   5.34150243E-03
   228.0000000   2.71366714E-02
    64.7100000   1.01992385E-01
    21.0600000   2.75508636E-01
     7.4950000   4.51086433E-01
     2.7970000   2.87565745E-01 
 7    0 
  6665.0000000   7.73354740E-06
   228.0000000   2.78072137E-04
    64.7100000  -2.57875654E-03
    21.0600000  -8.95087684E-03
     7.4950000  -1.06058855E-01
     2.7970000  -1.31517686E-01
     0.5215000   1.09948660E+00
 1    0 
     0.1596000     1.0000000E+00    
 3    1 
     9.4390000   5.69792516E-02
     2.0020000   3.13207212E-01
     0.5456000   7.60376742E-01
 1    1 
     0.1517000     1.0000000E+00    
 1    2 
     0.5500000     1.0000000E+00    
