22
1    0
    281.47693316              .48911748
1    0
     59.86260691             1.52506644
1    0
     23.28284492              .53278071
1    0
      9.43365439             1.0000000
1    0
      3.31157947             1.0000000
1    0
      1.07438579             1.0000000
1    0
       .40591700             1.0000000
1    0
       .20682782             1.0000000
1    1
     24.79432276             1.27505829
1    1
      6.37908678             1.30659648
1    1
      2.73619827             1.0000000
1    1
      1.13180785             1.0000000
1    1
       .49171280             1.0000000
1    1
       .23760591             1.0000000
2    2
      9.06768796              .47011119
      3.41167689             1.34112442
1    2
      1.41501615             1.0000000
1    2
       .58793486             1.0000000
1    2
       .25753087             1.0000000
1    3
      2.38701735              .79093613
1    3
      1.16067992             1.39179984
1    3
       .55289817              .10532469
1    4
      1.22884707             1.0000000
