10
1    0
   1114.00000000             1.00000000       
1    0
    223.00000000             1.00000000       
1    0
     55.72000000             1.00000000       
1    0
     13.90000000             1.00000000       
1    10
      4.40000000             1.00000000             1.00000000       
1    10
      0.87000000             1.00000000             1.00000000       
1    10
      0.22000000             1.00000000             1.00000000       
1    2
      4.40000000             1.00000000       
1    2
      0.87000000             1.00000000       
1    2
      0.22000000             1.00000000   
