11
6  0
    1.35753497e+04    2.22458144e-04
    2.03523337e+03    1.72327383e-03
    4.63225624e+02    8.92557153e-03
    1.31200196e+02    3.57279845e-02
    4.28530159e+01    1.10762599e-01
    1.55841858e+01    2.42956276e-01
2  0
    6.20671385e+00    4.14402634e-01
    2.57648965e+00    2.37449687e-01
1  0
    5.76963394e-01    1.00000000e+00
1  0
    2.29728314e-01    1.00000000e+00
1  0
    9.51644400e-02    1.00000000e+00
4  1
    3.46972322e+01    5.33336578e-03
    7.95826228e+00    3.58641091e-02
    2.37808269e+00    1.42158733e-01
    8.14332082e-01    3.42704718e-01
1  1
    2.88875473e-01    1.00000000e+00
1  1
    1.00568237e-01    1.00000000e+00
1  2
    1.09700000e+00    1.00000000e+00
1  2
    3.18000000e-01    1.00000000e+00
1  3
    7.61000000e-01    1.00000000e+00
