33
1    0
    202.295                  1.0000000
1    0
     51.3313                 1.0000000
1    0
     18.6563                 1.0000000
1    0
      9.75702                1.0000000
1    0
      2.08742                1.0000000
1    0
      1.36406                1.0000000
1    0
      0.755212               1.0000000
1    0
      0.393118               1.0000000
1    0
      0.238355               1.0000000
1    1
     55.2284                 1.0000000
1    1
     14.0178                 1.0000000
1    1
      6.12745                1.0000000
1    1
      3.21501                1.0000000
1    1
      1.52354                1.0000000
1    1
      0.803065               1.0000000
1    1
      0.39891                1.0000000
1    1
      0.211955               1.0000000
1    2
     17.1539                 1.0000000
1    2
      6.5149                 1.0000000
1    2
      3.39514                1.0000000
1    2
      1.78273                1.0000000
1    2
      1.02913                1.0000000
1    2
      0.522022               1.0000000
1    2
      0.320372               1.0000000
1    3
      5.44841115             1.0000000
1    3
      2.26301396             1.0000000
1    3
      1.73897844             1.0000000
1    3
      0.72979487             1.0000000
1    3
      0.34863256             1.0000000
1    4
      2.81277615             1.0000000
1    4
      1.34955758             1.0000000
1    4
      0.71325674             1.0000000
1    5
      1.48693611             1.0000000
