C nelec 2
C ul
1 9.145154870220142 4.000000000000000
2 9.583146928798048 113548.740695352647633
2 9.596454289266671 -113170.477571896739791
2 7.978832737934164 -629.568196246722883
2 11.997846932796598 242.065814047679144
3 5.847584223820742 36.580619480880567
C s
2 12.597132688102624 76930.899397931523497
2 13.375806328660095 -72385.415208797197080
2 10.907290207826068 -25988.903966649880048
2 14.479060280362468 16285.644187738241706
2 7.205967855214582 -998.134938902256861
2 8.750672888197353 6166.927977408283819
C p
2 8.322041741939014 -3127.366283839423283
2 9.536325703439793 1759.219310948118298
2 20.595115080589790 234.775392509155595
2 24.108280305491279 -98.302055378517717
2 14.122855281139389 -440.553817161369420
2 7.783889366603234 1670.903695194213490
