 6 
 5    0 
  1252.6000000     5.5736000E-03    
   188.5700000     4.1496000E-02    
    42.8390000     1.8263000E-01    
    11.8180000     4.6129000E-01    
     3.5567000     4.4931000E-01    
 5    0 
   188.5700000    -2.7440000E-04    
    42.8390000    -2.5583000E-03    
    11.8180000    -3.3375000E-02    
     3.5567000    -8.7305000E-02    
     0.5425800     5.3415000E-01    
 1    0 
     0.1605800     1.0000000E+00    
 3    1 
     9.1426000     4.4499000E-02    
     1.9298000     2.3108000E-01    
     0.5252200     5.1227000E-01    
 1    1 
     0.1360800     1.0000000E+00    
 1    2 
     0.8000000     1.0000000E+00    
