20
9  0
    1.43581000e+05    2.67190000e-05
    2.15133000e+04    2.07621000e-04
    4.89740000e+03    1.09088000e-03
    1.38722000e+03    4.59228000e-03
    4.52628000e+02    1.65435000e-02
    1.63519000e+02    5.21382000e-02
    6.39884000e+01    1.41043000e-01
    2.71173000e+01    2.91555000e-01
    1.02722000e+01    5.00000000e-01
3  0
    1.56528000e+01    1.20341000e-01
    4.78395000e+00    5.00000000e-01
    2.13710000e+00    2.45824000e-01
1  0
    6.65860000e-01    1.00000000e+00
1  0
    2.59029000e-01    1.00000000e+00
1  0
    9.71914000e-02    1.00000000e+00
3  1
    9.59030000e+02    2.90247000e-03
    1.47543000e+02    5.77954000e-02
    3.47418000e+01    5.00000000e-01
1  1
    1.08264000e+01    1.00000000e+00
1  1
    4.15975000e+00    1.00000000e+00
1  1
    1.70307000e+00    1.00000000e+00
1  1
    7.31895000e-01    1.00000000e+00
1  1
    3.15028000e-01    1.00000000e+00
1  1
    1.31999000e-01    1.00000000e+00
1  1
    5.17848000e-02    1.00000000e+00
1  2
    5.20000000e+00    1.00000000e+00
1  2
    1.35000000e+00    1.00000000e+00
1  2
    5.20000000e-01    1.00000000e+00
1  2
    2.00000000e-01    1.00000000e+00
1  3
    1.50000000e+00    1.00000000e+00
1  3
    6.50000000e-01    1.00000000e+00
1  4
    1.40000000e+00    1.00000000e+00
