27 
11    0 
527780.0000000     2.9662000E-06    
 79105.0000000     2.3155000E-05    
 18006.0000000     1.2089000E-04    
  5100.8000000     5.1490000E-04    
  1664.7000000     1.8458000E-03    
   601.6600000     6.0286000E-03    
   235.4000000     1.7023000E-02    
    98.2630000     4.4077000E-02    
    43.2690000     8.9061000E-02    
    19.8580000     1.4817000E-01    
     9.5692000     6.1436000E-02    
10    0 
 18006.0000000     3.5663000E-07    
  5100.8000000    -3.5877000E-06    
  1664.7000000     1.8086000E-05    
   601.6600000     1.2461000E-06    
   235.4000000     7.1075000E-04    
    98.2630000     2.5346000E-03    
    43.2690000     1.9934000E-02    
    19.8580000     6.5047000E-02    
     9.5692000     2.7000000E-01    
     4.9373000     3.2854000E-01    
 1    0 
     2.6687000     1.0000000E+00    
 1    0 
     1.4674000     1.0000000E+00    
 1    0 
     0.6386300     1.0000000E+00    
 1    0 
     0.3024000     1.0000000E+00    
 1    0 
     0.1411600     1.0000000E+00    
 1    0 
     0.0637490     1.0000000E+00    
 5    1 
   382.2100000     9.8484000E-04    
    90.4890000     8.5847000E-03    
    28.8710000     4.8272000E-02    
    10.3850000     2.0454000E-01    
     4.4972000     4.9867000E-01    
 1    1 
     2.0274000     1.0000000E+00    
 1    1 
     0.9515400     1.0000000E+00    
 1    1 
     0.4481500     1.0000000E+00    
 1    1 
     0.2072100     1.0000000E+00    
 1    1 
     0.0948700     1.0000000E+00    
 1    1 
     0.0408430     1.0000000E+00    
 1    2 
     8.4000000     1.0000000E+00    
 1    2 
     3.0000000     1.0000000E+00    
 1    2 
     1.2000000     1.0000000E+00    
 1    2 
     0.5500000     1.0000000E+00    
 1    2 
     0.2500000     1.0000000E+00    
 1    2 
     0.1000000     1.0000000E+00    
 1    3 
     2.1000000     1.0000000E+00    
 1    3 
     0.9000000     1.0000000E+00    
 1    3 
     0.4000000     1.0000000E+00    
 1    4 
     2.1000000     1.0000000E+00    
 1    4 
     0.9000000     1.0000000E+00    
 1    5 
     1.8500000     1.0000000E+00    
