7
5  0
    1.24320000e+03    6.03366000e-03
    1.87145000e+02    4.49576000e-02
    4.25126000e+01    1.97901000e-01
    1.17393000e+01    5.00000000e-01
    3.50548000e+00    4.80364000e-01
2  0
    5.39089000e+00   -7.03980000e-02
    4.93341000e-01    5.00000000e-01
1  0
    1.49741000e-01    1.00000000e+00
3  1
    5.96736000e+01    6.29939000e-03
    9.18056000e+00    9.24897000e-02
    1.93658000e+00    5.00000000e-01
1  1
    5.26296000e-01    1.00000000e+00
1  1
    1.36319000e-01    1.00000000e+00
1  2
    8.00000000e-01    1.00000000e+00
