3
6  0
    7.42737049e+02    9.16359628e-03
    1.36180025e+02    4.93614929e-02
    3.80982635e+01    1.68538305e-01
    1.30877818e+01    3.70562800e-01
    5.08236865e+00    4.16491530e-01
    2.09320008e+00    1.30334084e-01
6  0
    3.04972395e+01   -1.32527881e-02
    6.03619960e+00   -4.69917101e-02
    1.87604634e+00   -3.37853715e-02
    7.21782647e-01    2.50241786e-01
    3.13470695e-01    5.95117253e-01
    1.43686555e-01    2.40706176e-01
6  1
    3.04972395e+01    3.75969660e-03
    6.03619960e+00    3.76793698e-02
    1.87604634e+00    1.73896744e-01
    7.21782647e-01    4.18036435e-01
    3.13470695e-01    4.25859548e-01
    1.43686555e-01    1.01708296e-01
