24
1  0
    2.04891451e+03    1.00000000e+00
1  0
    7.07217098e+02    1.00000000e+00
1  0
    2.58437725e+02    1.00000000e+00
1  0
    9.96760524e+01    1.00000000e+00
1  0
    4.04208904e+01    1.00000000e+00
1  0
    1.71562763e+01    1.00000000e+00
1  0
    7.58108265e+00    1.00000000e+00
1  0
    3.46651853e+00    1.00000000e+00
1  0
    1.62918655e+00    1.00000000e+00
1  0
    7.81202290e-01    1.00000000e+00
1  0
    3.79202020e-01    1.00000000e+00
1  0
    1.84826320e-01    1.00000000e+00
1  1
    1.35472892e+01    1.00000000e+00
1  1
    5.46694190e+00    1.00000000e+00
1  1
    2.17517210e+00    1.00000000e+00
1  1
    8.58219400e-01    1.00000000e+00
1  1
    3.37672000e-01    1.00000000e+00
1  2
    5.92872530e+00    1.00000000e+00
1  2
    1.98092090e+00    1.00000000e+00
1  2
    8.05541700e-01    1.00000000e+00
1  2
    3.53124400e-01    1.00000000e+00
1  3
    1.67556260e+00    1.00000000e+00
1  3
    5.99753600e-01    1.00000000e+00
1  4
    1.00246000e+00    1.00000000e+00
