20
6  0
    2.02699000e+05    2.22964000e-04
    3.03825000e+04    1.72932000e-03
    6.91508000e+03    9.00226000e-03
    1.95902000e+03    3.66699000e-02
    6.40936000e+02    1.19410000e-01
    2.33977000e+02    2.91825000e-01
2  0
    9.22892000e+01    4.04415000e-01
    3.72545000e+01    2.96313000e-01
1  0
    9.13198000e+00    1.00000000e+00
1  0
    3.81779000e+00    1.00000000e+00
1  0
    1.04935000e+00    1.00000000e+00
1  0
    4.28660000e-01    1.00000000e+00
1  0
    6.28226000e-02    1.00000000e+00
1  0
    2.60162000e-02    1.00000000e+00
3  1
    1.01976000e+03    2.05986000e-03
    2.41596000e+02    1.66501000e-02
    7.76370000e+01    7.77646000e-02
3  1
    2.91154000e+01    2.41806000e-01
    1.17626000e+01    4.32578000e-01
    4.92289000e+00    3.67325000e-01
1  1
    1.90645000e+00    1.00000000e+00
1  1
    7.36900000e-01    1.00000000e+00
1  1
    2.76420000e-01    1.00000000e+00
1  1
    6.02700000e-02    1.00000000e+00
1  1
    1.79100000e-02    1.00000000e+00
1  0
    7.10000000e-03    1.00000000e+00
1  1
    7.10000000e-03    1.00000000e+00
3  2
    1.50800000e+01    3.68947000e-02
    3.92600000e+00    1.77820000e-01
    1.23300000e+00    4.25513000e-01
1  2
    5.20000000e-01    1.00000000e+00
1  2
    1.30000000e-01    1.00000000e+00
