11 
14    0 
190000.7000000     2.2145000E-04    
 28481.4600000     1.7183000E-03    
  6482.7010000     8.9234800E-03    
  1835.8910000     3.6301830E-02    
   598.7243000     1.1762223E-01    
   215.8841000     2.8604352E-01    
    84.0124200     4.2260708E-01    
    34.2248800     2.5774366E-01    
    10.0249700     2.3918930E-02    
     4.0559200    -4.9521800E-03    
     1.0202610     1.7177900E-03    
     0.4268650    -8.9209000E-04    
     0.0633470     2.4510000E-04    
     0.0263010    -1.2395000E-04    
14    0 
190000.7000000    -6.4530000E-05    
 28481.4600000    -4.9662000E-04    
  6482.7010000    -2.6282600E-03    
  1835.8910000    -1.0668450E-02    
   598.7243000    -3.7135090E-02    
   215.8841000    -9.8042840E-02    
    84.0124200    -2.0342692E-01    
    34.2248800    -1.5244655E-01    
    10.0249700     4.8279406E-01    
     4.0559200     6.2923839E-01    
     1.0202610     6.1648420E-02    
     0.4268650    -1.4799710E-02    
     0.0633470     3.6108900E-03    
     0.0263010    -1.7927300E-03    
14    0 
190000.7000000     2.2230000E-05    
 28481.4600000     1.7170000E-04    
  6482.7010000     9.0452000E-04    
  1835.8910000     3.7034300E-03    
   598.7243000     1.2837500E-02    
   215.8841000     3.4754590E-02    
    84.0124200     7.3034910E-02    
    34.2248800     6.1000830E-02    
    10.0249700    -2.4292928E-01    
     4.0559200    -4.8708500E-01    
     1.0202610     5.6502804E-01    
     0.4268650     6.5574386E-01    
     0.0633470     2.6728940E-02    
     0.0263010    -9.9995900E-03    
14    0 
190000.7000000     5.3100000E-06    
 28481.4600000     4.1110000E-05    
  6482.7010000     2.1568000E-04    
  1835.8910000     8.8827000E-04    
   598.7243000     3.0581300E-03    
   215.8841000     8.3760800E-03    
    84.0124200     1.7410560E-02    
    34.2248800     1.5154530E-02    
    10.0249700    -6.2079190E-02    
     4.0559200    -1.2611803E-01    
     1.0202610     1.7360694E-01    
     0.4268650     3.7822943E-01    
     0.0633470    -6.5964698E-01    
     0.0263010    -4.9022159E-01    
 1    0 
     0.0263010     1.0000000E+00    
11    1 
  1072.0430000     1.9816600E-03    
   253.8439000     1.6129440E-02    
    81.3162600     7.6578510E-02    
    30.2418300     2.3269594E-01    
    12.1011000     4.2445210E-01    
     5.0225540     3.7326402E-01    
     1.9092200     7.8685300E-02    
     0.7713040    -5.9992700E-03    
     0.3005700     2.6425700E-03    
     0.0766490    -8.5694000E-04    
     0.0277720     3.3147000E-04    
11    1 
  1072.0430000    -6.4891000E-04    
   253.8439000    -5.2790700E-03    
    81.3162600    -2.5811310E-02    
    30.2418300    -8.0628920E-02    
    12.1011000    -1.5846552E-01    
     5.0225540    -1.2816816E-01    
     1.9092200     2.5610103E-01    
     0.7713040     5.8724068E-01    
     0.3005700     3.0372561E-01    
     0.0766490     1.4164510E-02    
     0.0277720    -1.1522400E-03    
11    1 
  1072.0430000     1.3595000E-04    
   253.8439000     1.0942000E-03    
    81.3162600     5.4268000E-03    
    30.2418300     1.6747180E-02    
    12.1011000     3.3898630E-02    
     5.0225540     2.5311830E-02    
     1.9092200    -5.8957130E-02    
     0.7713040    -1.5876120E-01    
     0.3005700    -8.5545230E-02    
     0.0766490     5.4464665E-01    
     0.0277720     5.6631276E-01    
 1    1 
     0.0277720     1.0000000E+00    
 5    2 
    10.3182000     3.2849000E-02    
     2.5924200     1.4819200E-01    
     0.7617000     3.1092100E-01    
     0.2083800     4.5219500E-01    
     0.0537000     4.8086500E-01    
 1    2 
     0.0537000     1.0000000E+00    
