19
1  0
    1.39000000e+04    1.00000000e+00
1  0
    2.80000000e+03    1.00000000e+00
1  0
    7.00000000e+02    1.00000000e+00
1  0
    1.74000000e+02    1.00000000e+00
1  0
    4.35000000e+01    1.00000000e+00
1  10
    5.40000000e-02    1.00000000e+00
1  10
    5.40000000e-02    1.00000000e+00
1  10
    1.36000000e+01    1.00000000e+00
1  10
    1.36000000e+01    1.00000000e+00
1  10
    2.72000000e+00    1.00000000e+00
1  10
    2.72000000e+00    1.00000000e+00
1  10
    6.80000000e-01    1.00000000e+00
1  10
    6.80000000e-01    1.00000000e+00
1  10
    1.70000000e-01    1.00000000e+00
1  10
    1.70000000e-01    1.00000000e+00
1  2
    1.36000000e+01    1.00000000e+00
1  2
    2.72000000e+00    1.00000000e+00
1  2
    6.80000000e-01    1.00000000e+00
1  2
    1.70000000e-01    1.00000000e+00
