10
5  0
    1.45898000e+04    5.55866000e-03
    2.19481000e+03    4.16898000e-02
    4.98932000e+02    1.89225000e-01
    1.39721000e+02    5.00000000e-01
    4.41702000e+01    4.71399000e-01
2  0
    6.69644000e+00    5.00000000e-01
    2.44545000e+00    1.91210000e-01
2  0
    7.87315000e-01    5.00000000e-01
    3.05710000e-01    2.21423000e-01
1  0
    6.26162000e-02    1.00000000e+00
1  0
    2.60257000e-02    1.00000000e+00
5  1
    1.57338000e+03    1.29339000e-03
    2.42059000e+02    2.30273000e-02
    5.64923000e+01    1.53653000e-01
    1.72175000e+01    4.44895000e-01
    5.72107000e+00    5.00000000e-01
1  1
    1.54742000e+00    1.00000000e+00
1  1
    4.64800000e-01    1.00000000e+00
1  1
    8.71000000e-02    1.00000000e+00
2  2
    1.09380000e+00    2.14014000e-01
    1.57593000e-01    5.00000000e-01
