18
10  0
    7.19889000e+05    5.75931000e-05
    1.07869000e+05    4.47381000e-04
    2.45557000e+04    2.34667000e-03
    6.95581000e+03    9.82670000e-03
    2.26901000e+03    3.48624000e-02
    8.18948000e+02    1.05644000e-01
    3.19542000e+02    2.60883000e-01
    1.30480000e+02    4.86828000e-01
    5.52702000e+01    5.00000000e-01
    2.39661000e+01    1.77212000e-01
4  0
    1.97327000e+02   -2.08417000e-02
    5.96741000e+01   -1.00875000e-01
    8.90333000e+00    5.00000000e-01
    3.58432000e+00    5.08294000e-01
2  0
    5.44564000e+00   -1.44056000e-01
    8.46209000e-01    5.00000000e-01
1  0
    3.54035000e-01    1.00000000e+00
1  0
    7.79394000e-02    1.00000000e+00
1  0
    3.00052000e-02    1.00000000e+00
5  1
    1.21637000e+04    1.53288000e-04
    1.87134000e+03    3.07234000e-03
    4.43780000e+02    2.71122000e-02
    1.42716000e+02    1.41656000e-01
    5.33905000e+01    5.00000000e-01
1  1
    2.19430000e+01    1.00000000e+00
1  1
    9.40029000e+00    1.00000000e+00
1  1
    4.06641000e+00    1.00000000e+00
1  1
    1.62114000e+00    1.00000000e+00
1  1
    6.61176000e-01    1.00000000e+00
1  1
    2.50611000e-01    1.00000000e+00
1  1
    5.41000000e-02    1.00000000e+00
2  2
    1.32089000e+01    1.10993000e-01
    3.50108000e+00    5.00000000e-01
1  2
    1.10007000e+00    1.00000000e+00
1  2
    3.27669000e-01    1.00000000e+00
1  2
    8.78047000e-02    1.00000000e+00
