23
12  0
    2.77736000e+06    1.12434000e-05
    4.16760000e+05    8.71582000e-05
    9.50218000e+04    4.57222000e-04
    2.69523000e+04    1.92576000e-03
    8.80303000e+03    6.97116000e-03
    3.18196000e+03    2.23779000e-02
    1.24311000e+03    6.39528000e-02
    5.14833000e+02    1.61304000e-01
    2.23000000e+02    3.34350000e-01
    1.00851000e+02    5.00000000e-01
    4.67567000e+01    4.36359000e-01
    2.15359000e+01    1.34230000e-01
7  0
    9.11018000e+02   -9.64001000e-04
    2.81481000e+02   -9.67922000e-03
    1.09242000e+02   -4.24597000e-02
    4.79009000e+01   -9.11441000e-02
    1.04937000e+01    3.34276000e-01
    5.12926000e+00    5.00000000e-01
    2.47203000e+00    2.18748000e-01
4  0
    8.19230000e+00   -9.43515000e-02
    3.63961000e+00   -2.52418000e-01
    1.28120000e+00    3.88710000e-01
    6.23094000e-01    5.00000000e-01
2  0
    7.04400000e-01    3.62748000e-01
    3.05718000e-01    5.00000000e-01
1  0
    9.37547000e-02    1.00000000e+00
1  0
    4.54259000e-02    1.00000000e+00
1  0
    2.02036000e-02    1.00000000e+00
6  1
    4.36675000e+04    3.36595000e-05
    6.71807000e+03    6.84332000e-04
    1.59327000e+03    6.30095000e-03
    5.17004000e+02    3.57156000e-02
    1.95954000e+02    1.54485000e-01
    8.33028000e+01    5.00000000e-01
1  1
    3.76276000e+01    1.00000000e+00
1  1
    1.77677000e+01    1.00000000e+00
1  1
    8.60094000e+00    1.00000000e+00
1  1
    4.14515000e+00    1.00000000e+00
1  1
    1.94360000e+00    1.00000000e+00
1  1
    9.28038000e-01    1.00000000e+00
1  1
    4.26600000e-01    1.00000000e+00
1  1
    1.83951000e-01    1.00000000e+00
1  1
    5.23000000e-02    1.00000000e+00
2  2
    2.31261000e+01    8.99756000e-02
    6.41028000e+00    5.00000000e-01
1  2
    2.08332000e+00    1.00000000e+00
1  2
    7.15861000e-01    1.00000000e+00
1  2
    2.26575000e-01    1.00000000e+00
1  2
    6.71729000e-02    1.00000000e+00
1  3
    5.00000000e-01    1.00000000e+00
