22
9  0
    2.57497000e+02    7.68000000e-04
    2.13546000e+01   -7.81940000e-02
    1.34806000e+01    4.60928000e-01
    8.48651000e+00   -5.36210000e-01
    5.32551000e+00   -4.00823000e-01
    1.62686000e+00    8.55362000e-01
    7.40469000e-01    4.89868000e-01
    1.80933000e-01    2.20290000e-02
    8.50960000e-02   -8.36000000e-03
9  0
    2.57497000e+02   -2.31000000e-04
    2.13546000e+01    2.22790000e-02
    1.34806000e+01   -1.38205000e-01
    8.48651000e+00    1.77784000e-01
    5.32551000e+00    1.05695000e-01
    1.62686000e+00   -3.25954000e-01
    7.40469000e-01   -2.99325000e-01
    1.80933000e-01    2.82100000e-01
    8.50960000e-02    6.02044000e-01
9  0
    2.57497000e+02    4.27000000e-04
    2.13546000e+01   -2.41760000e-02
    1.34806000e+01    2.19029000e-01
    8.48651000e+00   -1.98415000e-01
    5.32551000e+00   -5.64767000e-01
    1.62686000e+00    1.82151600e+00
    7.40469000e-01   -8.09869000e-01
    1.80933000e-01   -1.90985100e+00
    8.50960000e-02    1.43608800e+00
9  0
    2.57497000e+02    1.43900000e-03
    2.13546000e+01   -1.71929000e-01
    1.34806000e+01    9.49911000e-01
    8.48651000e+00   -1.51724700e+00
    5.32551000e+00    1.05512000e-01
    1.62686000e+00    3.39398300e+00
    7.40469000e-01   -4.04740900e+00
    1.80933000e-01    2.48697100e+00
    8.50960000e-02   -5.82469000e-01
1  0
    3.63840000e-02    1.00000000e+00
1  0
    1.56000000e-02    1.00000000e+00
8  1
    2.43165000e+02    1.13000000e-04
    1.39588000e+01    6.96720000e-02
    8.31001000e+00   -2.53675000e-01
    2.20200000e+00    4.82492000e-01
    1.10072000e+00    4.84550000e-01
    5.35975000e-01    1.79640000e-01
    2.13654000e-01    1.52290000e-02
    8.54690000e-02   -1.88000000e-04
8  1
    2.43165000e+02   -3.70000000e-05
    1.39588000e+01   -1.65070000e-02
    8.31001000e+00    6.36620000e-02
    2.20200000e+00   -1.46521000e-01
    1.10072000e+00   -1.56187000e-01
    5.35975000e-01   -2.73550000e-02
    2.13654000e-01    3.22601000e-01
    8.54690000e-02    5.56698000e-01
8  1
    2.43165000e+02   -6.10000000e-05
    1.39588000e+01   -3.30520000e-02
    8.31001000e+00    1.25530000e-01
    2.20200000e+00   -3.05273000e-01
    1.10072000e+00   -3.22369000e-01
    5.35975000e-01    1.81908000e-01
    2.13654000e-01    6.86379000e-01
    8.54690000e-02    3.21686000e-01
8  1
    2.43165000e+02   -8.60000000e-05
    1.39588000e+01   -7.19040000e-02
    8.31001000e+00    2.71227000e-01
    2.20200000e+00   -9.03959000e-01
    1.10072000e+00   -2.76021000e-01
    5.35975000e-01    1.49461400e+00
    2.13654000e-01   -2.07014000e-01
    8.54690000e-02   -7.30404000e-01
1  1
    3.38230000e-02    1.00000000e+00
1  1
    1.34000000e-02    1.00000000e+00
7  2
    8.60666000e+01    4.43000000e-04
    2.26386000e+01    5.00600000e-03
    1.21384000e+01   -1.60770000e-02
    3.44081000e+00    1.77152000e-01
    1.71761000e+00    3.66656000e-01
    8.14849000e-01    3.77226000e-01
    3.66007000e-01    2.33920000e-01
7  2
    8.60666000e+01    6.33000000e-04
    2.26386000e+01    7.30500000e-03
    1.21384000e+01   -2.38720000e-02
    3.44081000e+00    3.34044000e-01
    1.71761000e+00    5.44885000e-01
    8.14849000e-01   -1.74582000e-01
    3.66007000e-01   -6.04731000e-01
7  2
    8.60666000e+01   -3.26000000e-04
    2.26386000e+01   -1.46770000e-02
    1.21384000e+01    4.59900000e-02
    3.44081000e+00   -6.52558000e-01
    1.71761000e+00   -2.13073000e-01
    8.14849000e-01    1.14681100e+00
    3.66007000e-01   -2.15871000e-01
1  2
    1.50282000e-01    1.00000000e+00
1  2
    6.17000000e-02    1.00000000e+00
1  3
    2.90860000e+00    1.00000000e+00
1  3
    8.50800000e-01    1.00000000e+00
1  3
    3.38900000e-01    1.00000000e+00
1  4
    1.80190000e+00    1.00000000e+00
1  4
    8.34400000e-01    1.00000000e+00
