70
1  0
    1.68425000e+01    1.00000000e+00
1  0
    9.98603000e+00    1.00000000e+00
1  0
    7.71413000e+00    1.00000000e+00
1  0
    5.58084000e+00    1.00000000e+00
1  0
    3.17937000e+00    1.00000000e+00
1  0
    1.75924000e+00    1.00000000e+00
1  0
    1.09828000e+00    1.00000000e+00
1  0
    6.37667000e-01    1.00000000e+00
1  0
    3.33489000e-01    1.00000000e+00
1  0
    1.51817000e-01    1.00000000e+00
1  0
    6.88031000e-02    1.00000000e+00
1  0
    3.15007000e-02    1.00000000e+00
1  1
    1.31423000e+01    1.00000000e+00
1  1
    7.59981000e+00    1.00000000e+00
1  1
    5.62148000e+00    1.00000000e+00
1  1
    4.30601000e+00    1.00000000e+00
1  1
    2.48225000e+00    1.00000000e+00
1  1
    1.39012000e+00    1.00000000e+00
1  1
    8.05300000e-01    1.00000000e+00
1  1
    4.51115000e-01    1.00000000e+00
1  1
    2.42763000e-01    1.00000000e+00
1  1
    1.39659000e-01    1.00000000e+00
1  1
    7.15727000e-02    1.00000000e+00
1  1
    3.53177000e-02    1.00000000e+00
1  2
    1.30483000e+01    1.00000000e+00
1  2
    9.49772000e+00    1.00000000e+00
1  2
    7.20549000e+00    1.00000000e+00
1  2
    3.99856000e+00    1.00000000e+00
1  2
    2.26298000e+00    1.00000000e+00
1  2
    1.60147000e+00    1.00000000e+00
1  2
    8.49143000e-01    1.00000000e+00
1  2
    4.49577000e-01    1.00000000e+00
1  2
    2.66483000e-01    1.00000000e+00
1  2
    1.40098000e-01    1.00000000e+00
1  2
    6.91466000e-02    1.00000000e+00
1  3
    1.35412000e+01    1.00000000e+00
1  3
    9.47606000e+00    1.00000000e+00
1  3
    7.16840000e+00    1.00000000e+00
1  3
    4.12899000e+00    1.00000000e+00
1  3
    2.44652000e+00    1.00000000e+00
1  3
    1.45556000e+00    1.00000000e+00
1  3
    8.13254000e-01    1.00000000e+00
1  3
    5.05802000e-01    1.00000000e+00
1  3
    2.13990000e-01    1.00000000e+00
1  3
    1.11878000e-01    1.00000000e+00
1  4
    1.47636000e+01    1.00000000e+00
1  4
    8.70327000e+00    1.00000000e+00
1  4
    5.79500000e+00    1.00000000e+00
1  4
    3.52069000e+00    1.00000000e+00
1  4
    2.28175000e+00    1.00000000e+00
1  4
    1.25920000e+00    1.00000000e+00
1  4
    8.44012000e-01    1.00000000e+00
1  4
    3.95915000e-01    1.00000000e+00
1  4
    1.74553000e-01    1.00000000e+00
1  5
    9.40472000e+00    1.00000000e+00
1  5
    5.84715000e+00    1.00000000e+00
1  5
    3.74303000e+00    1.00000000e+00
1  5
    2.34237000e+00    1.00000000e+00
1  5
    1.43148000e+00    1.00000000e+00
1  5
    7.94617000e-01    1.00000000e+00
1  6
    6.09153000e+00    1.00000000e+00
1  6
    4.82775000e+00    1.00000000e+00
1  6
    2.66613000e+00    1.00000000e+00
1  6
    1.67807000e+00    1.00000000e+00
1  6
    1.02016000e+00    1.00000000e+00
1  7
    5.28419000e+00    1.00000000e+00
1  7
    3.70777000e+00    1.00000000e+00
1  7
    1.87640000e+00    1.00000000e+00
1  8
    5.75144000e+00    1.00000000e+00
1  8
    3.49445000e+00    1.00000000e+00
