40
1  0
    9.46694000e+00    1.00000000e+00
1  0
    5.76240000e+00    1.00000000e+00
1  0
    3.38139000e+00    1.00000000e+00
1  0
    1.98183000e+00    1.00000000e+00
1  0
    1.10201000e+00    1.00000000e+00
1  0
    6.35572000e-01    1.00000000e+00
1  0
    2.67407000e-01    1.00000000e+00
1  0
    9.42828000e-02    1.00000000e+00
1  1
    1.31295000e+01    1.00000000e+00
1  1
    6.53750000e+00    1.00000000e+00
1  1
    3.71197000e+00    1.00000000e+00
1  1
    1.72241000e+00    1.00000000e+00
1  1
    9.44220000e-01    1.00000000e+00
1  1
    4.98283000e-01    1.00000000e+00
1  1
    2.29789000e-01    1.00000000e+00
1  1
    9.79907000e-02    1.00000000e+00
1  2
    6.94798000e+00    1.00000000e+00
1  2
    4.09323000e+00    1.00000000e+00
1  2
    2.27213000e+00    1.00000000e+00
1  2
    1.10522000e+00    1.00000000e+00
1  2
    6.32719000e-01    1.00000000e+00
1  2
    2.94211000e-01    1.00000000e+00
1  3
    8.55873000e+00    1.00000000e+00
1  3
    4.59734000e+00    1.00000000e+00
1  3
    2.36031000e+00    1.00000000e+00
1  3
    1.18637000e+00    1.00000000e+00
1  3
    5.87825000e-01    1.00000000e+00
1  3
    3.13012000e-01    1.00000000e+00
1  4
    5.00022000e+00    1.00000000e+00
1  4
    2.90306000e+00    1.00000000e+00
1  4
    1.22826000e+00    1.00000000e+00
1  4
    5.40518000e-01    1.00000000e+00
1  5
    3.77381000e+00    1.00000000e+00
1  5
    2.19206000e+00    1.00000000e+00
1  0
    4.89753000e-02    1.00000000e+00
1  1
    4.58108000e-02    1.00000000e+00
1  2
    1.41550000e-01    1.00000000e+00
1  3
    1.57610000e-01    1.00000000e+00
1  4
    2.94134000e-01    1.00000000e+00
1  5
    9.90727000e-01    1.00000000e+00
