12
7  0
    2.23853000e+02    8.71000000e-04
    2.30948000e+01   -6.43070000e-02
    1.46522000e+01    3.01316000e-01
    6.57044400e+00   -7.60524000e-01
    1.53783000e+00    8.94071000e-01
    6.90984000e-01    4.27879000e-01
    1.34913000e-01    1.01880000e-02
7  0
    2.23853000e+02   -2.29000000e-04
    2.30948000e+01    1.55940000e-02
    1.46522000e+01   -8.10470000e-02
    6.57044400e+00    2.27251000e-01
    1.53783000e+00   -3.62563000e-01
    6.90984000e-01   -2.50783000e-01
    1.34913000e-01    6.13533000e-01
7  0
    2.23853000e+02    1.07700000e-03
    2.30948000e+01   -7.16490000e-02
    1.46522000e+01    2.88975000e-01
    6.57044400e+00   -7.31546000e-01
    1.53783000e+00    1.97689900e+00
    6.90984000e-01   -1.35195100e+00
    1.34913000e-01   -1.11867400e+00
1  0
    4.74420000e-02    1.00000000e+00
6  1
    1.37175000e+01    7.76160000e-02
    8.46322000e+00   -2.57943000e-01
    2.11820000e+00    5.35274000e-01
    9.89262000e-01    4.96362000e-01
    4.31781000e-01    1.23109000e-01
    1.39160000e-01    3.21000000e-03
6  1
    1.37175000e+01   -1.80110000e-02
    8.46322000e+00    6.37170000e-02
    2.11820000e+00   -1.58741000e-01
    9.89262000e-01   -1.76280000e-01
    4.31781000e-01    7.10060000e-02
    1.39160000e-01    5.77586000e-01
6  1
    1.37175000e+01   -3.07300000e-02
    8.46322000e+00    1.08744000e-01
    2.11820000e+00   -2.78231000e-01
    9.89262000e-01   -3.29390000e-01
    4.31781000e-01    3.54630000e-01
    1.39160000e-01    7.81458000e-01
1  1
    4.61490000e-02    1.00000000e+00
5  2
    3.16697000e+01    3.16300000e-03
    1.22214000e+01   -1.17910000e-02
    3.12199000e+00    2.41194000e-01
    1.38941000e+00    4.48998000e-01
    5.73203000e-01    3.80211000e-01
5  2
    3.16697000e+01   -4.87100000e-03
    1.22214000e+01    1.85820000e-02
    3.12199000e+00   -4.76673000e-01
    1.38941000e+00   -4.57604000e-01
    5.73203000e-01    5.71462000e-01
1  2
    2.11708000e-01    1.00000000e+00
1  3
    1.53930000e+00    1.00000000e+00
