30
15  0
    2.74366000e+04    5.00000000e-06
    3.90841000e+03    3.60000000e-05
    8.73494000e+02    1.70000000e-04
    2.40966000e+02    5.02000000e-04
    4.01547000e+01    1.27020000e-02
    2.49336000e+01   -1.03531000e-01
    1.55229000e+01    3.36420000e-01
    7.57283000e+00   -4.85199000e-01
    4.72689000e+00   -3.78388000e-01
    2.06319000e+00    5.22454000e-01
    1.12982000e+00    6.63771000e-01
    5.87227000e-01    2.28200000e-01
    2.36326000e-01    1.14000000e-02
    1.19029000e-01   -1.40500000e-03
    5.75930000e-02    4.30000000e-04
15  0
    2.74366000e+04   -1.00000000e-06
    3.90841000e+03   -1.10000000e-05
    8.73494000e+02   -5.00000000e-05
    2.40966000e+02   -1.63000000e-04
    4.01547000e+01   -3.25800000e-03
    2.49336000e+01    2.80860000e-02
    1.55229000e+01   -9.67480000e-02
    7.57283000e+00    1.57135000e-01
    4.72689000e+00    1.02499000e-01
    2.06319000e+00   -1.86541000e-01
    1.12982000e+00   -2.93146000e-01
    5.87227000e-01   -1.88175000e-01
    2.36326000e-01    1.46135000e-01
    1.19029000e-01    4.69664000e-01
    5.75930000e-02    4.68842000e-01
15  0
    2.74366000e+04   -4.00000000e-06
    3.90841000e+03   -3.00000000e-05
    8.73494000e+02   -1.41000000e-04
    2.40966000e+02   -4.17000000e-04
    4.01547000e+01   -9.40100000e-03
    2.49336000e+01    7.69120000e-02
    1.55229000e+01   -2.62542000e-01
    7.57283000e+00    4.35987000e-01
    4.72689000e+00    3.21028000e-01
    2.06319000e+00   -8.12286000e-01
    1.12982000e+00   -1.17438200e+00
    5.87227000e-01    1.00564400e+00
    2.36326000e-01    1.44428500e+00
    1.19029000e-01   -4.73779000e-01
    5.75930000e-02   -6.11523000e-01
15  0
    2.74366000e+04    5.00000000e-06
    3.90841000e+03    4.40000000e-05
    8.73494000e+02    1.88000000e-04
    2.40966000e+02    6.60000000e-04
    4.01547000e+01    1.02790000e-02
    2.49336000e+01   -9.49060000e-02
    1.55229000e+01    3.45945000e-01
    7.57283000e+00   -5.08972000e-01
    4.72689000e+00   -9.10116000e-01
    2.06319000e+00    3.15433600e+00
    1.12982000e+00   -4.41090000e-01
    5.87227000e-01   -3.35672400e+00
    2.36326000e-01    2.18492500e+00
    1.19029000e-01    8.65393000e-01
    5.75930000e-02   -1.07632200e+00
15  0
    2.74366000e+04    1.10000000e-05
    3.90841000e+03    3.70000000e-05
    8.73494000e+02    5.38000000e-04
    2.40966000e+02   -7.00000000e-06
    4.01547000e+01    6.03180000e-02
    2.49336000e+01   -3.39999000e-01
    1.55229000e+01    9.28155000e-01
    7.57283000e+00   -1.85917300e+00
    4.72689000e+00   -2.80174000e-01
    2.06319000e+00    8.25064000e+00
    1.12982000e+00   -1.20499770e+01
    5.87227000e-01    6.29424700e+00
    2.36326000e-01    1.07400500e+00
    1.19029000e-01   -3.66832300e+00
    5.75930000e-02    1.73819100e+00
15  0
    2.74366000e+04    3.70000000e-05
    3.90841000e+03   -1.32000000e-04
    8.73494000e+02    2.48300000e-03
    2.40966000e+02   -6.51500000e-03
    4.01547000e+01    3.87005000e-01
    2.49336000e+01   -1.82114900e+00
    1.55229000e+01    4.10137900e+00
    7.57283000e+00   -1.08420120e+01
    4.72689000e+00    1.27409230e+01
    2.06319000e+00   -5.15419900e+00
    1.12982000e+00   -3.46447100e+00
    5.87227000e-01    8.92593200e+00
    2.36326000e-01   -1.06562160e+01
    1.19029000e-01    9.00991100e+00
    5.75930000e-02   -3.27480600e+00
1  0
    2.77550000e-02    1.00000000e+00
12  1
    3.23268000e+02    6.60000000e-05
    6.35891000e+01    6.79000000e-04
    2.82035000e+01   -8.42300000e-03
    1.75936000e+01    5.03170000e-02
    8.20248000e+00   -2.02814000e-01
    5.11079000e+00   -5.32690000e-02
    2.53593000e+00    3.65455000e-01
    1.35839000e+00    4.93828000e-01
    7.05523000e-01    2.77725000e-01
    3.38369000e-01    5.20750000e-02
    1.51380000e-01    1.66800000e-03
    6.63680000e-02    8.59000000e-04
12  1
    3.23268000e+02   -1.80000000e-05
    6.35891000e+01   -1.49000000e-04
    2.82035000e+01    1.87400000e-03
    1.75936000e+01   -1.23180000e-02
    8.20248000e+00    5.44420000e-02
    5.11079000e+00    9.35300000e-03
    2.53593000e+00   -1.06927000e-01
    1.35839000e+00   -1.53295000e-01
    7.05523000e-01   -9.52330000e-02
    3.38369000e-01    1.13987000e-01
    1.51380000e-01    4.05112000e-01
    6.63680000e-02    4.78754000e-01
12  1
    3.23268000e+02   -3.70000000e-05
    6.35891000e+01   -2.50000000e-04
    2.82035000e+01    3.36400000e-03
    1.75936000e+01   -2.32440000e-02
    8.20248000e+00    1.02112000e-01
    5.11079000e+00    3.08760000e-02
    2.53593000e+00   -2.37024000e-01
    1.35839000e+00   -3.33943000e-01
    7.05523000e-01   -6.57160000e-02
    3.38369000e-01    4.68638000e-01
    1.51380000e-01    5.64673000e-01
    6.63680000e-02    1.38864000e-01
12  1
    3.23268000e+02    7.50000000e-05
    6.35891000e+01    3.98000000e-04
    2.82035000e+01   -5.78200000e-03
    1.75936000e+01    4.33640000e-02
    8.20248000e+00   -1.92323000e-01
    5.11079000e+00   -1.15271000e-01
    2.53593000e+00    7.46669000e-01
    1.35839000e+00    6.29521000e-01
    7.05523000e-01   -1.04897000e+00
    3.38369000e-01   -7.58152000e-01
    1.51380000e-01    7.90317000e-01
    6.63680000e-02    3.39004000e-01
12  1
    3.23268000e+02    1.04000000e-04
    6.35891000e+01    7.30000000e-04
    2.82035000e+01   -1.01520000e-02
    1.75936000e+01    7.15170000e-02
    8.20248000e+00   -3.38023000e-01
    5.11079000e+00   -2.02343000e-01
    2.53593000e+00    2.20738700e+00
    1.35839000e+00   -1.30762500e+00
    7.05523000e-01   -1.75173200e+00
    3.38369000e-01    2.27172600e+00
    1.51380000e-01   -3.68067000e-01
    6.63680000e-02   -6.50447000e-01
12  1
    3.23268000e+02    4.59000000e-04
    6.35891000e+01   -1.37780000e-02
    2.82035000e+01    1.21056000e-01
    1.75936000e+01   -3.91845000e-01
    8.20248000e+00    1.77581500e+00
    5.11079000e+00   -2.14455600e+00
    2.53593000e+00   -1.88172200e+00
    1.35839000e+00    5.52065300e+00
    7.05523000e-01   -4.80590900e+00
    3.38369000e-01    1.45221800e+00
    1.51380000e-01    9.49453000e-01
    6.63680000e-02   -1.08712900e+00
1  1
    2.86620000e-02    1.00000000e+00
10  2
    2.18483000e+02    6.50000000e-05
    6.60856000e+01    5.29000000e-04
    2.34767000e+01    3.55400000e-03
    1.07919000e+01   -1.79510000e-02
    3.98684000e+00    1.02419000e-01
    2.27580000e+00    2.56007000e-01
    1.25381000e+00    3.24011000e-01
    6.74759000e-01    2.83886000e-01
    3.54857000e-01    1.77713000e-01
    1.80970000e-01    6.90630000e-02
10  2
    2.18483000e+02   -9.70000000e-05
    6.60856000e+01   -7.61000000e-04
    2.34767000e+01   -5.12600000e-03
    1.07919000e+01    2.66220000e-02
    3.98684000e+00   -1.83169000e-01
    2.27580000e+00   -4.77763000e-01
    1.25381000e+00   -2.55758000e-01
    6.74759000e-01    3.02649000e-01
    3.54857000e-01    4.65780000e-01
    1.80970000e-01    2.50316000e-01
10  2
    2.18483000e+02    2.24000000e-04
    6.60856000e+01    1.89000000e-04
    2.34767000e+01    1.03380000e-02
    1.07919000e+01   -4.85980000e-02
    3.98684000e+00    3.39649000e-01
    2.27580000e+00    6.93794000e-01
    1.25381000e+00   -5.94822000e-01
    6.74759000e-01   -7.53848000e-01
    3.54857000e-01    1.93439000e-01
    1.80970000e-01    6.36065000e-01
10  2
    2.18483000e+02   -5.50000000e-04
    6.60856000e+01    1.19800000e-03
    2.34767000e+01   -2.40170000e-02
    1.07919000e+01    1.10043000e-01
    3.98684000e+00   -9.70191000e-01
    2.27580000e+00   -2.13499000e-01
    1.25381000e+00    2.01350700e+00
    6.74759000e-01   -1.05563500e+00
    3.54857000e-01   -8.48448000e-01
    1.80970000e-01    6.87890000e-01
10  2
    2.18483000e+02   -2.59000000e-04
    6.60856000e+01   -1.93100000e-03
    2.34767000e+01   -1.66050000e-02
    1.07919000e+01    1.24737000e-01
    3.98684000e+00   -2.26137900e+00
    2.27580000e+00    3.16018100e+00
    1.25381000e+00   -6.31720000e-01
    6.74759000e-01   -2.13714800e+00
    3.54857000e-01    2.22703400e+00
    1.80970000e-01   -3.92113000e-01
1  2
    8.70760000e-02    1.00000000e+00
1  3
    7.74980000e+00    1.00000000e+00
1  3
    2.95690000e+00    1.00000000e+00
1  3
    1.12820000e+00    1.00000000e+00
1  3
    4.30500000e-01    1.00000000e+00
1  4
    3.79710000e+00    1.00000000e+00
1  4
    1.63220000e+00    1.00000000e+00
1  4
    7.01600000e-01    1.00000000e+00
1  5
    3.18220000e+00    1.00000000e+00
1  5
    1.21970000e+00    1.00000000e+00
1  6
    2.54980000e+00    1.00000000e+00
