22
4  0
    2.69300163e+02    6.26889493e-04
    1.85542691e+01   -4.34566161e-01
    1.67299432e+01    6.60430724e-01
    1.17685466e+01   -1.17935133e-01
1  0
    6.18166044e+00    1.00000000e+00
1  0
    1.57757440e+00    1.00000000e+00
1  0
    7.18579812e-01    1.00000000e+00
1  0
    1.64331384e-01    1.00000000e+00
1  0
    7.67941588e-02    1.00000000e+00
1  0
    3.43771998e-02    1.00000000e+00
4  1
    1.41076782e+01    7.03072914e-02
    8.27500407e+00   -2.64748180e-01
    2.25073383e+00    4.74948511e-01
    1.19149702e+00    4.63270208e-01
1  1
    6.60412577e-01    1.00000000e+00
1  1
    3.38044038e-01    1.00000000e+00
1  1
    9.60040379e-02    1.00000000e+00
1  1
    3.36810300e-02    1.00000000e+00
4  2
    3.56891925e+01    4.44559140e-03
    9.34079716e+00   -3.91853517e-02
    3.59226591e+00    3.12359721e-01
    1.79806770e+00    7.11637396e-01
1  2
    8.48300578e-01    1.00000000e+00
1  2
    3.78464928e-01    1.00000000e+00
1  2
    1.54201016e-01    1.00000000e+00
1  3
    4.76899000e+00    1.00000000e+00
1  3
    1.59813000e+00    1.00000000e+00
1  3
    5.35550000e-01    1.00000000e+00
1  3
    1.79470000e-01    1.00000000e+00
1  4
    2.94142000e+00    1.00000000e+00
1  4
    1.03710000e+00    1.00000000e+00
