16
2  0
    2.00000000e+01   -1.74011969e-01
    1.63090517e+01    3.71372772e-01
1  0
    6.45127099e+00    1.00000000e+00
1  0
    1.53500474e+00    1.00000000e+00
1  0
    6.89836315e-01    1.00000000e+00
1  0
    1.34757210e-01    1.00000000e+00
1  0
    4.74168745e-02    1.00000000e+00
4  1
    1.40006814e+01    6.93330628e-02
    8.30940199e+00   -2.54201037e-01
    2.20200581e+00    4.92009804e-01
    1.07792461e+00    4.97021181e-01
1  1
    5.01118798e-01    1.00000000e+00
1  1
    1.60000000e-01    1.00000000e+00
1  1
    5.16000000e-02    1.00000000e+00
4  2
    3.03807898e+01    3.25451238e-03
    1.14745516e+01   -1.42120748e-02
    3.05073949e+00    2.49617564e-01
    1.36220285e+00    4.49056352e-01
1  2
    5.63994099e-01    1.00000000e+00
1  2
    2.09166865e-01    1.00000000e+00
1  3
    2.84001000e+00    1.00000000e+00
1  3
    8.20480000e-01    1.00000000e+00
1  4
    1.78960000e+00    1.00000000e+00
