Cd nelec 28
Cd ul
2      1.0000000              0.0000000        
Cd S
2     13.3551760            270.0394480        
2      7.3083780             38.8777660        
Cd P
2     12.6597280             64.6074700        
2     12.2896390            129.2194450        
2      6.7861760             10.6225580        
2      6.4007430             21.2650460        
Cd D
2     11.1617220             31.6639650        
2     11.2196150             47.4892160        
2      4.5377330              5.1862000        
2      4.3357270              7.5660630        
Cd F
2     11.4789860            -12.6327850        
2     11.4870270            -16.7601710        
