11
3  0
    4.95026191e+03    1.54328967e-01
    9.01696386e+02    5.35328142e-01
    2.44034231e+02    4.44634542e-01
3  0
    4.33446938e+02   -9.99672292e-02
    1.00723747e+02    3.99512826e-01
    3.27584886e+01    7.00115469e-01
3  1
    4.33446938e+02    1.55916275e-01
    1.00723747e+02    6.07683719e-01
    3.27584886e+01    3.91957393e-01
3  0
    5.25927924e+01   -2.27763502e-01
    1.60424780e+01    2.17543604e-01
    6.18968674e+00    9.16676961e-01
3  1
    5.25927924e+01    4.95151110e-03
    1.60424780e+01    5.77766469e-01
    6.18968674e+00    4.84646037e-01
3  0
    5.67485180e+00   -3.30610063e-01
    2.20975788e+00    5.76109533e-02
    9.72740857e-01    1.15578745e+00
3  1
    5.67485180e+00   -1.28392763e-01
    2.20975788e+00    5.85204764e-01
    9.72740857e-01    5.43944204e-01
3  0
    5.94915098e-01   -3.84264261e-01
    3.20325000e-01   -1.97256744e-01
    1.41493186e-01    1.37549551e+00
3  1
    5.94915098e-01   -3.48169153e-01
    3.20325000e-01    6.29032369e-01
    1.41493186e-01    6.66283274e-01
3  2
    5.25927924e+01    2.19767951e-01
    1.60424780e+01    6.55547363e-01
    6.18968674e+00    2.86573259e-01
3  2
    3.64296398e+00    1.25066214e-01
    1.41855129e+00    6.68678558e-01
    6.24449770e-01    3.05246825e-01
