43
1  0
    1.00112591e+06    1.00000000e+00
1  0
    3.97530194e+05    1.00000000e+00
1  0
    1.62375604e+05    1.00000000e+00
1  0
    6.81912069e+04    1.00000000e+00
1  0
    2.94274411e+04    1.00000000e+00
1  0
    1.30413690e+04    1.00000000e+00
1  0
    5.93115907e+03    1.00000000e+00
1  0
    2.76610508e+03    1.00000000e+00
1  0
    1.32173471e+03    1.00000000e+00
1  0
    6.46496426e+02    1.00000000e+00
1  0
    3.23369528e+02    1.00000000e+00
1  0
    1.65223919e+02    1.00000000e+00
1  0
    8.61354725e+01    1.00000000e+00
1  0
    4.57599803e+01    1.00000000e+00
1  0
    2.47405410e+01    1.00000000e+00
1  0
    1.35938845e+01    1.00000000e+00
1  0
    7.57963654e+00    1.00000000e+00
1  0
    4.28206060e+00    1.00000000e+00
1  0
    2.44713625e+00    1.00000000e+00
1  0
    1.41234398e+00    1.00000000e+00
1  0
    8.21776600e-01    1.00000000e+00
1  0
    4.81208560e-01    1.00000000e+00
1  0
    2.83073810e-01    1.00000000e+00
1  0
    1.66979230e-01    1.00000000e+00
1  0
    9.85881600e-02    1.00000000e+00
1  1
    1.89311760e+00    1.00000000e+00
1  1
    8.83891400e-01    1.00000000e+00
1  1
    4.06890300e-01    1.00000000e+00
1  1
    1.85742500e-01    1.00000000e+00
1  1
    8.45546000e-02    1.00000000e+00
1  2
    8.64007490e+00    1.00000000e+00
1  2
    3.02682640e+00    1.00000000e+00
1  2
    1.08976900e+00    1.00000000e+00
1  2
    3.98994300e-01    1.00000000e+00
1  2
    1.46911100e-01    1.00000000e+00
1  3
    3.28844860e+00    1.00000000e+00
1  3
    1.34875990e+00    1.00000000e+00
1  3
    5.67024800e-01    1.00000000e+00
1  4
    6.00000000e+01    1.00000000e+00
1  4
    5.94479980e+00    1.00000000e+00
1  4
    2.06100670e+00    1.00000000e+00
1  4
    7.18997700e-01    1.00000000e+00
1  4
    2.50000000e-01    1.00000000e+00
