27
5  0
    6.69206810e+04    5.00000000e-06
    7.14241900e+03    6.20000000e-05
    1.14922790e+03    4.08000000e-04
    6.26047400e+02    8.00000000e-05
    1.37281300e+02    3.55900000e-03
1  0
    3.66434000e+01    1.00000000e+00
1  0
    2.59742000e+01    1.00000000e+00
1  0
    1.18859000e+01    1.00000000e+00
1  0
    3.02840000e+00    1.00000000e+00
1  0
    1.56640000e+00    1.00000000e+00
1  0
    5.93700000e-01    1.00000000e+00
1  0
    2.63000000e-01    1.00000000e+00
1  0
    4.90000000e-02    1.00000000e+00
1  0
    2.07000000e-02    1.00000000e+00
6  1
    1.54061420e+03   -2.69571836e-05
    3.27036205e+02   -2.84722543e-04
    1.09603502e+02   -3.23447952e-04
    2.15388438e+01   -7.06803130e-02
    1.31938727e+01    2.48040390e-01
    3.02694433e+00   -2.58594250e-01
3  1
    6.43694639e+00   -1.08095010e-01
    3.87983982e+00   -2.38033190e-01
    1.90482182e+00   -1.97360290e-01
1  1
    1.34400272e+00    1.00000000e+00
1  1
    7.51709891e-01    1.00000000e+00
1  1
    3.35820286e-01    1.00000000e+00
1  1
    1.36794556e-01    1.00000000e+00
1  1
    3.48983929e-02    1.00000000e+00
6  2
    3.67715700e+02    1.20000000e-04
    1.09879800e+02    9.91000000e-04
    3.60211000e+01    7.77800000e-03
    1.47637000e+01   -6.29580000e-02
    7.32810000e+00    1.80342000e-01
    3.94410000e+00    4.32529000e-01
1  2
    2.02020000e+00    1.00000000e+00
1  2
    9.64900000e-01    1.00000000e+00
1  2
    3.27300000e-01    1.00000000e+00
1  2
    1.03200000e-01    1.00000000e+00
5  3
    1.23482100e+02    1.56600000e-03
    4.39881000e+01    1.81010000e-02
    1.94518000e+01    7.61570000e-02
    8.60130000e+00    1.92683000e-01
    3.80490000e+00    3.24332000e-01
1  3
    1.61760000e+00    1.00000000e+00
1  3
    6.36400000e-01    1.00000000e+00
1  3
    2.16400000e-01    1.00000000e+00
1  4
    3.71100000e-01    1.00000000e+00
