35
6  0
    1.71849790e+05    1.39080801e-06
    2.59146332e+04    1.25025697e-05
    6.05228890e+03    4.69457723e-05
    1.67792959e+03    2.68108145e-04
    5.58238071e+02    3.45476736e-04
    1.64614728e+02    2.34380085e-03
1  0
    3.57667254e+01    1.00000000e+00
1  0
    2.47185262e+01    1.00000000e+00
1  0
    1.21783365e+01    1.00000000e+00
1  0
    2.97244448e+00    1.00000000e+00
1  0
    1.53729709e+00    1.00000000e+00
1  0
    6.65969067e-01    1.00000000e+00
1  0
    3.02075863e-01    1.00000000e+00
1  0
    7.55098070e-02    1.00000000e+00
1  0
    3.92933023e-02    1.00000000e+00
1  0
    1.64765927e-02    1.00000000e+00
2  1
    2.01176395e+01    8.72529493e-02
    1.17467606e+01   -2.75401808e-01
1  1
    7.44145193e+00    1.00000000e+00
9  1
    3.78596000e+03    5.39862530e-06
    1.03703120e+03    6.60790940e-05
    3.62051060e+02    1.69963960e-04
    1.26430250e+02    1.18415840e-03
    3.19453370e+01   -7.20851390e-02
    2.77319950e+01    1.45541760e-01
    1.28684160e+01   -3.43936650e-01
    7.44246440e+00    8.44328300e-01
    3.77581490e+00    6.04854470e-01
1  1
    1.94665605e+00    1.00000000e+00
1  1
    8.97609423e-01    1.00000000e+00
1  1
    4.31158795e-01    1.00000000e+00
1  1
    1.96448925e-01    1.00000000e+00
1  1
    6.70000000e-02    1.00000000e+00
1  1
    3.00000000e-02    1.00000000e+00
6  2
    5.83494900e+02    5.13989334e-05
    1.72652732e+02    3.41438198e-04
    8.10346516e+01    1.28738490e-03
    2.57940169e+01    3.27032131e-02
    1.92824140e+01   -6.72584212e-02
    5.86825333e+00    3.18176030e-01
1  2
    2.95531227e+00    1.00000000e+00
1  2
    1.42187773e+00    1.00000000e+00
1  2
    5.98706820e-01    1.00000000e+00
1  2
    2.26593525e-01    1.00000000e+00
1  2
    7.70671813e-02    1.00000000e+00
6  3
    1.47709558e+02    2.21090431e-03
    5.13413999e+01    2.97349593e-02
    2.27781492e+01    1.33847607e-01
    1.10178514e+01    2.98443104e-01
    5.63723379e+00    4.98481845e-01
    2.96198913e+00    6.25044019e-01
1  3
    1.50599591e+00    1.00000000e+00
1  3
    7.16137460e-01    1.00000000e+00
1  3
    3.26588769e-01    1.00000000e+00
1  3
    1.35557389e-01    1.00000000e+00
4  4
    1.94518000e+01    2.19900000e-03
    8.60130000e+00    3.74280000e-02
    3.80490000e+00    3.03780000e-02
    1.61760000e+00    3.55664000e-01
1  4
    6.36400000e-01    1.00000000e+00
1  4
    2.16400000e-01    1.00000000e+00
1  5
    1.20000000e+00    1.00000000e+00
