67
1  0
    3.55713297e+06    1.00000000e+00
1  0
    1.56169917e+06    1.00000000e+00
1  0
    7.01174648e+05    1.00000000e+00
1  0
    3.21877113e+05    1.00000000e+00
1  0
    1.51036194e+05    1.00000000e+00
1  0
    7.24233990e+04    1.00000000e+00
1  0
    3.54773344e+04    1.00000000e+00
1  0
    1.77480807e+04    1.00000000e+00
1  0
    9.06401494e+03    1.00000000e+00
1  0
    4.72372899e+03    1.00000000e+00
1  0
    2.51105496e+03    1.00000000e+00
1  0
    1.36091525e+03    1.00000000e+00
1  0
    7.51607151e+02    1.00000000e+00
1  0
    4.22767249e+02    1.00000000e+00
1  0
    2.42053883e+02    1.00000000e+00
1  0
    1.40979700e+02    1.00000000e+00
1  0
    8.34741825e+01    1.00000000e+00
1  0
    5.02111054e+01    1.00000000e+00
1  0
    3.06608455e+01    1.00000000e+00
1  0
    1.89921380e+01    1.00000000e+00
1  0
    1.19239960e+01    1.00000000e+00
1  0
    7.58168000e+00    1.00000000e+00
1  0
    4.87783672e+00    1.00000000e+00
1  0
    3.17260100e+00    1.00000000e+00
1  0
    2.08412945e+00    1.00000000e+00
1  0
    1.38145550e+00    1.00000000e+00
1  0
    9.23043730e-01    1.00000000e+00
1  0
    6.21069750e-01    1.00000000e+00
1  0
    4.20379240e-01    1.00000000e+00
1  0
    2.85934670e-01    1.00000000e+00
1  0
    1.95232500e-01    1.00000000e+00
1  0
    1.33667810e-01    1.00000000e+00
1  0
    9.16678000e-02    1.00000000e+00
1  0
    6.28992400e-02    1.00000000e+00
1  1
    7.34566540e+00    1.00000000e+00
1  1
    3.12615250e+00    1.00000000e+00
1  1
    1.38522240e+00    1.00000000e+00
1  1
    6.39468100e-01    1.00000000e+00
1  1
    3.04289500e-01    1.00000000e+00
1  1
    1.46059800e-01    1.00000000e+00
1  1
    7.26895000e-02    1.00000000e+00
1  2
    8.22204528e+00    1.00000000e+00
1  2
    2.97347076e+00    1.00000000e+00
1  2
    1.16522242e+00    1.00000000e+00
1  2
    4.85610270e-01    1.00000000e+00
1  2
    2.10394590e-01    1.00000000e+00
1  2
    9.23746100e-02    1.00000000e+00
1  3
    6.59055440e+00    1.00000000e+00
1  3
    2.81523420e+00    1.00000000e+00
1  3
    1.20266530e+00    1.00000000e+00
1  3
    5.34672000e-01    1.00000000e+00
1  3
    2.28434000e-01    1.00000000e+00
1  3
    1.06741100e-01    1.00000000e+00
1  4
    2.06389453e+01    1.00000000e+00
1  4
    8.39081770e+00    1.00000000e+00
1  4
    3.29985120e+00    1.00000000e+00
1  4
    1.39308340e+00    1.00000000e+00
1  4
    5.68363000e-01    1.00000000e+00
1  4
    2.23993700e-01    1.00000000e+00
1  5
    7.71284570e+00    1.00000000e+00
1  5
    2.16179950e+00    1.00000000e+00
1  5
    6.08105700e-01    1.00000000e+00
1  6
    2.94500214e+01    1.00000000e+00
1  6
    1.11539138e+01    1.00000000e+00
1  6
    4.59047190e+00    1.00000000e+00
1  6
    1.94053090e+00    1.00000000e+00
1  6
    7.53051300e-01    1.00000000e+00
