70
14  0
    2.04275121e+06    7.04395152e-06
    3.43900674e+05    5.03247876e-05
    7.57906791e+04    2.88214087e-04
    2.06030325e+04    1.26985920e-03
    6.57699965e+03    4.65002667e-03
    2.36890393e+03    1.47629665e-02
    9.32472582e+02    4.15382778e-02
    3.91251141e+02    1.03337696e-01
    1.71670404e+02    2.16427763e-01
    7.76396830e+01    3.42591129e-01
    3.58013380e+01    3.13779944e-01
    1.66910060e+01    1.05470561e-01
    7.81173600e+00    6.48728040e-03
    3.64496400e+00    1.60967341e-03
11  0
    2.36890393e+03   -4.48398971e-05
    9.32472582e+02   -3.26700134e-04
    3.91251141e+02   -2.11253744e-03
    1.71670404e+02   -1.04093322e-02
    7.76396830e+01   -3.99469143e-02
    3.58013380e+01   -8.93309990e-02
    1.66910060e+01   -2.05418512e-02
    7.81173600e+00    3.15234245e-01
    3.64496400e+00    5.65806101e-01
    1.68234500e+00    2.28754848e-01
    7.60530000e-01    7.73754737e-03
8  0
    3.58013380e+01    1.43452835e-03
    1.66910060e+01   -7.41530766e-06
    7.81173600e+00   -1.29341741e-02
    3.64496400e+00   -1.33243307e-01
    1.68234500e+00   -1.44913392e-01
    7.60530000e-01    3.44905852e-01
    3.32368000e-01    6.19171112e-01
    1.38000000e-01    2.43676719e-01
1  0
    8.86899743e+02    1.00000000e+00
1  0
    4.95999026e+02    1.00000000e+00
1  0
    2.77387648e+02    1.00000000e+00
1  0
    1.55129150e+02    1.00000000e+00
1  0
    8.67560380e+01    1.00000000e+00
1  0
    4.85183480e+01    1.00000000e+00
1  0
    2.71339050e+01    1.00000000e+00
1  0
    1.51746470e+01    1.00000000e+00
1  0
    8.48642700e+00    1.00000000e+00
1  0
    4.75054500e+00    1.00000000e+00
1  0
    2.15895400e+00    1.00000000e+00
1  0
    9.81167000e-01    1.00000000e+00
1  0
    4.45906000e-01    1.00000000e+00
1  0
    6.51538613e-02    1.00000000e+00
12  1
    5.71362595e+03    5.43707314e-05
    1.42720185e+03    4.69567369e-04
    4.51257587e+02    2.86336967e-03
    1.69173668e+02    1.24527357e-02
    7.13802700e+01    4.15509739e-02
    3.25468440e+01    1.10662029e-01
    1.55477880e+01    2.24302722e-01
    7.60348100e+00    3.34061230e-01
    3.74216100e+00    3.24605178e-01
    1.82988200e+00    1.40218907e-01
    8.79826000e-01    1.57748015e-02
    4.11908000e-01    1.17046338e-03
9  1
    3.25468440e+01   -9.81277352e-04
    1.55477880e+01   -3.35781305e-03
    7.60348100e+00   -8.38538568e-03
    3.74216100e+00   -1.54125404e-02
    1.82988200e+00    5.12357452e-02
    8.79826000e-01    2.55601746e-01
    4.11908000e-01    4.06302672e-01
    1.85729000e-01    3.41867001e-01
    7.95400000e-02    1.03257148e-01
1  1
    1.24828586e+03    1.00000000e+00
1  1
    6.84253087e+02    1.00000000e+00
1  1
    3.75076177e+02    1.00000000e+00
1  1
    2.05599567e+02    1.00000000e+00
1  1
    1.12700258e+02    1.00000000e+00
1  1
    6.17771150e+01    1.00000000e+00
1  1
    3.38633830e+01    1.00000000e+00
1  1
    1.85623540e+01    1.00000000e+00
1  1
    1.01750320e+01    1.00000000e+00
1  1
    5.22807000e+00    1.00000000e+00
1  1
    2.68626000e+00    1.00000000e+00
1  1
    1.31653800e+00    1.00000000e+00
1  1
    6.45236000e-01    1.00000000e+00
1  1
    3.16231000e-01    1.00000000e+00
1  1
    5.05084921e-02    1.00000000e+00
1  2
    9.99381130e+02    1.00000000e+00
1  2
    4.87955531e+02    1.00000000e+00
1  2
    2.38248045e+02    1.00000000e+00
1  2
    1.16326442e+02    1.00000000e+00
1  2
    5.67972810e+01    1.00000000e+00
1  2
    2.77317100e+01    1.00000000e+00
1  2
    1.15246375e+01    1.00000000e+00
1  2
    6.61111700e+00    1.00000000e+00
1  2
    2.95111000e+00    1.00000000e+00
1  2
    1.27707000e+00    1.00000000e+00
1  2
    5.52642000e-01    1.00000000e+00
1  2
    2.39152000e-01    1.00000000e+00
1  2
    1.03491000e-01    1.00000000e+00
1  3
    2.99914015e+02    1.00000000e+00
1  3
    1.37383213e+02    1.00000000e+00
1  3
    6.29318610e+01    1.00000000e+00
1  3
    2.88275330e+01    1.00000000e+00
1  3
    1.32051820e+01    1.00000000e+00
1  3
    6.04896800e+00    1.00000000e+00
1  3
    2.83106400e+00    1.00000000e+00
1  3
    1.32500700e+00    1.00000000e+00
1  3
    6.71379000e-01    1.00000000e+00
1  3
    3.40186000e-01    1.00000000e+00
1  3
    1.72371000e-01    1.00000000e+00
1  4
    7.71589380e+01    1.00000000e+00
1  4
    3.55214140e+01    1.00000000e+00
1  4
    1.63528800e+01    1.00000000e+00
1  4
    7.52832300e+00    1.00000000e+00
1  4
    3.14595000e+00    1.00000000e+00
1  4
    1.31463500e+00    1.00000000e+00
1  4
    5.78053000e-01    1.00000000e+00
1  4
    2.54173000e-01    1.00000000e+00
1  5
    3.20887930e+01    1.00000000e+00
1  5
    1.27522560e+01    1.00000000e+00
1  5
    3.67446000e+00    1.00000000e+00
1  5
    1.05876650e+00    1.00000000e+00
