17
6  0
    1.05819000e+05    7.38000000e-04
    1.58720000e+04    5.71800000e-03
    3.61965000e+03    2.94950000e-02
    1.03080000e+03    1.17286000e-01
    3.39908000e+02    3.62949000e-01
    1.24538000e+02    5.84149000e-01
3  0
    1.24538000e+02    1.34177000e-01
    4.95135000e+01    6.24250000e-01
    2.08056000e+01    2.91756000e-01
1  0
    6.58346000e+00    1.00000000e+00
1  0
    2.56468000e+00    1.00000000e+00
1  0
    5.59763000e-01    1.00000000e+00
1  0
    1.83273000e-01    1.00000000e+00
5  1
    5.89776000e+02    2.39100000e-03
    1.39849000e+02    1.85040000e-02
    4.51413000e+01    8.13770000e-02
    1.68733000e+01    2.21552000e-01
    6.74110000e+00    7.72569000e-01
2  1
    6.74110000e+00   -1.57224400e+00
    2.77152000e+00    9.92389000e-01
1  1
    1.02387000e+00    1.00000000e+00
1  1
    3.81368000e-01    1.00000000e+00
1  1
    1.09437000e-01    1.00000000e+00
1  0
    4.83000000e-02    1.00000000e+00
1  1
    4.83000000e-02    1.00000000e+00
1  2
    3.00000000e+00    1.00000000e+00
1  2
    7.50000000e-01    1.00000000e+00
1  2
    1.87500000e-01    1.00000000e+00
1  3
    7.00000000e-01    1.00000000e+00
