14
12  0
    1.27900000e+05    2.41153000e-04
    1.91700000e+04    1.87095000e-03
    4.36300000e+03    9.70827000e-03
    1.23600000e+03    3.93153000e-02
    4.03600000e+02    1.25932000e-01
    1.45700000e+02    2.99341000e-01
    5.68100000e+01    4.21886000e-01
    2.32300000e+01    2.37201000e-01
    6.64400000e+00    1.91531000e-02
    2.57500000e+00   -3.34792000e-03
    5.37100000e-01    9.29883000e-04
    1.93800000e-01   -3.96379000e-04
12  0
    1.27900000e+05   -6.78922000e-05
    1.91700000e+04   -5.21836000e-04
    4.36300000e+03   -2.76513000e-03
    1.23600000e+03   -1.11537000e-02
    4.03600000e+02   -3.85919000e-02
    1.45700000e+02   -9.94848000e-02
    5.68100000e+01   -2.01392000e-01
    2.32300000e+01   -1.30313000e-01
    6.64400000e+00    5.09443000e-01
    2.57500000e+00    6.10725000e-01
    5.37100000e-01    4.21549000e-02
    1.93800000e-01   -9.23427000e-03
12  0
    1.27900000e+05    2.04986000e-05
    1.91700000e+04    1.58298000e-04
    4.36300000e+03    8.33639000e-04
    1.23600000e+03    3.39880000e-03
    4.03600000e+02    1.16738000e-02
    1.45700000e+02    3.09622000e-02
    5.68100000e+01    6.29533000e-02
    2.32300000e+01    4.60257000e-02
    6.64400000e+00   -2.19312000e-01
    2.57500000e+00   -4.08773000e-01
    5.37100000e-01    6.38465000e-01
    1.93800000e-01    5.62362000e-01
1  0
    1.93800000e-01    1.00000000e+00
1  0
    7.59100000e+00    1.00000000e+00
1  0
    6.08000000e-02    1.00000000e+00
8  1
    4.17600000e+02    5.25982000e-03
    9.83300000e+01    3.98332000e-02
    3.10400000e+01    1.64655000e-01
    1.11900000e+01    3.87322000e-01
    4.24900000e+00    4.57072000e-01
    1.62400000e+00    1.51636000e-01
    5.32200000e-01    1.81615000e-03
    1.62000000e-01    1.88296000e-03
8  1
    4.17600000e+02   -1.43570000e-03
    9.83300000e+01   -1.07796000e-02
    3.10400000e+01   -4.70075000e-02
    1.11900000e+01   -1.11030000e-01
    4.24900000e+00   -1.53275000e-01
    1.62400000e+00    8.94609000e-02
    5.32200000e-01    5.79444000e-01
    1.62000000e-01    4.83272000e-01
1  1
    1.62000000e-01    1.00000000e+00
1  1
    3.09200000e+00    1.00000000e+00
1  1
    4.66000000e-02    1.00000000e+00
1  2
    3.70100000e+00    1.00000000e+00
1  2
    6.00000000e-01    1.00000000e+00
1  2
    1.96000000e-01    1.00000000e+00
