47
20  0
    6.41000000e+06    1.81350000e-06
    9.59600000e+05    1.41118000e-05
    2.18300000e+05    7.42406000e-05
    6.18100000e+04    3.14131000e-04
    2.01400000e+04    1.14642000e-03
    7.26400000e+03    3.73888000e-03
    2.83200000e+03    1.10946000e-02
    1.17500000e+03    3.01152000e-02
    5.12600000e+02    7.39145000e-02
    2.33000000e+02    1.58258000e-01
    1.09500000e+02    2.74753000e-01
    5.28600000e+01    3.34066000e-01
    2.58400000e+01    2.17589000e-01
    1.21700000e+01    4.57278000e-02
    6.03000000e+00   -1.34739000e-04
    3.01200000e+00    1.63933000e-03
    1.51100000e+00   -5.22212000e-04
    6.60400000e-01    1.80648000e-04
    2.92600000e-01   -9.99312000e-05
    1.25400000e-01    1.92175000e-05
20  0
    6.41000000e+06   -5.08303000e-07
    9.59600000e+05   -3.95633000e-06
    2.18300000e+05   -2.08095000e-05
    6.18100000e+04   -8.81175000e-05
    2.01400000e+04   -3.21742000e-04
    7.26400000e+03   -1.05277000e-03
    2.83200000e+03   -3.14183000e-03
    1.17500000e+03   -8.66363000e-03
    5.12600000e+02   -2.19353000e-02
    2.33000000e+02   -5.02584000e-02
    1.09500000e+02   -9.95414000e-02
    5.28600000e+01   -1.57647000e-01
    2.58400000e+01   -1.46024000e-01
    1.21700000e+01    6.92230000e-02
    6.03000000e+00    4.30412000e-01
    3.01200000e+00    4.90802000e-01
    1.51100000e+00    1.58390000e-01
    6.60400000e-01    8.39885000e-03
    2.92600000e-01    7.68484000e-04
    1.25400000e-01    2.27146000e-04
1  0
    5.28600000e+01    1.00000000e+00
1  0
    2.58400000e+01    1.00000000e+00
1  0
    1.21700000e+01    1.00000000e+00
1  0
    6.03000000e+00    1.00000000e+00
1  0
    3.01200000e+00    1.00000000e+00
1  0
    1.51100000e+00    1.00000000e+00
1  0
    6.60400000e-01    1.00000000e+00
1  0
    2.92600000e-01    1.00000000e+00
1  0
    1.25400000e-01    1.00000000e+00
1  0
    4.79000000e-02    1.00000000e+00
12  1
    2.54800000e+03    2.35702000e-04
    6.03700000e+02    2.05158000e-03
    1.95600000e+02    1.11543000e-02
    7.41500000e+01    4.39816000e-02
    3.09400000e+01    1.29994000e-01
    1.36900000e+01    2.72959000e-01
    6.22900000e+00    3.83690000e-01
    2.87800000e+00    2.91870000e-01
    1.28200000e+00    7.04464000e-02
    5.64100000e-01    1.28761000e-03
    2.34800000e-01    1.82623000e-03
    9.31200000e-02    1.99013000e-05
1  1
    7.41500000e+01    1.00000000e+00
1  1
    3.09400000e+01    1.00000000e+00
1  1
    1.36900000e+01    1.00000000e+00
1  1
    6.22900000e+00    1.00000000e+00
1  1
    2.87800000e+00    1.00000000e+00
1  1
    1.28200000e+00    1.00000000e+00
1  1
    5.64100000e-01    1.00000000e+00
1  1
    2.34800000e-01    1.00000000e+00
1  1
    9.31200000e-02    1.00000000e+00
1  1
    3.48000000e-02    1.00000000e+00
1  2
    2.50000000e-01    1.00000000e+00
1  2
    6.18000000e-01    1.00000000e+00
1  2
    1.52900000e+00    1.00000000e+00
1  2
    3.78100000e+00    1.00000000e+00
1  2
    5.46490000e+01    1.00000000e+00
1  2
    2.57700000e+01    1.00000000e+00
1  2
    1.21520000e+01    1.00000000e+00
1  2
    5.73100000e+00    1.00000000e+00
1  2
    1.00300000e-01    1.00000000e+00
1  3
    3.20000000e-01    1.00000000e+00
1  3
    6.56000000e-01    1.00000000e+00
1  3
    1.34500000e+00    1.00000000e+00
1  3
    2.47740000e+01    1.00000000e+00
1  3
    9.49500000e+00    1.00000000e+00
1  3
    3.63900000e+00    1.00000000e+00
1  3
    1.64000000e-01    1.00000000e+00
1  4
    5.56000000e-01    1.00000000e+00
1  4
    1.30200000e+00    1.00000000e+00
1  4
    2.03680000e+01    1.00000000e+00
1  4
    3.75600000e+00    1.00000000e+00
1  4
    2.77000000e-01    1.00000000e+00
1  5
    3.83600000e+00    1.00000000e+00
1  5
    1.05300000e+00    1.00000000e+00
1  5
    6.07000000e-01    1.00000000e+00
