28
1  0
    3.11641775e+02    1.00000000e+00
1  0
    6.51827373e+01    1.00000000e+00
1  0
    1.81532691e+01    1.00000000e+00
1  0
    1.21256024e+01    1.00000000e+00
1  0
    4.65105265e+00    1.00000000e+00
1  0
    1.61572826e+00    1.00000000e+00
1  0
    9.32716900e-01    1.00000000e+00
1  0
    4.95470967e-01    1.00000000e+00
1  0
    2.18295477e-01    1.00000000e+00
1  1
    1.15956450e+02    1.00000000e+00
1  1
    1.65461254e+01    1.00000000e+00
1  1
    7.76559643e+00    1.00000000e+00
1  1
    3.29563112e+00    1.00000000e+00
1  1
    1.60483662e+00    1.00000000e+00
1  1
    8.51486983e-01    1.00000000e+00
1  1
    3.73522894e-01    1.00000000e+00
1  2
    3.10143145e+01    1.00000000e+00
1  2
    7.43499737e+00    1.00000000e+00
1  2
    3.99825120e+00    1.00000000e+00
1  2
    1.05478149e+00    1.00000000e+00
1  2
    3.77228099e-01    1.00000000e+00
1  3
    1.08633555e+01    1.00000000e+00
1  3
    4.53849306e+00    1.00000000e+00
1  3
    1.00596136e+00    1.00000000e+00
1  0
    8.07889586e-02    1.00000000e+00
1  1
    1.72912223e-01    1.00000000e+00
1  2
    1.38290745e-01    1.00000000e+00
1  3
    3.72536843e-01    1.00000000e+00
