29
13  0
    8.34900000e+05    2.31688000e-05
    1.25000000e+05    1.80154000e-04
    2.84300000e+04    9.47782000e-04
    8.03300000e+03    4.00139000e-03
    2.60800000e+03    1.44629000e-02
    9.33900000e+02    4.56586000e-02
    3.60000000e+02    1.23248000e-01
    1.47000000e+02    2.64369000e-01
    6.28800000e+01    3.82989000e-01
    2.76000000e+01    2.70934000e-01
    1.10800000e+01    4.71404000e-02
    5.07500000e+00   -3.71766000e-03
    2.27800000e+00    2.19158000e-03
13  0
    8.34900000e+05   -6.49649000e-06
    1.25000000e+05   -5.04895000e-05
    2.84300000e+04   -2.66113000e-04
    8.03300000e+03   -1.12499000e-03
    2.60800000e+03   -4.10497000e-03
    9.33900000e+02   -1.31987000e-02
    3.60000000e+02   -3.75342000e-02
    1.47000000e+02   -8.97233000e-02
    6.28800000e+01   -1.67671000e-01
    2.76000000e+01   -1.74763000e-01
    1.10800000e+01    1.14909000e-01
    5.07500000e+00    5.63618000e-01
    2.27800000e+00    4.41606000e-01
13  0
    8.34900000e+05    1.96645000e-06
    1.25000000e+05    1.52620000e-05
    2.84300000e+04    8.06086000e-05
    8.03300000e+03    3.39960000e-04
    2.60800000e+03    1.24551000e-03
    9.33900000e+02    3.99612000e-03
    3.60000000e+02    1.14751000e-02
    1.47000000e+02    2.75504000e-02
    6.28800000e+01    5.32917000e-02
    2.76000000e+01    5.71246000e-02
    1.10800000e+01   -3.95201000e-02
    5.07500000e+00   -2.64343000e-01
    2.27800000e+00   -3.49291000e-01
1  0
    7.77500000e-01    1.00000000e+00
1  0
    3.52700000e-01    1.00000000e+00
1  0
    1.43100000e-01    1.00000000e+00
1  0
    2.06890000e+01    1.00000000e+00
1  0
    1.08800000e+01    1.00000000e+00
1  0
    5.72200000e+00    1.00000000e+00
8  1
    1.70300000e+03    4.74039000e-04
    4.03600000e+02    4.06412000e-03
    1.30300000e+02    2.13355000e-02
    4.90500000e+01    7.94611000e-02
    2.02600000e+01    2.08927000e-01
    8.78700000e+00    3.64945000e-01
    3.91900000e+00    3.71725000e-01
    1.76500000e+00    1.46292000e-01
8  1
    1.70300000e+03   -1.28266000e-04
    4.03600000e+02   -1.09356000e-03
    1.30300000e+02   -5.83429000e-03
    4.90500000e+01   -2.19258000e-02
    2.02600000e+01   -6.01385000e-02
    8.78700000e+00   -1.06929000e-01
    3.91900000e+00   -1.22454000e-01
    1.76500000e+00    3.83619000e-02
1  1
    7.20700000e-01    1.00000000e+00
1  1
    2.83900000e-01    1.00000000e+00
1  1
    1.06000000e-01    1.00000000e+00
1  1
    2.07840000e+01    1.00000000e+00
1  1
    9.37900000e+00    1.00000000e+00
1  1
    4.23200000e+00    1.00000000e+00
1  2
    2.54000000e-01    1.00000000e+00
1  2
    6.28000000e-01    1.00000000e+00
1  2
    1.55100000e+00    1.00000000e+00
1  2
    3.22550000e+01    1.00000000e+00
1  2
    1.28880000e+01    1.00000000e+00
1  2
    5.14900000e+00    1.00000000e+00
1  3
    4.23000000e-01    1.00000000e+00
1  3
    1.08900000e+00    1.00000000e+00
1  3
    1.91070000e+01    1.00000000e+00
1  3
    6.95000000e+00    1.00000000e+00
1  4
    8.27000000e-01    1.00000000e+00
1  4
    1.47820000e+01    1.00000000e+00
