53
11  0
    7.73300000e+06    1.40000000e-06
    1.15800000e+06    1.11000000e-05
    2.63700000e+05    5.86000000e-05
    7.50100000e+04    2.44500000e-04
    2.48900000e+04    8.58300000e-04
    9.31800000e+03    2.61020000e-03
    3.84000000e+03    7.13780000e-03
    1.68400000e+03    1.84564000e-02
    7.66300000e+02    4.48944000e-02
    3.59500000e+02    9.93822000e-02
    1.73400000e+02    1.90782000e-01
11  0
    7.73300000e+06   -4.00000000e-07
    1.15800000e+06   -3.10000000e-06
    2.63700000e+05   -1.64000000e-05
    7.50100000e+04   -6.85000000e-05
    2.48900000e+04   -2.41000000e-04
    9.31800000e+03   -7.33500000e-04
    3.84000000e+03   -2.01830000e-03
    1.68400000e+03   -5.26110000e-03
    7.66300000e+02   -1.30986000e-02
    3.59500000e+02   -3.01794000e-02
    1.73400000e+02   -6.31888000e-02
1  0
    8.56100000e+01    1.00000000e+00
1  0
    4.29300000e+01    1.00000000e+00
1  0
    2.15500000e+01    1.00000000e+00
1  0
    1.00500000e+01    1.00000000e+00
1  0
    4.97800000e+00    1.00000000e+00
1  0
    2.47800000e+00    1.00000000e+00
1  0
    1.18000000e+00    1.00000000e+00
1  0
    5.82800000e-01    1.00000000e+00
1  0
    2.66800000e-01    1.00000000e+00
1  0
    1.18300000e-01    1.00000000e+00
4  1
    6.09100000e+03    5.16000000e-05
    1.44200000e+03    4.58500000e-04
    4.68300000e+02    2.61510000e-03
    1.79000000e+02    1.12554000e-02
1  1
    7.56100000e+01    1.00000000e+00
1  1
    3.42200000e+01    1.00000000e+00
1  1
    1.62300000e+01    1.00000000e+00
1  1
    7.89000000e+00    1.00000000e+00
1  1
    3.89800000e+00    1.00000000e+00
1  1
    1.93300000e+00    1.00000000e+00
1  1
    9.05700000e-01    1.00000000e+00
1  1
    4.14000000e-01    1.00000000e+00
1  1
    1.83600000e-01    1.00000000e+00
1  1
    7.85900000e-02    1.00000000e+00
1  2
    6.24280000e+00    1.00000000e+00
1  2
    2.69060000e+00    1.00000000e+00
1  2
    1.15960000e+00    1.00000000e+00
1  2
    4.99800000e-01    1.00000000e+00
1  2
    2.15400000e-01    1.00000000e+00
1  2
    1.01534000e+02    1.00000000e+00
1  2
    5.94799000e+01    1.00000000e+00
1  2
    3.48440000e+01    1.00000000e+00
1  2
    2.04120000e+01    1.00000000e+00
1  2
    1.19576000e+01    1.00000000e+00
1  3
    2.53270000e+00    1.00000000e+00
1  3
    1.24060000e+00    1.00000000e+00
1  3
    6.07700000e-01    1.00000000e+00
1  3
    2.97700000e-01    1.00000000e+00
1  3
    5.25155000e+01    1.00000000e+00
1  3
    2.65151000e+01    1.00000000e+00
1  3
    1.33874000e+01    1.00000000e+00
1  3
    6.75930000e+00    1.00000000e+00
1  4
    1.53880000e+00    1.00000000e+00
1  4
    8.05000000e-01    1.00000000e+00
1  4
    4.21200000e-01    1.00000000e+00
1  4
    3.29291000e+01    1.00000000e+00
1  4
    1.46315000e+01    1.00000000e+00
1  4
    6.50130000e+00    1.00000000e+00
1  5
    1.56130000e+00    1.00000000e+00
1  5
    7.39700000e-01    1.00000000e+00
1  5
    2.91168000e+01    1.00000000e+00
1  5
    1.23898000e+01    1.00000000e+00
1  6
    1.25720000e+00    1.00000000e+00
1  6
    2.10502000e+01    1.00000000e+00
