38
27  0
    8.03984462e+06    1.41888630e-06
    4.01100101e+06   -8.51209550e-07
    2.00104975e+06    4.79019750e-06
    9.98304442e+05    3.07214890e-06
    4.98044467e+05    1.63019290e-05
    2.48469586e+05    2.98292300e-05
    1.23959082e+05    7.99239860e-05
    6.18419917e+04    1.82175840e-04
    3.08523738e+04    4.41545120e-04
    1.53919520e+04    1.04421250e-03
    7.67889654e+03    2.48236260e-03
    3.83092749e+03    5.86280120e-03
    1.91121281e+03    1.36988650e-02
    9.53485657e+02    3.14123830e-02
    4.75684807e+02    6.90411230e-02
    2.37314567e+02    1.40432216e-01
    1.18393951e+02    2.45668048e-01
    5.90656012e+01    3.23198937e-01
    2.94672593e+01    2.43404819e-01
    1.47009317e+01    6.93702210e-02
    7.33415320e+00    4.63405860e-03
    3.65893840e+00    9.33524360e-04
    1.82540910e+00   -2.43782620e-05
    9.10679000e-01    1.65979410e-05
    4.54329000e-01   -4.15109500e-05
    2.26660400e-01    1.02952010e-06
    1.13078700e-01   -3.61503600e-06
27  0
    8.03984462e+06    3.97591350e-07
    4.01100101e+06   -2.37901300e-07
    2.00104975e+06    1.34062590e-06
    9.98304442e+05    8.66460040e-07
    4.98044467e+05    4.55796630e-06
    2.48469586e+05    8.38821620e-06
    1.23959082e+05    2.23542740e-05
    6.18419917e+04    5.12057730e-05
    3.08523738e+04    1.23649160e-04
    1.53919520e+04    2.93783170e-04
    7.67889654e+03    6.97507330e-04
    3.83092749e+03    1.65858410e-03
    1.91121281e+03    3.89606800e-03
    9.53485657e+02    9.09508910e-03
    4.75684807e+02    2.05706220e-02
    2.37314567e+02    4.45088220e-02
    1.18393951e+02    8.73502240e-02
    5.90656012e+01    1.44822154e-01
    2.94672593e+01    1.55486531e-01
    1.47009317e+01    2.61909900e-03
    7.33415320e+00   -3.29956830e-01
    3.65893840e+00   -5.33899707e-01
    1.82540910e+00   -2.52957125e-01
    9.10679000e-01   -2.02163040e-02
    4.54329000e-01   -3.74319450e-03
    2.26660400e-01    4.01146360e-04
    1.13078700e-01   -3.66781020e-04
27  0
    8.03984462e+06   -1.20464020e-07
    4.01100101e+06    7.28847330e-08
    2.00104975e+06   -4.08351080e-07
    9.98304442e+05   -2.55292970e-07
    4.98044467e+05   -1.39436520e-06
    2.48469586e+05   -2.50435910e-06
    1.23959082e+05   -6.83388710e-06
    6.18419917e+04   -1.53429900e-05
    3.08523738e+04   -3.77240470e-05
    1.53919520e+04   -8.82403050e-05
    7.67889654e+03   -2.12467490e-04
    3.83092749e+03   -4.99276720e-04
    1.91121281e+03   -1.18644560e-03
    9.53485657e+02   -2.74711040e-03
    4.75684807e+02   -6.28637690e-03
    2.37314567e+02   -1.35670260e-02
    1.18393951e+02   -2.71598800e-02
    5.90656012e+01   -4.56487860e-02
    2.94672593e+01   -5.18392420e-02
    1.47009317e+01    5.68542890e-04
    7.33415320e+00    1.27433109e-01
    3.65893840e+00    3.05875651e-01
    1.82540910e+00    2.44501759e-01
    9.10679000e-01   -1.92359498e-01
    4.54329000e-01   -5.27098152e-01
    2.26660400e-01   -4.20761883e-01
    1.13078700e-01   -1.21617517e-01
1  0
    3.65893840e+00    1.00000000e+00
1  0
    1.82540910e+00    1.00000000e+00
1  0
    9.10679000e-01    1.00000000e+00
1  0
    4.54329000e-01    1.00000000e+00
1  0
    2.26660400e-01    1.00000000e+00
1  0
    1.13078700e-01    1.00000000e+00
18  1
    1.08857799e+04    1.52536840e-05
    5.35090693e+03    1.52949390e-05
    2.63024208e+03    1.05544740e-04
    1.29289735e+03    3.02471150e-04
    6.35524603e+02    1.08969070e-03
    3.12392567e+02    3.54278500e-03
    1.53556786e+02    1.12943360e-02
    7.54809467e+01    3.32112380e-02
    3.71027126e+01    8.82121160e-02
    1.82378645e+01    1.91838733e-01
    8.96483520e+00    3.13053170e-01
    4.40667110e+00    3.45216875e-01
    2.16610230e+00    1.86663126e-01
    1.06474910e+00    3.09483600e-02
    5.23378200e-01    3.14706520e-03
    2.57266900e-01    2.77123820e-04
    1.26459700e-01    6.26686190e-04
    6.21614000e-02   -1.70392440e-05
18  1
    1.08857799e+04    4.07812440e-06
    5.35090693e+03    4.25251460e-06
    2.63024208e+03    2.80367900e-05
    1.29289735e+03    8.24979700e-05
    6.35524603e+02    2.91793580e-04
    3.12392567e+02    9.63396800e-04
    1.53556786e+02    3.05822610e-03
    7.54809467e+01    9.14045210e-03
    3.71027126e+01    2.46179300e-02
    1.82378645e+01    5.52113340e-02
    8.96483520e+00    9.23169370e-02
    4.40667110e+00    1.10179506e-01
    2.16610230e+00    2.89128610e-02
    1.06474910e+00   -1.89367430e-01
    5.23378200e-01   -3.62599142e-01
    2.57266900e-01   -3.66864074e-01
    1.26459700e-01   -2.05019129e-01
    6.21614000e-02   -4.25670600e-02
1  1
    2.16610230e+00    1.00000000e+00
1  1
    1.06474910e+00    1.00000000e+00
1  1
    5.23378200e-01    1.00000000e+00
1  1
    2.57266900e-01    1.00000000e+00
1  1
    1.26459700e-01    1.00000000e+00
1  1
    6.21614000e-02    1.00000000e+00
1  2
    9.87847630e+00    1.00000000e+00
1  2
    4.51391420e+00    1.00000000e+00
1  2
    2.06260770e+00    1.00000000e+00
1  2
    9.42497000e-01    1.00000000e+00
1  2
    4.30668700e-01    1.00000000e+00
1  2
    1.96791600e-01    1.00000000e+00
1  3
    3.81178350e+00    1.00000000e+00
1  3
    1.96325480e+00    1.00000000e+00
1  3
    1.01117220e+00    1.00000000e+00
1  3
    5.20803100e-01    1.00000000e+00
1  3
    2.68239000e-01    1.00000000e+00
1  4
    1.92013780e+00    1.00000000e+00
1  4
    1.11920740e+00    1.00000000e+00
1  4
    6.52362200e-01    1.00000000e+00
1  4
    3.80248000e-01    1.00000000e+00
1  5
    2.04150260e+00    1.00000000e+00
1  5
    1.12085870e+00    1.00000000e+00
1  5
    6.15391900e-01    1.00000000e+00
1  6
    1.81301740e+00    1.00000000e+00
1  6
    9.12425100e-01    1.00000000e+00
1  7
    1.45900000e+00    1.00000000e+00
