22
10  0
    1.46745901e+06    1.14782572e-05
    2.19756164e+05    8.92342998e-05
    5.00107703e+04    4.69110862e-04
    1.41648239e+04    1.97624461e-03
    4.62074655e+03    7.14199378e-03
    1.66789916e+03    2.27532194e-02
    6.50291993e+02    6.39597830e-02
    2.69380374e+02    1.53310592e-01
    1.17067521e+02    2.89869524e-01
    5.28117668e+01    3.63480715e-01
3  0
    4.61427700e+02    1.80194576e-02
    1.42126654e+02    1.64894423e-01
    5.44378388e+01    6.38915876e-01
1  0
    2.41607702e+01    1.00000000e+00
1  0
    9.70835403e+00    1.00000000e+00
1  0
    4.56406967e+00    1.00000000e+00
1  0
    2.11947448e+00    1.00000000e+00
1  0
    7.57223654e-01    1.00000000e+00
1  0
    3.37472246e-01    1.00000000e+00
1  0
    1.38607751e-01    1.00000000e+00
8  1
    2.50194579e+03    2.42426184e-04
    5.92880593e+02    2.10799617e-03
    1.92180892e+02    1.14326939e-02
    7.28757105e+01    4.49566981e-02
    3.04363584e+01    1.31974761e-01
    1.34901789e+01    2.74936392e-01
    6.14780714e+00    3.83472364e-01
    2.84509448e+00    2.88719439e-01
2  1
    1.05393979e+02   -3.43117601e-02
    6.73697385e+00    6.40608189e-01
1  1
    1.24210958e+00    1.00000000e+00
1  1
    5.56697143e-01    1.00000000e+00
1  1
    2.33878015e-01    1.00000000e+00
1  1
    9.31644909e-02    1.00000000e+00
1  2
    5.19100000e+00    1.00000000e+00
1  2
    1.27600000e+00    1.00000000e+00
1  2
    5.83000000e-01    1.00000000e+00
1  2
    2.43000000e-01    1.00000000e+00
1  3
    1.08900000e+00    1.00000000e+00
1  3
    4.23000000e-01    1.00000000e+00
1  4
    8.27000000e-01    1.00000000e+00
