15
8  0
    1.54220000e+05    2.22552000e-04
    2.31168000e+04    1.72635000e-03
    5.26155000e+03    8.99400000e-03
    1.48983000e+03    3.67704000e-02
    4.85433000e+02    1.21426000e-01
    1.74650000e+02    3.04112000e-01
    6.72443000e+01    5.00000000e-01
    2.65807000e+01    3.60279000e-01
3  0
    1.31809000e+02   -5.32552000e-02
    4.00649000e+01   -2.33840000e-01
    7.89954000e+00    5.00000000e-01
2  0
    4.27902000e+00    5.00000000e-01
    1.96222000e+00    3.70387000e-01
1  0
    5.20373000e-01    1.00000000e+00
1  0
    1.81528000e-01    1.00000000e+00
5  1
    7.41302000e+03    1.66670000e-04
    1.14047000e+03    3.32484000e-03
    2.70577000e+02    2.88795000e-02
    8.69995000e+01    1.46852000e-01
    3.22608000e+01    5.00000000e-01
1  1
    1.31119000e+01    1.00000000e+00
1  1
    5.51150000e+00    1.00000000e+00
1  1
    2.31988000e+00    1.00000000e+00
1  1
    8.52124000e-01    1.00000000e+00
1  1
    3.18523000e-01    1.00000000e+00
1  1
    1.07559000e-01    1.00000000e+00
1  2
    2.31000000e+00    1.00000000e+00
1  2
    5.20000000e-01    1.00000000e+00
1  3
    7.20000000e-01    1.00000000e+00
