7
5  0
    1.04359000e+04    5.62223000e-03
    1.57002000e+03    4.21306000e-02
    3.56863000e+02    1.90529000e-01
    9.97786000e+01    5.00000000e-01
    3.13557000e+01    4.68034000e-01
2  0
    4.64874000e+00    5.00000000e-01
    1.69061000e+00    2.22192000e-01
1  0
    4.76585000e-01    1.00000000e+00
1  0
    1.70974000e-01    1.00000000e+00
5  1
    1.00918000e+03    1.51895000e-03
    1.55259000e+02    2.65288000e-02
    3.60186000e+01    1.70633000e-01
    1.08279000e+01    4.67436000e-01
    3.48178000e+00    5.00000000e-01
1  1
    8.39567000e-01    1.00000000e+00
1  1
    2.18893000e-01    1.00000000e+00
