5
3  0
    6.01345614e+02    1.54328967e-01
    1.09535854e+02    5.35328142e-01
    2.96446769e+01    4.44634542e-01
3  0
    3.89604189e+01   -9.99672292e-02
    9.05356348e+00    3.99512826e-01
    2.94449983e+00    7.00115469e-01
3  1
    3.89604189e+01    1.55916275e-01
    9.05356348e+00    6.07683719e-01
    2.94449983e+00    3.91957393e-01
3  0
    2.12938649e+00   -2.19620369e-01
    5.94093427e-01    2.25595434e-01
    2.32524141e-01    9.00398426e-01
3  1
    2.12938649e+00    1.05876043e-02
    5.94093427e-01    5.95167005e-01
    2.32524141e-01    4.62001012e-01
