17
7  0
    8.04427662e+03    8.30660500e-01
    2.92451240e+03    1.61462030e+00
    1.11081687e+03    5.00513980e+00
    4.39905076e+02    9.98632730e+00
    1.81198729e+02    1.13443970e+01
    7.74148302e+01    2.67266290e+00
    3.41977273e+01   -1.60432270e+00
1  0
    1.55648397e+01    1.00000000e+00
1  0
    7.27078730e+00    1.00000000e+00
1  0
    3.47119000e+00    1.00000000e+00
1  0
    1.68608080e+00    1.00000000e+00
1  0
    8.29312500e-01    1.00000000e+00
1  0
    4.11012400e-01    1.00000000e+00
1  0
    2.04219000e-01    1.00000000e+00
2  1
    1.22564993e+01    5.63086000e-02
    4.89225750e+00   -5.63007000e-02
1  1
    1.92654600e+00    1.00000000e+00
1  1
    7.52598900e-01    1.00000000e+00
1  1
    2.93218900e-01    1.00000000e+00
3  2
    2.84370504e+01   -2.65404000e-02
    7.27722980e+00    1.34848000e-02
    2.31116210e+00   -1.36452000e-02
1  2
    8.58094300e-01    1.00000000e+00
1  2
    3.37622700e-01    1.00000000e+00
2  3
    1.20356850e+00    1.00000000e+00
    4.70000000e-01    1.00000000e+00
1  4
    7.52110000e-01    1.00000000e+00
