27
1  0
    1.19744176e+04    1.00000000e+00
1  0
    4.12219499e+03    1.00000000e+00
1  0
    1.48921489e+03    1.00000000e+00
1  0
    5.63435222e+02    1.00000000e+00
1  0
    2.22696082e+02    1.00000000e+00
1  0
    9.16849741e+01    1.00000000e+00
1  0
    3.91868314e+01    1.00000000e+00
1  0
    1.73213064e+01    1.00000000e+00
1  0
    7.88440562e+00    1.00000000e+00
1  0
    3.67851909e+00    1.00000000e+00
1  0
    1.75024263e+00    1.00000000e+00
1  0
    8.44722540e-01    1.00000000e+00
1  0
    4.11232150e-01    1.00000000e+00
1  0
    2.00779640e-01    1.00000000e+00
1  1
    1.22564993e+01    1.00000000e+00
1  1
    4.89225750e+00    1.00000000e+00
1  1
    1.92654600e+00    1.00000000e+00
1  1
    7.52598900e-01    1.00000000e+00
1  1
    2.93218900e-01    1.00000000e+00
1  2
    3.21628907e+01    1.00000000e+00
1  2
    5.11549333e+00    1.00000000e+00
1  2
    1.30165691e+00    1.00000000e+00
1  2
    5.17440520e-01    1.00000000e+00
1  2
    2.53139100e-01    1.00000000e+00
1  3
    1.20356850e+00    1.00000000e+00
1  3
    4.70000000e-01    1.00000000e+00
1  4
    7.52110000e-01    1.00000000e+00
