12
6  0
    6.61489900e+04    1.75978700e-03
    9.93307700e+03    1.34816200e-02
    2.26281600e+03    6.64934200e-02
    6.37915400e+02    2.30793900e-01
    2.04412200e+02    4.79291900e-01
    6.98253800e+01    3.51409700e-01
6  0
    1.37884100e+03    2.37627600e-03
    3.28269400e+02    3.16745000e-02
    1.06094600e+02    1.26288800e-01
    3.98327500e+01   -2.58455200e-02
    1.61862200e+01   -6.18349100e-01
    6.66778800e+00   -4.56700800e-01
6  1
    1.37884100e+03    3.97148800e-03
    3.28269400e+02    3.10817400e-02
    1.06094600e+02    1.35743900e-01
    3.98327500e+01    3.47682700e-01
    1.61862200e+01    4.62634000e-01
    6.66778800e+00    2.05163200e-01
6  0
    5.45235500e+01   -3.99300400e-03
    1.82978300e+01    7.40966300e-02
    7.86734800e+00    2.54200000e-01
    3.34053400e+00   -2.92165700e-01
    1.39375600e+00   -7.31870300e-01
    5.51326000e-01   -2.04078400e-01
6  1
    5.45235500e+01   -7.29077200e-03
    1.82978300e+01   -2.92602700e-02
    7.86734800e+00    6.56415000e-02
    3.34053400e+00    4.00065200e-01
    1.39375600e+00    4.95023600e-01
    5.51326000e-01    1.75824000e-01
3  0
    2.15194700e+00    5.37984300e-02
    8.11063000e-01    2.75997100e-01
    1.21017000e-01   -1.12969200e+00
3  1
    2.15194700e+00   -2.16549600e-01
    8.11063000e-01    1.24048800e-01
    1.21017000e-01    9.72406400e-01
1  0
    4.30370000e-02    1.00000000e+00
1  1
    4.30370000e-02    1.00000000e+00
3  2
    2.55930600e+01    9.00474800e-02
    6.80099000e+00    3.93170300e-01
    2.05164700e+00    6.97684400e-01
1  2
    5.55671000e-01    1.00000000e+00
1  3
    8.00000000e-01    1.00000000e+00
