32
21  0
    1.43702200e+07    1.96157900e-06
    2.15154000e+06    1.52530800e-05
    4.89625700e+05    8.02467100e-05
    1.38690300e+05    3.38958200e-04
    4.52498900e+04    1.23455100e-03
    1.63376200e+04    4.01723700e-03
    6.37307300e+03    1.18993600e-02
    2.64395800e+03    3.21372100e-02
    1.15361400e+03    7.79997000e-02
    5.24860600e+02    1.62682500e-01
    2.47306900e+02    2.67184900e-01
    1.19906300e+02    2.88141100e-01
    5.89642900e+01    1.54830100e-01
    2.71361600e+01    6.45189600e-02
    1.36891200e+01    1.03072800e-01
    6.88277100e+00    7.13799100e-02
    3.14464700e+00    9.13133200e-03
    1.50626600e+00   -2.91967900e-04
    6.87268000e-01   -5.58148800e-06
    1.60972000e-01   -1.73235100e-05
    7.30170000e-02    2.13234700e-05
21  0
    1.43702200e+07   -1.03204600e-06
    2.15154000e+06   -8.02761400e-06
    4.89625700e+05   -4.22193000e-05
    1.38690300e+05   -1.78481700e-04
    4.52498900e+04   -6.50141100e-04
    1.63376200e+04   -2.12190900e-03
    6.37307300e+03   -6.31175500e-03
    2.64395800e+03   -1.72755800e-02
    1.15361400e+03   -4.29935300e-02
    5.24860600e+02   -9.50712500e-02
    2.47306900e+02   -1.75221200e-01
    1.19906300e+02   -2.41612700e-01
    5.89642900e+01   -1.64593300e-01
    2.71361600e+01    1.88006000e-01
    1.36891200e+01    5.50515700e-01
    6.88277100e+00    3.70168200e-01
    3.14464700e+00    5.00724300e-02
    1.50626600e+00   -3.97568600e-03
    6.87268000e-01   -2.89640900e-04
    1.60972000e-01   -2.55251500e-04
    7.30170000e-02    2.18280700e-04
21  0
    1.43702200e+07    2.35777200e-07
    2.15154000e+06    1.83530000e-06
    4.89625700e+05    9.64295100e-06
    1.38690300e+05    4.08297800e-05
    4.52498900e+04    1.48563000e-04
    1.63376200e+04    4.86668800e-04
    6.37307300e+03    1.44961800e-03
    2.64395800e+03    4.01511600e-03
    1.15361400e+03    1.01482000e-02
    5.24860600e+02    2.34232100e-02
    2.47306900e+02    4.61722000e-02
    1.19906300e+02    7.26220500e-02
    5.89642900e+01    5.51247000e-02
    2.71361600e+01   -9.35680300e-02
    1.36891200e+01   -3.75206600e-01
    6.88277100e+00   -3.59501000e-01
    3.14464700e+00    2.82118700e-01
    1.50626600e+00    6.88285100e-01
    6.87268000e-01    3.24368000e-01
    1.60972000e-01    1.50149800e-02
    7.30170000e-02   -3.90600500e-03
21  0
    1.43702200e+07   -4.98388000e-08
    2.15154000e+06   -3.87930400e-07
    4.89625700e+05   -2.03837900e-06
    1.38690300e+05   -8.63012900e-06
    4.52498900e+04   -3.14051900e-05
    1.63376200e+04   -1.02868200e-04
    6.37307300e+03   -3.06477600e-04
    2.64395800e+03   -8.48858100e-04
    1.15361400e+03   -2.14673200e-03
    5.24860600e+02   -4.95749900e-03
    2.47306900e+02   -9.79218300e-03
    1.19906300e+02   -1.54506500e-02
    5.89642900e+01   -1.18179400e-02
    2.71361600e+01    2.03157400e-02
    1.36891200e+01    8.49475400e-02
    6.88277100e+00    8.45587000e-02
    3.14464700e+00   -7.82443800e-02
    1.50626600e+00   -2.16140300e-01
    6.87268000e-01   -2.12065700e-01
    1.60972000e-01    2.77704800e-01
    7.30170000e-02    5.88634200e-01
21  0
    1.43702200e+07   -9.63377200e-08
    2.15154000e+06   -7.65408300e-07
    4.89625700e+05   -3.90364000e-06
    1.38690300e+05   -1.71866500e-05
    4.52498900e+04   -5.95264000e-05
    1.63376200e+04   -2.07048200e-04
    6.37307300e+03   -5.73729300e-04
    2.64395800e+03   -1.73156700e-03
    1.15361400e+03   -3.95002900e-03
    5.24860600e+02   -1.03396900e-02
    2.47306900e+02   -1.73602700e-02
    1.19906300e+02   -3.44907400e-02
    5.89642900e+01   -1.42204000e-02
    2.71361600e+01    1.81671300e-02
    1.36891200e+01    2.21904400e-01
    6.88277100e+00    9.49694500e-02
    3.14464700e+00   -5.35677000e-02
    1.50626600e+00   -9.07104500e-01
    6.87268000e-01    3.49187400e-01
    1.60972000e-01    1.58668900e+00
    7.30170000e-02   -6.42598600e-01
21  0
    1.43702200e+07   -1.73362000e-07
    2.15154000e+06   -1.37643400e-06
    4.89625700e+05   -7.02690900e-06
    1.38690300e+05   -3.08975700e-05
    4.52498900e+04   -1.07192900e-04
    1.63376200e+04   -3.72116100e-04
    6.37307300e+03   -1.03375800e-03
    2.64395800e+03   -3.11160200e-03
    1.15361400e+03   -7.12742800e-03
    5.24860600e+02   -1.85937200e-02
    2.47306900e+02   -3.14830200e-02
    1.19906300e+02   -6.22207800e-02
    5.89642900e+01   -2.68435900e-02
    2.71361600e+01    3.49936000e-02
    1.36891200e+01    4.22009300e-01
    6.88277100e+00    2.57314700e-01
    3.14464700e+00   -5.36308900e-01
    1.50626600e+00   -1.85611200e+00
    6.87268000e-01    2.65147500e+00
    1.60972000e-01   -5.22877500e-01
    7.30170000e-02   -1.48308600e+00
21  0
    1.43702200e+07   -1.96810900e-07
    2.15154000e+06   -1.43978900e-06
    4.89625700e+05   -8.26594700e-06
    1.38690300e+05   -3.10898900e-05
    4.52498900e+04   -1.31018400e-04
    1.63376200e+04   -3.57736600e-04
    6.37307300e+03   -1.32172600e-03
    2.64395800e+03   -2.82163000e-03
    1.15361400e+03   -9.69264600e-03
    5.24860600e+02   -1.52814300e-02
    2.47306900e+02   -4.87109400e-02
    1.19906300e+02   -3.61146500e-02
    5.89642900e+01   -1.01455900e-01
    2.71361600e+01    2.05918500e-01
    1.36891200e+01    1.74020900e-01
    6.88277100e+00    1.06189600e+00
    3.14464700e+00   -3.18751200e+00
    1.50626600e+00    2.05273000e+00
    6.87268000e-01    7.96245100e-01
    1.60972000e-01   -3.73094900e+00
    7.30170000e-02    5.01811000e+00
1  0
    3.20710000e-02    1.00000000e+00
1  0
    1.40900000e-02    1.00000000e+00
17  1
    4.19614000e+04    1.10000000e-05
    9.92830600e+03    9.50000000e-05
    3.22497100e+03    5.57000000e-04
    1.23529300e+03    2.53800000e-03
    5.25846900e+02    9.55400000e-03
    2.40976200e+02    3.03350000e-02
    1.16641800e+02    8.09840000e-02
    5.88483400e+01    1.74692000e-01
    3.05291000e+01    2.88544000e-01
    1.61694300e+01    3.31136000e-01
    8.66423600e+00    2.12897000e-01
    4.59194300e+00    5.62950000e-02
    2.38104800e+00    1.89500000e-03
    1.20624600e+00   -1.95500000e-03
    5.88822000e-01   -1.12600000e-03
    2.24658000e-01   -7.40000000e-05
    9.04360000e-02   -3.00000000e-06
17  1
    4.19614000e+04   -4.00000000e-06
    9.92830600e+03   -3.40000000e-05
    3.22497100e+03   -1.98000000e-04
    1.23529300e+03   -9.06000000e-04
    5.25846900e+02   -3.42800000e-03
    2.40976200e+02   -1.10390000e-02
    1.16641800e+02   -3.01570000e-02
    5.88483400e+01   -6.75490000e-02
    3.05291000e+01   -1.16466000e-01
    1.61694300e+01   -1.41441000e-01
    8.66423600e+00   -4.87170000e-02
    4.59194300e+00    1.94655000e-01
    2.38104800e+00    4.04148000e-01
    1.20624600e+00    3.78904000e-01
    5.88822000e-01    1.67306000e-01
    2.24658000e-01    1.77190000e-02
    9.04360000e-02   -1.25200000e-03
17  1
    4.19614000e+04    1.00000000e-06
    9.92830600e+03    7.00000000e-06
    3.22497100e+03    4.40000000e-05
    1.23529300e+03    1.99000000e-04
    5.25846900e+02    7.60000000e-04
    2.40976200e+02    2.42500000e-03
    1.16641800e+02    6.70600000e-03
    5.88483400e+01    1.48900000e-02
    3.05291000e+01    2.61810000e-02
    1.61694300e+01    3.13100000e-02
    8.66423600e+00    1.08480000e-02
    4.59194300e+00   -5.38620000e-02
    2.38104800e+00   -1.06112000e-01
    1.20624600e+00   -1.21775000e-01
    5.88822000e-01    3.86300000e-03
    2.24658000e-01    3.27198000e-01
    9.04360000e-02    5.41961000e-01
17  1
    4.19614000e+04    1.00000000e-06
    9.92830600e+03    1.10000000e-05
    3.22497100e+03    6.90000000e-05
    1.23529300e+03    3.08000000e-04
    5.25846900e+02    1.18700000e-03
    2.40976200e+02    3.76000000e-03
    1.16641800e+02    1.04780000e-02
    5.88483400e+01    2.30580000e-02
    3.05291000e+01    4.10950000e-02
    1.61694300e+01    4.85290000e-02
    8.66423600e+00    1.88210000e-02
    4.59194300e+00   -8.89830000e-02
    2.38104800e+00   -1.71061000e-01
    1.20624600e+00   -1.89764000e-01
    5.88822000e-01    7.18740000e-02
    2.24658000e-01    6.04917000e-01
    9.04360000e-02    4.35783000e-01
17  1
    4.19614000e+04    3.00000000e-06
    9.92830600e+03    2.30000000e-05
    3.22497100e+03    1.50000000e-04
    1.23529300e+03    6.20000000e-04
    5.25846900e+02    2.59200000e-03
    2.40976200e+02    7.57100000e-03
    1.16641800e+02    2.30010000e-02
    5.88483400e+01    4.59430000e-02
    3.05291000e+01    9.29370000e-02
    1.61694300e+01    9.34070000e-02
    8.66423600e+00    8.01520000e-02
    4.59194300e+00   -3.17793000e-01
    2.38104800e+00   -4.37813000e-01
    1.20624600e+00   -2.32946000e-01
    5.88822000e-01    1.16489700e+00
    2.24658000e-01    1.73156000e-01
    9.04360000e-02   -8.16071000e-01
17  1
    4.19614000e+04   -4.00000000e-06
    9.92830600e+03   -3.30000000e-05
    3.22497100e+03   -1.85000000e-04
    1.23529300e+03   -8.87000000e-04
    5.25846900e+02   -3.20400000e-03
    2.40976200e+02   -1.08490000e-02
    1.16641800e+02   -2.83310000e-02
    5.88483400e+01   -6.73690000e-02
    3.05291000e+01   -1.08323000e-01
    1.61694300e+01   -1.71986000e-01
    8.66423600e+00   -1.08448000e-01
    4.59194300e+00    7.41607000e-01
    2.38104800e+00    8.08264000e-01
    1.20624600e+00   -1.78027200e+00
    5.88822000e-01    6.36530000e-02
    2.24658000e-01    1.47424200e+00
    9.04360000e-02   -1.03854900e+00
1  1
    3.58480000e-02    1.00000000e+00
1  1
    1.42100000e-02    1.00000000e+00
10  2
    3.75320000e+02    3.56000000e-04
    1.12604000e+02    3.23900000e-03
    4.35190000e+01    1.65690000e-02
    1.88147000e+01    5.59830000e-02
    8.66491000e+00    1.39403000e-01
    4.13711000e+00    2.44378000e-01
    1.97080000e+00    3.08107000e-01
    9.15007000e-01    2.97266000e-01
    4.07370000e-01    2.13685000e-01
    1.70444000e-01    9.34140000e-02
10  2
    3.75320000e+02   -4.11000000e-04
    1.12604000e+02   -3.77400000e-03
    4.35190000e+01   -1.93160000e-02
    1.88147000e+01   -6.64370000e-02
    8.66491000e+00   -1.70542000e-01
    4.13711000e+00   -2.85477000e-01
    1.97080000e+00   -2.32884000e-01
    9.15007000e-01    9.44710000e-02
    4.07370000e-01    4.20178000e-01
    1.70444000e-01    4.09474000e-01
10  2
    3.75320000e+02   -5.45000000e-04
    1.12604000e+02   -5.02800000e-03
    4.35190000e+01   -2.59450000e-02
    1.88147000e+01   -9.11040000e-02
    8.66491000e+00   -2.45395000e-01
    4.13711000e+00   -3.48160000e-01
    1.97080000e+00    7.00830000e-02
    9.15007000e-01    6.49445000e-01
    4.07370000e-01    1.93942000e-01
    1.70444000e-01   -6.18468000e-01
10  2
    3.75320000e+02   -8.27000000e-04
    1.12604000e+02   -7.04100000e-03
    4.35190000e+01   -3.92680000e-02
    1.88147000e+01   -1.33341000e-01
    8.66491000e+00   -4.34230000e-01
    4.13711000e+00   -2.56554000e-01
    1.97080000e+00    9.66240000e-01
    9.15007000e-01    1.09798000e-01
    4.07370000e-01   -1.04703500e+00
    1.70444000e-01    4.37599000e-01
1  2
    6.43790000e-02    1.00000000e+00
1  2
    2.43200000e-02    1.00000000e+00
1  3
    5.98320000e+00    1.00000000e+00
1  3
    1.80450000e+00    1.00000000e+00
1  3
    5.44200000e-01    1.00000000e+00
1  3
    1.84160000e-01    1.00000000e+00
1  4
    4.45140000e+00    1.00000000e+00
1  4
    1.27000000e+00    1.00000000e+00
1  4
    4.96310000e-01    1.00000000e+00
1  5
    2.79590000e+00    1.00000000e+00
1  5
    1.15791000e+00    1.00000000e+00
