25
19  0
    4.67567500e+06    7.97902600e-06
    7.00161500e+05    6.20407100e-05
    1.59337300e+05    3.26173500e-04
    4.51304600e+04    1.37536000e-03
    1.47223800e+04    4.97999700e-03
    5.31422200e+03    1.59643400e-02
    2.07201800e+03    4.55208600e-02
    8.58618800e+02    1.12738500e-01
    3.73549700e+02    2.26826200e-01
    1.68922900e+02    3.20307400e-01
    7.82963900e+01    2.37402100e-01
    3.55212300e+01    7.47768600e-02
    1.70414400e+01    9.58187200e-02
    8.17300000e+00    9.64991100e-02
    3.61031800e+00    1.62336200e-02
    1.69704700e+00   -4.53549700e-04
    7.43532000e-01    5.11351900e-05
    1.58344000e-01   -4.17450800e-05
    7.50360000e-02    4.02757700e-05
19  0
    4.67567500e+06   -4.20024000e-06
    7.00161500e+05   -3.26583100e-05
    1.59337300e+05   -1.71764400e-04
    4.51304600e+04   -7.24785300e-04
    1.47223800e+04   -2.63146200e-03
    5.31422200e+03   -8.48927200e-03
    2.07201800e+03   -2.46061900e-02
    8.58618800e+02   -6.32205900e-02
    3.73549700e+02   -1.38195700e-01
    1.68922900e+02   -2.34068000e-01
    7.82963900e+01   -2.41500200e-01
    3.55212300e+01    3.03531200e-02
    1.70414400e+01    5.10134100e-01
    8.17300000e+00    4.97493900e-01
    3.61031800e+00    8.97074600e-02
    1.69704700e+00   -5.94103400e-03
    7.43532000e-01    2.17536200e-04
    1.58344000e-01   -5.48015500e-04
    7.50360000e-02    4.52580400e-04
19  0
    4.67567500e+06    9.59269200e-07
    7.00161500e+05    7.46185100e-06
    1.59337300e+05    3.92313700e-05
    4.51304600e+04    1.65770600e-04
    1.47223800e+04    6.02433500e-04
    5.31422200e+03    1.95521700e-03
    2.07201800e+03    5.72632600e-03
    8.58618800e+02    1.51298400e-02
    3.73549700e+02    3.48397300e-02
    1.68922900e+02    6.57035100e-02
    7.82963900e+01    7.83150300e-02
    3.55212300e+01   -1.87703700e-02
    1.70414400e+01   -3.06266300e-01
    8.17300000e+00   -4.56642900e-01
    3.61031800e+00    1.37816900e-01
    1.69704700e+00    7.19367600e-01
    7.43532000e-01    3.99257900e-01
    1.58344000e-01    2.07993300e-02
    7.50360000e-02   -7.82066300e-03
19  0
    4.67567500e+06   -2.02884000e-07
    7.00161500e+05   -1.57758000e-06
    1.59337300e+05   -8.29881300e-06
    4.51304600e+04   -3.50415400e-05
    1.47223800e+04   -1.27465500e-04
    5.31422200e+03   -4.13269500e-04
    2.07201800e+03   -1.21226100e-03
    8.58618800e+02   -3.19931800e-03
    3.73549700e+02   -7.39097200e-03
    1.68922900e+02   -1.39364900e-02
    7.82963900e+01   -1.67857500e-02
    3.55212300e+01    4.14985600e-03
    1.70414400e+01    6.79764600e-02
    8.17300000e+00    1.07580700e-01
    3.61031800e+00   -4.16602200e-02
    1.69704700e+00   -2.12804400e-01
    7.43532000e-01   -2.38136000e-01
    1.58344000e-01    2.65078800e-01
    7.50360000e-02    5.72277400e-01
19  0
    4.67567500e+06   -3.86305300e-07
    7.00161500e+05   -3.06878800e-06
    1.59337300e+05   -1.56482600e-05
    4.51304600e+04   -6.88358800e-05
    1.47223800e+04   -2.37736700e-04
    5.31422200e+03   -8.21317300e-04
    2.07201800e+03   -2.22963000e-03
    8.58618800e+02   -6.46784100e-03
    3.73549700e+02   -1.32546300e-02
    1.68922900e+02   -2.94668600e-02
    7.82963900e+01   -2.59906600e-02
    3.55212300e+01   -8.49980700e-03
    1.70414400e+01    1.72731600e-01
    8.17300000e+00    1.51218900e-01
    3.61031800e+00    3.55450900e-02
    1.69704700e+00   -8.82935300e-01
    7.43532000e-01    2.14353000e-01
    1.58344000e-01    1.71186500e+00
    7.50360000e-02   -7.14003700e-01
19  0
    4.67567500e+06   -7.17468700e-07
    7.00161500e+05   -5.72215700e-06
    1.59337300e+05   -2.90097000e-05
    4.51304600e+04   -1.28584500e-04
    1.47223800e+04   -4.39843400e-04
    5.31422200e+03   -1.53758600e-03
    2.07201800e+03   -4.11602200e-03
    8.58618800e+02   -1.21551400e-02
    3.73549700e+02   -2.44044100e-02
    1.68922900e+02   -5.60197600e-02
    7.82963900e+01   -4.68944900e-02
    3.55212300e+01   -2.16882800e-02
    1.70414400e+01    3.47778900e-01
    8.17300000e+00    3.50059700e-01
    3.61031800e+00   -2.04855100e-01
    1.69704700e+00   -2.16321100e+00
    7.43532000e-01    2.52409100e+00
    1.58344000e-01   -1.59001100e-01
    7.50360000e-02   -1.82526700e+00
1  0
    3.30910000e-02    1.00000000e+00
1  0
    1.45900000e-02    1.00000000e+00
15  1
    1.92677800e+04    4.10000000e-05
    4.56098600e+03    3.69000000e-04
    1.48143600e+03    2.12800000e-03
    5.66867100e+02    9.37200000e-03
    2.40491000e+02    3.31550000e-02
    1.09610500e+02    9.47520000e-02
    5.25949100e+01    2.09093000e-01
    2.60836100e+01    3.33722000e-01
    1.32614300e+01    3.32208000e-01
    6.79977800e+00    1.54613000e-01
    3.39341400e+00    2.09020000e-02
    1.64876600e+00   -2.02400000e-03
    7.76282000e-01   -1.69700000e-03
    2.98003000e-01   -2.80000000e-04
    1.13618000e-01    2.60000000e-05
15  1
    1.92677800e+04   -1.50000000e-05
    4.56098600e+03   -1.31000000e-04
    1.48143600e+03   -7.58000000e-04
    5.66867100e+02   -3.36300000e-03
    2.40491000e+02   -1.20540000e-02
    1.09610500e+02   -3.54240000e-02
    5.25949100e+01   -8.12870000e-02
    2.60836100e+01   -1.36908000e-01
    1.32614300e+01   -1.39019000e-01
    6.79977800e+00    3.54680000e-02
    3.39341400e+00    3.38498000e-01
    1.64876600e+00    4.54433000e-01
    7.76282000e-01    2.79793000e-01
    2.98003000e-01    4.47760000e-02
    1.13618000e-01   -3.15100000e-03
15  1
    1.92677800e+04   -3.00000000e-06
    4.56098600e+03   -2.90000000e-05
    1.48143600e+03   -1.67000000e-04
    5.66867100e+02   -7.42000000e-04
    2.40491000e+02   -2.66200000e-03
    1.09610500e+02   -7.84100000e-03
    5.25949100e+01   -1.80510000e-02
    2.60836100e+01   -3.05800000e-02
    1.32614300e+01   -3.13120000e-02
    6.79977800e+00    1.13110000e-02
    3.39341400e+00    8.99900000e-02
    1.64876600e+00    1.30733000e-01
    7.76282000e-01    7.18080000e-02
    2.98003000e-01   -2.21658000e-01
    1.13618000e-01   -5.71025000e-01
15  1
    1.92677800e+04    5.00000000e-06
    4.56098600e+03    4.50000000e-05
    1.48143600e+03    2.55000000e-04
    5.66867100e+02    1.14400000e-03
    2.40491000e+02    4.06100000e-03
    1.09610500e+02    1.20950000e-02
    5.25949100e+01    2.74760000e-02
    2.60836100e+01    4.75570000e-02
    1.32614300e+01    4.73020000e-02
    6.79977800e+00   -1.44180000e-02
    3.39341400e+00   -1.50062000e-01
    1.64876600e+00   -1.99092000e-01
    7.76282000e-01   -7.97830000e-02
    2.98003000e-01    4.59035000e-01
    1.13618000e-01    6.17495000e-01
15  1
    1.92677800e+04    1.10000000e-05
    4.56098600e+03    9.20000000e-05
    1.48143600e+03    5.63000000e-04
    5.66867100e+02    2.35400000e-03
    2.40491000e+02    8.97600000e-03
    1.09610500e+02    2.48100000e-02
    5.25949100e+01    6.15800000e-02
    2.60836100e+01    9.47770000e-02
    1.32614300e+01    1.26693000e-01
    6.79977800e+00   -6.37540000e-02
    3.39341400e+00   -4.18566000e-01
    1.64876600e+00   -5.67865000e-01
    7.76282000e-01    8.75406000e-01
    2.98003000e-01    7.18263000e-01
    1.13618000e-01   -8.74722000e-01
1  1
    4.16240000e-02    1.00000000e+00
1  1
    1.52500000e-02    1.00000000e+00
7  2
    1.26264000e+02    3.51000000e-03
    3.75226000e+01    2.58840000e-02
    1.38021000e+01    1.00058000e-01
    5.60927000e+00    2.40547000e-01
    2.33369000e+00    3.56843000e-01
    9.36415000e-01    3.59579000e-01
    3.48237000e-01    2.36629000e-01
7  2
    1.26264000e+02   -4.06700000e-03
    3.75226000e+01   -3.00530000e-02
    1.38021000e+01   -1.19620000e-01
    5.60927000e+00   -2.91513000e-01
    2.33369000e+00   -3.18048000e-01
    9.36415000e-01    9.16980000e-02
    3.48237000e-01    5.60823000e-01
7  2
    1.26264000e+02    5.47000000e-03
    3.75226000e+01    4.08130000e-02
    1.38021000e+01    1.68978000e-01
    5.60927000e+00    4.09359000e-01
    2.33369000e+00    8.63160000e-02
    9.36415000e-01   -7.69008000e-01
    3.48237000e-01    3.35500000e-03
1  2
    1.12353000e-01    1.00000000e+00
1  2
    3.62500000e-02    1.00000000e+00
1  3
    3.81370000e+00    1.00000000e+00
1  3
    9.30900000e-01    1.00000000e+00
1  3
    3.27150000e-01    1.00000000e+00
1  4
    2.47090000e+00    1.00000000e+00
1  4
    9.58140000e-01    1.00000000e+00
