62
1  0
    4.47270000e+02    1.00000000e+00
1  0
    2.02497000e+02    1.00000000e+00
1  0
    8.96711000e+01    1.00000000e+00
1  0
    4.02674000e+01    1.00000000e+00
1  0
    1.64337000e+01    1.00000000e+00
1  0
    8.71330000e+00    1.00000000e+00
1  0
    4.87825000e+00    1.00000000e+00
1  0
    2.63004000e+00    1.00000000e+00
1  0
    1.14648000e+00    1.00000000e+00
1  0
    6.94159000e-01    1.00000000e+00
1  0
    2.72972000e-01    1.00000000e+00
1  0
    1.13345000e-01    1.00000000e+00
1  0
    6.86660000e-02    1.00000000e+00
1  1
    1.67299000e+02    1.00000000e+00
1  1
    7.70368000e+01    1.00000000e+00
1  1
    3.11151000e+01    1.00000000e+00
1  1
    1.48411000e+01    1.00000000e+00
1  1
    9.20936000e+00    1.00000000e+00
1  1
    5.38792000e+00    1.00000000e+00
1  1
    1.80478000e+00    1.00000000e+00
1  1
    1.06597000e+00    1.00000000e+00
1  1
    6.64948000e-01    1.00000000e+00
1  1
    3.30271000e-01    1.00000000e+00
1  1
    1.37520000e-01    1.00000000e+00
1  1
    7.91000000e-02    1.00000000e+00
1  2
    1.38045000e+02    1.00000000e+00
1  2
    2.60241000e+01    1.00000000e+00
1  2
    1.03336000e+01    1.00000000e+00
1  2
    4.82925000e+00    1.00000000e+00
1  2
    3.26866000e+00    1.00000000e+00
1  2
    1.43267000e+00    1.00000000e+00
1  2
    7.66887000e-01    1.00000000e+00
1  2
    4.10689000e-01    1.00000000e+00
1  2
    2.27639000e-01    1.00000000e+00
1  2
    1.08707000e-01    1.00000000e+00
1  3
    5.11731000e+01    1.00000000e+00
1  3
    1.34732000e+01    1.00000000e+00
1  3
    7.98875000e+00    1.00000000e+00
1  3
    3.57416000e+00    1.00000000e+00
1  3
    2.40059000e+00    1.00000000e+00
1  3
    1.01977000e+00    1.00000000e+00
1  3
    6.29574000e-01    1.00000000e+00
1  3
    2.74073000e-01    1.00000000e+00
1  3
    1.52076000e-01    1.00000000e+00
1  4
    3.33625000e+01    1.00000000e+00
1  4
    1.19146000e+01    1.00000000e+00
1  4
    5.29352000e+00    1.00000000e+00
1  4
    2.33311000e+00    1.00000000e+00
1  4
    1.27289000e+00    1.00000000e+00
1  4
    4.88890000e-01    1.00000000e+00
1  4
    2.16905000e-01    1.00000000e+00
1  5
    2.11253000e+01    1.00000000e+00
1  5
    9.42683000e+00    1.00000000e+00
1  5
    3.75076000e+00    1.00000000e+00
1  5
    2.20125000e+00    1.00000000e+00
1  5
    9.77999000e-01    1.00000000e+00
1  6
    9.29332000e+00    1.00000000e+00
1  6
    5.25824000e+00    1.00000000e+00
1  6
    2.53384000e+00    1.00000000e+00
1  6
    1.58637000e+00    1.00000000e+00
1  7
    7.36299000e+00    1.00000000e+00
1  7
    3.86942000e+00    1.00000000e+00
