28
11  0
    4.65820650e+06    8.66095065e-06
    6.97560875e+05    6.73363002e-05
    1.58759871e+05    3.53990449e-04
    4.49690994e+04    1.49263843e-03
    1.46707142e+04    5.40530951e-03
    5.29589473e+03    1.73352336e-02
    2.06505812e+03    4.94866413e-02
    8.55906277e+02    1.22893520e-01
    3.72487473e+02    2.49032300e-01
    1.68505766e+02    3.58383203e-01
    7.81287616e+01    2.77779742e-01
4  0
    1.53451499e+03    7.44643728e-03
    4.75529761e+02    7.29936020e-02
    1.82548368e+02    3.32431050e-01
    7.89164672e+01    6.19004900e-01
1  0
    3.55008655e+01    1.00000000e+00
1  0
    1.67904145e+01    1.00000000e+00
1  0
    8.02402325e+00    1.00000000e+00
1  0
    3.45716830e+00    1.00000000e+00
1  0
    1.65998354e+00    1.00000000e+00
1  0
    7.33800225e-01    1.00000000e+00
1  0
    1.58786131e-01    1.00000000e+00
1  0
    7.45356595e-02    1.00000000e+00
1  0
    3.28673517e-02    1.00000000e+00
9  1
    8.42543314e+03    1.74917755e-04
    1.99587585e+03    1.53789017e-03
    6.47767657e+02    8.57524534e-03
    2.46882612e+02    3.52952669e-02
    1.04009522e+02    1.10500077e-01
    4.68274781e+01    2.51609245e-01
    2.19344445e+01    3.82090030e-01
    1.05404995e+01    3.09471199e-01
    4.98204194e+00    8.74368730e-02
5  1
    6.92707871e+01   -6.11724244e-03
    2.45839779e+01   -2.96550439e-02
    4.85622589e+00    2.91633332e-01
    2.24809161e+00    6.06294083e-01
    1.01142860e+00    4.90574400e-01
1  1
    4.19199055e-01    1.00000000e+00
1  1
    1.75000000e-01    1.00000000e+00
1  1
    7.30000000e-02    1.00000000e+00
1  1
    3.00000000e-02    1.00000000e+00
6  2
    2.37584510e+02    9.75932827e-04
    7.10868963e+01    8.34325719e-03
    2.71190807e+01    3.79584711e-02
    1.14482391e+01    1.15229362e-01
    5.13918067e+00    2.38434679e-01
    2.33234921e+00    3.32057000e-01
1  2
    1.03386621e+00    3.32768361e-01
1  2
    4.37851463e-01    2.27692909e-01
1  2
    1.68950049e-01    7.46341292e-02
1  2
    6.60000000e-02    1.00000000e+00
1  3
    5.97500000e+00    1.00000000e+00
1  3
    1.90300000e+00    1.00000000e+00
1  3
    5.94000000e-01    1.00000000e+00
1  3
    1.85400000e-01    1.00000000e+00
1  4
    4.63500000e+00    1.00000000e+00
1  4
    1.34900000e+00    1.00000000e+00
