39
15  0
    2.51211000e+07    1.71697000e-06
    3.77952000e+06    1.32356000e-05
    8.65431000e+05    6.89397000e-05
    2.47201000e+05    2.87666000e-04
    8.13732000e+04    1.03751000e-03
    2.96036000e+04    3.35599000e-03
    1.16713000e+04    9.82195000e-03
    4.93729000e+03    2.61159000e-02
    2.21998000e+03    6.31586000e-02
    1.04370000e+03    1.40063000e-01
    5.12823000e+02    2.61983000e-01
    2.63775000e+02    4.11271000e-01
    1.36715000e+02    5.00000000e-01
    7.05134000e+01    3.58004000e-01
    3.55777000e+01    9.34916000e-02
7  0
    1.64899000e+03   -1.11910000e-03
    5.10571000e+02   -1.12266000e-02
    1.97952000e+02   -4.95840000e-02
    8.80043000e+01   -9.95176000e-02
    2.08595000e+01    3.44846000e-01
    1.08866000e+01    5.00000000e-01
    5.86010000e+00    2.62796000e-01
5  0
    7.50713000e+01    4.36761000e-03
    2.14170000e+01   -5.91054000e-02
    1.02625000e+01   -2.59919000e-01
    4.88023000e+00   -2.08783000e-01
    3.22798000e+00    5.00000000e-01
1  0
    1.49306000e+00    1.00000000e+00
1  0
    6.82237000e-01    1.00000000e+00
1  0
    1.96595000e-01    1.00000000e+00
1  0
    8.48432000e-02    1.00000000e+00
1  0
    3.46395000e-02    1.00000000e+00
7  1
    2.72530000e+05    1.04393000e-05
    4.19277000e+04    2.05555000e-04
    1.01540000e+04    1.82856000e-03
    3.38252000e+03    1.01558000e-02
    1.33195000e+03    4.38205000e-02
    5.87647000e+02    1.54193000e-01
    2.76208000e+02    5.00000000e-01
1  1
    1.33743000e+02    1.00000000e+00
1  1
    6.71294000e+01    1.00000000e+00
1  1
    3.48001000e+01    1.00000000e+00
1  1
    1.86980000e+01    1.00000000e+00
1  1
    1.01215000e+01    1.00000000e+00
1  1
    5.49723000e+00    1.00000000e+00
1  1
    2.84815000e+00    1.00000000e+00
1  1
    1.45306000e+00    1.00000000e+00
1  1
    7.22442000e-01    1.00000000e+00
1  1
    3.40865000e-01    1.00000000e+00
1  1
    1.05000000e-01    1.00000000e+00
5  2
    5.68670000e+02    1.02254000e-03
    1.73273000e+02    9.44090000e-03
    6.65666000e+01    5.40498000e-02
    2.90181000e+01    1.99530000e-01
    1.42601000e+01    5.00000000e-01
1  2
    7.12176000e+00    1.00000000e+00
1  2
    3.61558000e+00    1.00000000e+00
1  2
    1.81758000e+00    1.00000000e+00
1  2
    8.93265000e-01    1.00000000e+00
1  2
    4.23769000e-01    1.00000000e+00
1  2
    1.91540000e-01    1.00000000e+00
1  2
    7.97797000e-02    1.00000000e+00
1  3
    1.92940000e+01    1.00000000e+00
1  3
    6.02900000e+00    1.00000000e+00
1  3
    2.23300000e+00    1.00000000e+00
1  3
    9.30000000e-01    1.00000000e+00
1  3
    3.88000000e-01    1.00000000e+00
1  4
    1.04210000e+01    1.00000000e+00
1  4
    2.60500000e+00    1.00000000e+00
1  4
    6.51000000e-01    1.00000000e+00
1  5
    5.62700000e+00    1.00000000e+00
1  5
    1.25100000e+00    1.00000000e+00
1  6
    2.85100000e+00    1.00000000e+00
