16
6  0
    3.79411775e+05   -2.15479102e-04
    5.68689344e+04   -1.67144378e-03
    1.29436085e+04   -8.70444730e-03
    3.66745326e+03   -3.54961745e-02
    1.20114046e+03   -1.15810232e-01
    4.40339195e+02   -2.83746080e-01
2  0
    1.75000353e+02   -3.84041725e-01
    7.11909815e+01   -2.95454163e-01
1  0
    1.78490079e+01    1.00000000e+00
1  0
    7.72760703e+00    1.00000000e+00
1  0
    2.37080608e+00    1.00000000e+00
1  0
    9.26282716e-01    1.00000000e+00
1  0
    1.19086205e-01    1.00000000e+00
1  0
    4.37823922e-02    1.00000000e+00
3  1
    2.13760078e+03   -1.90579398e-03
    5.06972922e+02   -1.56783879e-02
    1.63875249e+02   -7.52296300e-02
3  1
    6.21518990e+01   -2.33692314e-01
    2.56323314e+01   -4.36931032e-01
    1.10207390e+01   -3.82108631e-01
1  1
    4.60243415e+00    1.00000000e+00
1  1
    1.81028322e+00    1.00000000e+00
1  1
    6.65692237e-01    1.00000000e+00
3  2
    4.29243728e+01    2.97548713e-02
    1.19408096e+01    1.58857145e-01
    4.00372105e+00    3.89706178e-01
1  2
    1.34125669e+00    1.00000000e+00
1  2
    4.00112419e-01    1.00000000e+00
