36
1  0
    7.88272291e+04    1.00000000e+00
1  0
    3.27257019e+04    1.00000000e+00
1  0
    1.38660310e+04    1.00000000e+00
1  0
    5.99096852e+03    1.00000000e+00
1  0
    2.63711579e+03    1.00000000e+00
1  0
    1.18148642e+03    1.00000000e+00
1  0
    5.38208379e+02    1.00000000e+00
1  0
    2.49014338e+02    1.00000000e+00
1  0
    1.16884342e+02    1.00000000e+00
1  0
    5.55941583e+01    1.00000000e+00
1  0
    2.67610810e+01    1.00000000e+00
1  0
    1.30202754e+01    1.00000000e+00
1  0
    6.39440748e+00    1.00000000e+00
1  0
    3.16554754e+00    1.00000000e+00
1  0
    1.57745108e+00    1.00000000e+00
1  0
    7.90131430e-01    1.00000000e+00
1  0
    3.97234790e-01    1.00000000e+00
1  0
    2.00152380e-01    1.00000000e+00
1  0
    1.00924490e-01    1.00000000e+00
1  1
    2.48950980e+00    1.00000000e+00
1  1
    1.11783710e+00    1.00000000e+00
1  1
    5.05760500e-01    1.00000000e+00
1  1
    2.29881700e-01    1.00000000e+00
1  1
    1.04647900e-01    1.00000000e+00
1  2
    3.91009947e+01    1.00000000e+00
1  2
    1.34136581e+01    1.00000000e+00
1  2
    4.59310570e+00    1.00000000e+00
1  2
    1.57103630e+00    1.00000000e+00
1  2
    5.37163300e-01    1.00000000e+00
1  3
    6.35890280e+00    1.00000000e+00
1  3
    1.84182520e+00    1.00000000e+00
1  3
    5.35968300e-01    1.00000000e+00
1  4
    2.02336769e+01    1.00000000e+00
1  4
    6.77725422e+00    1.00000000e+00
1  4
    2.45813389e+00    1.00000000e+00
1  4
    9.16898906e-01    1.00000000e+00
