11
3  0
    2.79829400e+03    6.38240000e-02
    4.23137000e+02    3.77084000e-01
    9.24388600e+01    6.80989000e-01
3  0
    1.20280600e+02   -1.17779000e-01
    2.60372700e+01    1.01431000e-01
    7.84417200e+00    9.57198000e-01
3  1
    1.20280600e+02    1.39878000e-01
    2.60372700e+01    5.55983000e-01
    7.84417200e+00    4.74818000e-01
3  0
    7.79327600e+00   -2.88857000e-01
    2.49719600e+00    3.35115000e-01
    8.05142000e-01    8.50248000e-01
3  1
    7.79327600e+00    2.21850000e-02
    2.49719600e+00    4.61625000e-01
    8.05142000e-01    6.14539000e-01
2  0
    7.03921000e-01   -2.32251000e-01
    8.61620000e-02    1.09367100e+00
2  1
    7.03921000e-01    1.80000000e-04
    8.61620000e-02    9.99945000e-01
1  0
    3.21990000e-02    1.00000000e+00
1  1
    3.21990000e-02    1.00000000e+00
2  2
    9.62533900e+00    2.65596000e-01
    2.36226400e+00    8.52156000e-01
1  2
    5.77094000e-01    1.00000000e+00
