37
12  0
    4.14559013e+01    1.03320000e-02
    2.22008946e+01   -9.13930000e-02
    1.23702262e+01    4.12444000e-01
    7.15443966e+00   -7.22409000e-01
    3.63012556e+00    3.96930000e-02
    1.88942247e+00    3.21055000e-01
    1.04381355e+00    6.52182000e-01
    4.73073330e-01    2.64443000e-01
    2.26288070e-01   -8.64600000e-03
    1.07507470e-01    1.21880000e-02
    5.10102800e-02   -2.42000000e-03
    2.42372000e-02    1.73300000e-03
12  0
    4.14559013e+01   -1.97100000e-03
    2.22008946e+01    1.91520000e-02
    1.23702262e+01   -9.45620000e-02
    7.15443966e+00    1.78991000e-01
    3.63012556e+00   -1.57160000e-02
    1.88942247e+00   -8.48820000e-02
    1.04381355e+00   -2.43744000e-01
    4.73073330e-01   -2.14624000e-01
    2.26288070e-01    5.50920000e-02
    1.07507470e-01    4.15903000e-01
    5.10102800e-02    5.43473000e-01
    2.42372000e-02    1.70131000e-01
12  0
    4.14559013e+01   -6.10700000e-03
    2.22008946e+01    7.06420000e-02
    1.23702262e+01   -4.09094000e-01
    7.15443966e+00    9.14968000e-01
    3.63012556e+00   -2.17719000e-01
    1.88942247e+00   -1.35290700e+00
    1.04381355e+00   -6.65970000e-02
    4.73073330e-01    7.61076000e-01
    2.26288070e-01    7.31339000e-01
    1.07507470e-01    1.15435000e-01
    5.10102800e-02   -5.46862000e-01
    2.42372000e-02   -2.85083000e-01
12  0
    4.14559013e+01   -5.95700000e-03
    2.22008946e+01    7.94720000e-02
    1.23702262e+01   -5.24282000e-01
    7.15443966e+00    1.36620900e+00
    3.63012556e+00   -8.31635000e-01
    1.88942247e+00   -2.20038400e+00
    1.04381355e+00    1.71955700e+00
    4.73073330e-01    1.68396600e+00
    2.26288070e-01   -1.43122400e+00
    1.07507470e-01   -1.02841200e+00
    5.10102800e-02    5.82714000e-01
    2.42372000e-02    6.10572000e-01
12  0
    4.14559013e+01    5.56000000e-04
    2.22008946e+01   -7.77070000e-02
    1.23702262e+01    8.17061000e-01
    7.15443966e+00   -2.93314800e+00
    3.63012556e+00    4.83483000e+00
    1.88942247e+00   -9.69731000e-01
    1.04381355e+00   -3.81904700e+00
    4.73073330e-01    2.98812300e+00
    2.26288070e-01    8.18796000e-01
    1.07507470e-01   -2.05208200e+00
    5.10102800e-02   -8.71600000e-03
    2.42372000e-02    8.68958000e-01
12  0
    4.14559013e+01   -6.33300000e-02
    2.22008946e+01    3.12473000e-01
    1.23702262e+01   -2.83617000e-01
    7.15443966e+00   -2.03914000e+00
    3.63012556e+00    7.99975600e+00
    1.88942247e+00   -1.05442440e+01
    1.04381355e+00    5.02429600e+00
    4.73073330e-01    2.50780500e+00
    2.26288070e-01   -5.06822400e+00
    1.07507470e-01    2.55537500e+00
    5.10102800e-02    1.02813100e+00
    2.42372000e-02   -1.33319900e+00
1  0
    2.42372000e-02    1.00000000e+00
1  0
    1.15161400e-02    1.00000000e+00
12  1
    2.88808072e+01   -2.97300000e-03
    1.31938057e+01    4.42020000e-02
    7.25722596e+00   -2.32476000e-01
    4.84342676e+00    1.67654000e-01
    2.76949909e+00    1.79744000e-01
    1.50719356e+00    4.60580000e-01
    7.25165080e-01    3.38218000e-01
    3.63857430e-01    9.79840000e-02
    1.62046170e-01    1.21450000e-02
    7.44770500e-02   -9.48000000e-04
    3.42299400e-02    8.21000000e-04
    1.57322100e-02   -2.20000000e-04
12  1
    2.88808072e+01    5.36000000e-04
    1.31938057e+01   -9.36300000e-03
    7.25722596e+00    5.47520000e-02
    4.84342676e+00   -4.29770000e-02
    2.76949909e+00   -4.92440000e-02
    1.50719356e+00   -1.28712000e-01
    7.25165080e-01   -1.16820000e-01
    3.63857430e-01    4.45170000e-02
    1.62046170e-01    3.22192000e-01
    7.44770500e-02    4.82878000e-01
    3.42299400e-02    2.75764000e-01
    1.57322100e-02    2.54720000e-02
12  1
    2.88808072e+01   -6.52000000e-04
    1.31938057e+01    3.69460000e-02
    7.25722596e+00   -3.23548000e-01
    4.84342676e+00    2.75226000e-01
    2.76949909e+00    7.88122000e-01
    1.50719356e+00    1.20435000e-01
    7.25165080e-01   -9.42645000e-01
    3.63857430e-01   -3.55905000e-01
    1.62046170e-01    5.86199000e-01
    7.44770500e-02    4.21320000e-01
    3.42299400e-02    2.33140000e-02
    1.57322100e-02    4.74300000e-03
12  1
    2.88808072e+01    9.47000000e-04
    1.31938057e+01    6.03370000e-02
    7.25722596e+00   -8.11931000e-01
    4.84342676e+00    1.38504300e+00
    2.76949909e+00    9.57416000e-01
    1.50719356e+00   -1.79022800e+00
    7.25165080e-01   -5.00929000e-01
    3.63857430e-01    1.54609100e+00
    1.62046170e-01   -9.95180000e-02
    7.44770500e-02   -6.49501000e-01
    3.42299400e-02   -2.63440000e-02
    1.57322100e-02   -1.14770000e-02
12  1
    2.88808072e+01    1.09470000e-02
    1.31938057e+01   -1.56040000e-02
    7.25722596e+00   -1.25052900e+00
    4.84342676e+00    3.87231400e+00
    2.76949909e+00   -2.41905600e+00
    1.50719356e+00   -1.52060400e+00
    7.25165080e-01    3.02489300e+00
    3.63857430e-01   -1.29608000e+00
    1.62046170e-01   -9.62013000e-01
    7.44770500e-02    1.03066900e+00
    3.42299400e-02   -5.68000000e-04
    1.57322100e-02    3.20990000e-02
12  1
    2.88808072e+01   -7.68610000e-02
    1.31938057e+01    7.51920000e-01
    7.25722596e+00   -1.52689000e+00
    4.84342676e+00   -2.48487900e+00
    2.76949909e+00    6.98822900e+00
    1.50719356e+00   -5.80535400e+00
    7.25165080e-01    1.66702500e+00
    3.63857430e-01    1.47704500e+00
    1.62046170e-01   -2.47130000e+00
    7.44770500e-02    1.37605200e+00
    3.42299400e-02   -5.53170000e-02
    1.57322100e-02    6.22780000e-02
1  1
    1.57322100e-02    1.00000000e+00
1  1
    7.23058000e-03    1.00000000e+00
10  2
    4.65090841e+01    3.58000000e-04
    2.16013323e+01   -1.05120000e-02
    1.10365245e+01    1.11180000e-01
    4.54288797e+00    1.64184000e-01
    2.18180243e+00    2.67436000e-01
    1.04009058e+00    3.10836000e-01
    4.82629090e-01    2.83530000e-01
    2.15703720e-01    1.73079000e-01
    1.00598730e-01    5.72790000e-02
    4.65340900e-02    9.37000000e-03
10  2
    4.65090841e+01    7.31000000e-04
    2.16013323e+01    5.65900000e-03
    1.10365245e+01   -1.03825000e-01
    4.54288797e+00   -2.18257000e-01
    2.18180243e+00   -4.14068000e-01
    1.04009058e+00   -7.93120000e-02
    4.82629090e-01    2.96164000e-01
    2.15703720e-01    4.16254000e-01
    1.00598730e-01    2.34617000e-01
    4.65340900e-02    4.98710000e-02
10  2
    4.65090841e+01   -3.58700000e-03
    2.16013323e+01    7.88300000e-03
    1.10365245e+01    7.98110000e-02
    4.54288797e+00    4.38244000e-01
    2.18180243e+00    3.43562000e-01
    1.04009058e+00   -6.98059000e-01
    4.82629090e-01   -4.13881000e-01
    2.15703720e-01    3.08974000e-01
    1.00598730e-01    4.50008000e-01
    4.65340900e-02    1.02324000e-01
10  2
    4.65090841e+01   -2.67000000e-04
    2.16013323e+01   -1.55660000e-02
    1.10365245e+01    2.80175000e-01
    4.54288797e+00    9.18505000e-01
    2.18180243e+00   -1.06072000e+00
    1.04009058e+00   -4.50849000e-01
    4.82629090e-01    9.31492000e-01
    2.15703720e-01    3.64810000e-02
    1.00598730e-01   -4.58541000e-01
    4.65340900e-02   -1.24756000e-01
10  2
    4.65090841e+01    2.86530000e-02
    2.16013323e+01   -1.63956000e-01
    1.10365245e+01    7.93500000e-01
    4.54288797e+00    1.96263000e-01
    2.18180243e+00   -1.90730500e+00
    1.04009058e+00    2.24321500e+00
    4.82629090e-01   -8.99941000e-01
    2.15703720e-01   -5.68670000e-01
    1.00598730e-01    5.74234000e-01
    4.65340900e-02    1.91713000e-01
1  2
    4.65340900e-02    1.00000000e+00
1  2
    2.15253300e-02    1.00000000e+00
1  3
    4.95090500e+00    1.00000000e+00
1  3
    1.95962200e+00    1.00000000e+00
1  3
    7.75638000e-01    1.00000000e+00
1  3
    3.07005000e-01    1.00000000e+00
1  3
    1.21515530e-01    1.00000000e+00
1  4
    4.74157500e+00    1.00000000e+00
1  4
    1.95322000e+00    1.00000000e+00
1  4
    8.04597000e-01    1.00000000e+00
1  4
    3.31440550e-01    1.00000000e+00
1  5
    4.52214300e+00    1.00000000e+00
1  5
    1.81761600e+00    1.00000000e+00
1  5
    7.30566860e-01    1.00000000e+00
1  6
    3.55169000e+00    1.00000000e+00
1  6
    1.42755512e+00    1.00000000e+00
