33
20  0
    6.17719400e+06    4.12866700e-06
    9.24929500e+05    3.21076700e-05
    2.10486500e+05    1.68841600e-04
    5.96200500e+04    7.12852000e-04
    1.94507600e+04    2.58932500e-03
    7.02205600e+03    8.37735000e-03
    2.73876300e+03    2.44172500e-02
    1.13581400e+03    6.36513500e-02
    4.95092300e+02    1.42761800e-01
    2.24748700e+02    2.54127500e-01
    1.05383600e+02    3.00951200e-01
    5.01935900e+01    1.76651300e-01
    2.22495700e+01    6.93670900e-02
    1.09826500e+01    1.17957900e-01
    5.38366500e+00    8.91618700e-02
    2.34368500e+00    1.10363000e-02
    1.10520200e+00   -3.54604800e-04
    4.87848000e-01    1.05731100e-04
    8.95990000e-02    1.11464000e-05
    3.34230000e-02    2.66138700e-05
20  0
    6.17719400e+06   -2.30177200e-06
    9.24929500e+05   -1.78953600e-05
    2.10486500e+05   -9.41617400e-05
    5.96200500e+04   -3.97507400e-04
    1.94507600e+04   -1.44702500e-03
    7.02205600e+03   -4.69462200e-03
    2.73876300e+03   -1.38238700e-02
    1.13581400e+03   -3.67464300e-02
    4.95092300e+02   -8.64718500e-02
    2.24748700e+02   -1.69673500e-01
    1.05383600e+02   -2.50708900e-01
    5.01935900e+01   -1.96115600e-01
    2.22495700e+01    1.45724400e-01
    1.09826500e+01    5.46670600e-01
    5.38366500e+00    3.97943400e-01
    2.34368500e+00    5.27700700e-02
    1.10520200e+00   -4.37453700e-03
    4.87848000e-01    3.20403500e-04
    8.95990000e-02   -5.14207700e-05
    3.34230000e-02    1.58413400e-04
20  0
    6.17719400e+06    4.86295700e-07
    9.24929500e+05    3.77664500e-06
    2.10486500e+05    1.99066400e-05
    5.96200500e+04    8.38916400e-05
    1.94507600e+04    3.06570600e-04
    7.02205600e+03    9.94410700e-04
    2.73876300e+03    2.96195900e-03
    1.13581400e+03    7.96947300e-03
    4.95092300e+02    1.95501700e-02
    2.24748700e+02    4.08503500e-02
    1.05383600e+02    6.92900300e-02
    5.01935900e+01    6.14698400e-02
    2.22495700e+01   -6.98130200e-02
    1.09826500e+01   -3.51759700e-01
    5.38366500e+00   -3.82862900e-01
    2.34368500e+00    2.67640100e-01
    1.10520200e+00    7.17595000e-01
    4.87848000e-01    3.02081400e-01
    8.95990000e-02    7.74951400e-03
    3.34230000e-02    2.69609600e-04
20  0
    6.17719400e+06   -1.10245100e-07
    9.24929500e+05   -8.53023300e-07
    2.10486500e+05   -4.52035800e-06
    5.96200500e+04   -1.89161200e-05
    1.94507600e+04   -6.97434400e-05
    7.02205600e+03   -2.23786700e-04
    2.73876300e+03   -6.75450300e-04
    1.13581400e+03   -1.78934600e-03
    4.95092300e+02   -4.47785800e-03
    2.24748700e+02   -9.14014400e-03
    1.05383600e+02   -1.61056200e-02
    5.01935900e+01   -1.33487000e-02
    2.22495700e+01    1.42602700e-02
    1.09826500e+01    8.93169000e-02
    5.38366500e+00    8.88527900e-02
    2.34368500e+00   -6.36877600e-02
    1.10520200e+00   -2.78326200e-01
    4.87848000e-01   -1.83007100e-01
    8.95990000e-02    6.79093700e-01
    3.34230000e-02    4.67295300e-01
20  0
    6.17719400e+06    2.17989300e-07
    9.24929500e+05    1.61294000e-06
    2.10486500e+05    9.11184200e-06
    5.96200500e+04    3.50064500e-05
    1.94507600e+04    1.43531500e-04
    7.02205600e+03    4.03589600e-04
    2.73876300e+03    1.42517700e-03
    1.13581400e+03    3.11400900e-03
    4.95092300e+02    9.81444900e-03
    2.24748700e+02    1.47469800e-02
    1.05383600e+02    3.91151200e-02
    5.01935900e+01    9.17088800e-03
    2.22495700e+01    1.55987800e-02
    1.09826500e+01   -2.81684400e-01
    5.38366500e+00   -6.89526100e-03
    2.34368500e+00   -1.76978100e-01
    1.10520200e+00    1.44306100e+00
    4.87848000e-01   -1.02931800e+00
    8.95990000e-02   -1.30766700e+00
    3.34230000e-02    1.50384200e+00
20  0
    6.17719400e+06   -3.66901000e-07
    9.24929500e+05   -2.76835300e-06
    2.10486500e+05   -1.52101400e-05
    5.96200500e+04   -6.06628800e-05
    1.94507600e+04   -2.37495900e-04
    7.02205600e+03   -7.07707100e-04
    2.73876300e+03   -2.33438900e-03
    1.13581400e+03   -5.55506200e-03
    4.95092300e+02   -1.58514200e-02
    2.24748700e+02   -2.73788800e-02
    1.05383600e+02   -6.10697500e-02
    5.01935900e+01   -2.88722700e-02
    2.22495700e+01    6.81371400e-03
    1.09826500e+01    4.32767000e-01
    5.38366500e+00    1.96841000e-01
    2.34368500e+00   -3.76465700e-01
    1.10520200e+00   -2.05247300e+00
    4.87848000e-01    2.97574100e+00
    8.95990000e-02   -2.21170500e+00
    3.34230000e-02    1.37018800e+00
1  0
    3.34230000e-02    1.00000000e+00
1  0
    4.78800000e+00    1.00000000e+00
1  0
    1.14040000e+00    1.00000000e+00
1  0
    1.24700000e-02    1.00000000e+00
16  1
    1.44542000e+04    4.40000000e-05
    3.42167600e+03    3.89000000e-04
    1.11138700e+03    2.24100000e-03
    4.25191800e+02    9.82100000e-03
    1.80262300e+02    3.44710000e-02
    8.20611700e+01    9.74600000e-02
    3.92972600e+01    2.11985000e-01
    1.94195900e+01    3.33990000e-01
    9.82889900e+00    3.30137000e-01
    5.01681000e+00    1.52227000e-01
    2.48709100e+00    2.04250000e-02
    1.19878000e+00   -1.36000000e-03
    5.58695000e-01   -1.19500000e-03
    2.08924000e-01   -1.97000000e-04
    8.46080000e-02    2.30000000e-05
    3.32580000e-02   -9.00000000e-06
16  1
    1.44542000e+04   -1.50000000e-05
    3.42167600e+03   -1.35000000e-04
    1.11138700e+03   -7.77000000e-04
    4.25191800e+02   -3.42700000e-03
    1.80262300e+02   -1.21890000e-02
    8.20611700e+01   -3.53880000e-02
    3.92972600e+01   -7.99150000e-02
    1.94195900e+01   -1.32335000e-01
    9.82889900e+00   -1.35401000e-01
    5.01681000e+00    3.20080000e-02
    2.48709100e+00    3.33849000e-01
    1.19878000e+00    4.61773000e-01
    5.58695000e-01    2.81290000e-01
    2.08924000e-01    4.18430000e-02
    8.46080000e-02   -4.00200000e-03
    3.32580000e-02    1.52100000e-03
16  1
    1.44542000e+04    4.00000000e-06
    3.42167600e+03    3.20000000e-05
    1.11138700e+03    1.85000000e-04
    4.25191800e+02    8.10000000e-04
    1.80262300e+02    2.90600000e-03
    8.20611700e+01    8.39100000e-03
    3.92972600e+01    1.91930000e-02
    1.94195900e+01    3.15640000e-02
    9.82889900e+00    3.34170000e-02
    5.01681000e+00   -1.29070000e-02
    2.48709100e+00   -9.36590000e-02
    1.19878000e+00   -1.49977000e-01
    5.58695000e-01   -6.72340000e-02
    2.08924000e-01    2.70759000e-01
    8.46080000e-02    5.75807000e-01
    3.32580000e-02    3.01121000e-01
16  1
    1.44542000e+04    4.00000000e-06
    3.42167600e+03    4.00000000e-05
    1.11138700e+03    2.29000000e-04
    4.25191800e+02    1.01900000e-03
    1.80262300e+02    3.60200000e-03
    8.20611700e+01    1.05500000e-02
    3.92972600e+01    2.37020000e-02
    1.94195900e+01    3.99880000e-02
    9.82889900e+00    4.04370000e-02
    5.01681000e+00   -1.20740000e-02
    2.48709100e+00   -1.18939000e-01
    1.19878000e+00   -1.78100000e-01
    5.58695000e-01   -1.23865000e-01
    2.08924000e-01    4.29722000e-01
    8.46080000e-02    6.50786000e-01
    3.32580000e-02    6.41710000e-02
16  1
    1.44542000e+04    1.00000000e-05
    3.42167600e+03    7.90000000e-05
    1.11138700e+03    5.12000000e-04
    4.25191800e+02    2.02300000e-03
    1.80262300e+02    8.05500000e-03
    8.20611700e+01    2.07720000e-02
    3.92972600e+01    5.42240000e-02
    1.94195900e+01    7.46850000e-02
    9.82889900e+00    1.15989000e-01
    5.01681000e+00   -7.65840000e-02
    2.48709100e+00   -2.43931000e-01
    1.19878000e+00   -6.80181000e-01
    5.58695000e-01    7.33664000e-01
    2.08924000e-01    9.99120000e-01
    8.46080000e-02   -1.01708100e+00
    3.32580000e-02   -1.20091000e-01
1  1
    3.32580000e-02    1.00000000e+00
1  1
    5.25090000e+00    1.00000000e+00
1  1
    1.20510000e+00    1.00000000e+00
1  1
    1.30700000e-02    1.00000000e+00
8  2
    8.85768000e+01    3.62100000e-03
    2.62045000e+01    2.57660000e-02
    9.51747000e+00    9.75560000e-02
    3.82248000e+00    2.36312000e-01
    1.57512000e+00    3.58286000e-01
    6.28928000e-01    3.68543000e-01
    2.34424000e-01    2.35494000e-01
    7.68150000e-02    5.31560000e-02
8  2
    8.85768000e+01   -4.12200000e-03
    2.62045000e+01   -2.93070000e-02
    9.51747000e+00   -1.15062000e-01
    3.82248000e+00   -2.73068000e-01
    1.57512000e+00   -3.14423000e-01
    6.28928000e-01    4.20970000e-02
    2.34424000e-01    5.91403000e-01
    7.68150000e-02    3.58215000e-01
8  2
    8.85768000e+01    5.95400000e-03
    2.62045000e+01    4.25320000e-02
    9.51747000e+00    1.74511000e-01
    3.82248000e+00    3.93900000e-01
    1.57512000e+00    1.49279000e-01
    6.28928000e-01   -8.10245000e-01
    2.34424000e-01    1.09110000e-02
    7.68150000e-02    7.01404000e-01
1  2
    7.68150000e-02    1.00000000e+00
1  2
    3.40770000e+00    1.00000000e+00
1  2
    1.59220000e+00    1.00000000e+00
1  2
    2.51700000e-02    1.00000000e+00
1  3
    4.38570000e+00    1.00000000e+00
1  3
    1.60180000e+00    1.00000000e+00
1  3
    5.31500000e-01    1.00000000e+00
1  3
    1.76360000e-01    1.00000000e+00
1  4
    4.07300000e+00    1.00000000e+00
1  4
    1.44590000e+00    1.00000000e+00
1  4
    5.13290000e-01    1.00000000e+00
