41
22  0
    1.10166400e+07    2.00252200e-06
    1.64942300e+06    1.55714500e-05
    3.75358900e+05    8.19214600e-05
    1.06323600e+05    3.46013200e-04
    3.46897600e+04    1.26014100e-03
    1.25248300e+04    4.09927300e-03
    4.88575200e+03    1.21342400e-02
    2.02691800e+03    3.27163600e-02
    8.84364500e+02    7.91229600e-02
    4.02317000e+02    1.63839700e-01
    1.89527100e+02    2.65510700e-01
    9.18609500e+01    2.78967100e-01
    4.51247600e+01    1.44446600e-01
    2.06251200e+01    6.94160600e-02
    1.03197300e+01    1.19515300e-01
    5.15772300e+00    8.08458200e-02
    2.31262800e+00    9.97502400e-03
    1.10307900e+00   -2.86577000e-04
    4.98042000e-01    1.17605100e-04
    1.18247000e-01   -2.16401300e-05
    5.73560000e-02    5.03270200e-05
    2.57600000e-02    2.32598200e-06
22  0
    1.10166400e+07   -1.11884400e-06
    1.64942300e+06   -8.70279000e-06
    3.75358900e+05   -4.57697400e-05
    1.06323600e+05   -1.93480300e-04
    3.46897600e+04   -7.04692200e-04
    1.25248300e+04   -2.29913900e-03
    4.88575200e+03   -6.83319300e-03
    2.02691800e+03   -1.86649300e-02
    8.84364500e+02   -4.62483500e-02
    4.02317000e+02   -1.01382000e-01
    1.89527100e+02   -1.83939000e-01
    9.18609500e+01   -2.46935600e-01
    4.51247600e+01   -1.59739000e-01
    2.06251200e+01    1.94093600e-01
    1.03197300e+01    5.46147900e-01
    5.15772300e+00    3.61057100e-01
    2.31262800e+00    4.65864700e-02
    1.10307900e+00   -3.49396900e-03
    4.98042000e-01    2.60007400e-04
    1.18247000e-01   -2.44010000e-04
    5.73560000e-02    3.26643500e-04
    2.57600000e-02   -2.07038600e-05
22  0
    1.10166400e+07    2.35822700e-07
    1.64942300e+06    1.83614000e-06
    3.75358900e+05    9.64368600e-06
    1.06323600e+05    4.08516600e-05
    3.46897600e+04    1.48540400e-04
    1.25248300e+04    4.86863900e-04
    4.88575200e+03    1.44815600e-03
    2.02691800e+03    4.01050300e-03
    8.84364500e+02    1.00957900e-02
    4.02317000e+02    2.32149300e-02
    1.89527100e+02    4.52405600e-02
    9.18609500e+01    7.02500100e-02
    4.51247600e+01    5.03213500e-02
    2.06251200e+01   -9.35099200e-02
    1.03197300e+01   -3.65024900e-01
    5.15772300e+00   -3.53088900e-01
    2.31262800e+00    2.82972000e-01
    1.10307900e+00    7.00195500e-01
    4.98042000e-01    3.06747300e-01
    1.18247000e-01    1.08313900e-02
    5.73560000e-02   -1.45842700e-03
    2.57600000e-02    1.55232300e-03
22  0
    1.10166400e+07   -5.34379300e-08
    1.64942300e+06   -4.16629500e-07
    3.75358900e+05   -2.18397700e-06
    1.06323600e+05   -9.27517400e-06
    3.46897600e+04   -3.36178800e-05
    1.25248300e+04   -1.10622500e-04
    4.88575200e+03   -3.27521400e-04
    2.02691800e+03   -9.12267100e-04
    8.84364500e+02   -2.28193600e-03
    4.02317000e+02   -5.29450600e-03
    1.89527100e+02   -1.02254800e-02
    9.18609500e+01   -1.61846400e-02
    4.51247600e+01   -1.12421100e-02
    2.06251200e+01    2.09623600e-02
    1.03197300e+01    9.05066700e-02
    5.15772300e+00    8.64207900e-02
    2.31262800e+00   -7.85363000e-02
    1.10307900e+00   -2.52600700e-01
    4.98042000e-01   -2.13357900e-01
    1.18247000e-01    3.57790800e-01
    5.73560000e-02    5.69114500e-01
    2.57600000e-02    2.37113800e-01
22  0
    1.10166400e+07   -1.03857300e-07
    1.64942300e+06   -8.29168700e-07
    3.75358900e+05   -4.19890200e-06
    1.06323600e+05   -1.86577700e-05
    3.46897600e+04   -6.38613100e-05
    1.25248300e+04   -2.25257600e-04
    4.88575200e+03   -6.13165300e-04
    2.02691800e+03   -1.88635600e-03
    8.84364500e+02   -4.18531600e-03
    4.02317000e+02   -1.12317200e-02
    1.89527100e+02   -1.79154400e-02
    9.18609500e+01   -3.71419800e-02
    4.51247600e+01   -1.12648500e-02
    2.06251200e+01    1.52297500e-02
    1.03197300e+01    2.45864000e-01
    5.15772300e+00    7.88280200e-02
    2.31262800e+00   -1.86295600e-02
    1.10307900e+00   -1.09626200e+00
    4.98042000e-01    5.51096600e-01
    1.18247000e-01    1.89472700e+00
    5.73560000e-02   -1.31577300e+00
    2.57600000e-02   -4.71570800e-01
22  0
    1.10166400e+07   -1.67164500e-07
    1.64942300e+06   -1.33195100e-06
    3.75358900e+05   -6.76461400e-06
    1.06323600e+05   -2.99450700e-05
    3.46897600e+04   -1.02993000e-04
    1.25248300e+04   -3.61186500e-04
    4.88575200e+03   -9.90341400e-04
    2.02691800e+03   -3.02200200e-03
    8.84364500e+02   -6.77824200e-03
    4.02317000e+02   -1.79871900e-02
    1.89527100e+02   -2.92609400e-02
    9.18609500e+01   -5.95083200e-02
    4.51247600e+01   -2.03005400e-02
    2.06251200e+01    2.99504900e-02
    1.03197300e+01    4.20256000e-01
    5.15772300e+00    1.84482600e-01
    2.31262800e+00   -4.52665400e-01
    1.10307900e+00   -1.89215700e+00
    4.98042000e-01    2.84859400e+00
    1.18247000e-01   -1.12477500e+00
    5.73560000e-02   -9.81066900e-01
    2.57600000e-02    1.35903100e+00
22  0
    1.10166400e+07   -2.01852600e-07
    1.64942300e+06   -1.47609900e-06
    3.75358900e+05   -8.47901600e-06
    1.06323600e+05   -3.18667300e-05
    3.46897600e+04   -1.34401900e-04
    1.25248300e+04   -3.66534200e-04
    4.88575200e+03   -1.35522200e-03
    2.02691800e+03   -2.88463500e-03
    8.84364500e+02   -9.90851100e-03
    4.02317000e+02   -1.54748800e-02
    1.89527100e+02   -4.92523200e-02
    9.18609500e+01   -3.53390600e-02
    4.51247600e+01   -9.96349900e-02
    2.06251200e+01    2.14018300e-01
    1.03197300e+01    2.13756100e-01
    5.15772300e+00    8.60979800e-01
    2.31262800e+00   -2.92584300e+00
    1.10307900e+00    1.96655800e+00
    4.98042000e-01    7.51565100e-01
    1.18247000e-01   -4.10739700e+00
    5.73560000e-02    5.70178100e+00
    2.57600000e-02   -2.73561800e+00
1  0
    2.57600000e-02    1.00000000e+00
1  0
    4.76910000e+00    1.00000000e+00
1  0
    1.41520000e+00    1.00000000e+00
1  0
    1.15700000e-02    1.00000000e+00
18  1
    3.15398900e+04    1.10000000e-05
    7.46023400e+03    1.00000000e-04
    2.42262200e+03    5.87000000e-04
    9.27754700e+02    2.66700000e-03
    3.94804100e+02    9.99100000e-03
    1.80802700e+02    3.14930000e-02
    8.74239300e+01    8.32660000e-02
    4.40342700e+01    1.77328000e-01
    2.27770400e+01    2.89230000e-01
    1.20154700e+01    3.29673000e-01
    6.41175100e+00    2.10887000e-01
    3.38113600e+00    5.51740000e-02
    1.74705400e+00    2.23000000e-03
    8.85004000e-01   -1.28400000e-03
    4.33028000e-01   -8.54000000e-04
    1.73415000e-01   -4.60000000e-05
    7.26080000e-02   -1.20000000e-05
    2.99150000e-02    2.00000000e-06
18  1
    3.15398900e+04   -4.00000000e-06
    7.46023400e+03   -3.50000000e-05
    2.42262200e+03   -2.03000000e-04
    9.27754700e+02   -9.26000000e-04
    3.94804100e+02   -3.48700000e-03
    1.80802700e+02   -1.11410000e-02
    8.74239300e+01   -3.01280000e-02
    4.40342700e+01   -6.64840000e-02
    2.27770400e+01   -1.12854000e-01
    1.20154700e+01   -1.36785000e-01
    6.41175100e+00   -5.00570000e-02
    3.38113600e+00    1.88469000e-01
    1.74705400e+00    4.00455000e-01
    8.85004000e-01    3.84332000e-01
    4.33028000e-01    1.69520000e-01
    1.73415000e-01    1.82570000e-02
    7.26080000e-02   -7.43000000e-04
    2.99150000e-02    4.39000000e-04
18  1
    3.15398900e+04    1.00000000e-06
    7.46023400e+03    8.00000000e-06
    2.42262200e+03    4.80000000e-05
    9.27754700e+02    2.18000000e-04
    3.94804100e+02    8.27000000e-04
    1.80802700e+02    2.62600000e-03
    8.74239300e+01    7.17200000e-03
    4.40342700e+01    1.57380000e-02
    2.27770400e+01    2.71540000e-02
    1.20154700e+01    3.26310000e-02
    6.41175100e+00    1.14930000e-02
    3.38113600e+00   -5.60770000e-02
    1.74705400e+00   -1.14252000e-01
    8.85004000e-01   -1.33737000e-01
    4.33028000e-01    3.47300000e-03
    1.73415000e-01    3.45166000e-01
    7.26080000e-02    5.41844000e-01
    2.99150000e-02    2.38958000e-01
18  1
    3.15398900e+04    1.00000000e-06
    7.46023400e+03    1.00000000e-05
    2.42262200e+03    6.10000000e-05
    9.27754700e+02    2.77000000e-04
    3.94804100e+02    1.04100000e-03
    1.80802700e+02    3.33800000e-03
    8.74239300e+01    9.01300000e-03
    4.40342700e+01    2.00130000e-02
    2.27770400e+01    3.40000000e-02
    1.20154700e+01    4.19930000e-02
    6.41175100e+00    1.38040000e-02
    3.38113600e+00   -6.62750000e-02
    1.74705400e+00   -1.46107000e-01
    8.85004000e-01   -1.69475000e-01
    4.33028000e-01   -2.85870000e-02
    1.73415000e-01    5.66307000e-01
    7.26080000e-02    5.15688000e-01
    2.99150000e-02    3.53620000e-02
18  1
    3.15398900e+04    3.00000000e-06
    7.46023400e+03    2.10000000e-05
    2.42262200e+03    1.34000000e-04
    9.27754700e+02    5.59000000e-04
    3.94804100e+02    2.29700000e-03
    1.80802700e+02    6.72700000e-03
    8.74239300e+01    1.99900000e-02
    4.40342700e+01    3.97890000e-02
    2.27770400e+01    7.84260000e-02
    1.20154700e+01    7.98820000e-02
    6.41175100e+00    6.09720000e-02
    3.38113600e+00   -2.22688000e-01
    1.74705400e+00   -3.66813000e-01
    8.85004000e-01   -4.47109000e-01
    4.33028000e-01    1.15180100e+00
    1.73415000e-01    4.41305000e-01
    7.26080000e-02   -9.14066000e-01
    2.99150000e-02   -6.69460000e-02
18  1
    3.15398900e+04   -3.00000000e-06
    7.46023400e+03   -3.10000000e-05
    2.42262200e+03   -1.50000000e-04
    9.27754700e+02   -8.15000000e-04
    3.94804100e+02   -2.58300000e-03
    1.80802700e+02   -9.81300000e-03
    8.74239300e+01   -2.21160000e-02
    4.40342700e+01   -6.02960000e-02
    2.27770400e+01   -7.81870000e-02
    1.20154700e+01   -1.67443000e-01
    6.41175100e+00   -1.35230000e-02
    3.38113600e+00    3.06696000e-01
    1.74705400e+00    1.09078300e+00
    8.85004000e-01   -1.23454500e+00
    4.33028000e-01   -9.01555000e-01
    1.73415000e-01    2.04826600e+00
    7.26080000e-02   -1.10398400e+00
    2.99150000e-02   -1.64122000e-01
1  1
    2.99150000e-02    1.00000000e+00
1  1
    6.43350000e+00    1.00000000e+00
1  1
    1.64730000e+00    1.00000000e+00
1  1
    1.23300000e-02    1.00000000e+00
11  2
    2.68040000e+02    3.60000000e-04
    8.02223000e+01    3.23600000e-03
    3.08950000e+01    1.61530000e-02
    1.32481000e+01    5.34180000e-02
    6.04077000e+00    1.33524000e-01
    2.86159000e+00    2.38637000e-01
    1.35545000e+00    3.09455000e-01
    6.28248000e-01    3.05691000e-01
    2.80623000e-01    2.18289000e-01
    1.18668000e-01    8.96930000e-02
    4.59310000e-02    9.67200000e-03
11  2
    2.68040000e+02   -4.07000000e-04
    8.02223000e+01   -3.67700000e-03
    3.08950000e+01   -1.84220000e-02
    1.32481000e+01   -6.20500000e-02
    6.04077000e+00   -1.58946000e-01
    2.86159000e+00   -2.62900000e-01
    1.35545000e+00   -2.43883000e-01
    6.28248000e-01    3.77400000e-02
    2.80623000e-01    4.27064000e-01
    1.18668000e-01    4.42812000e-01
    4.59310000e-02    9.65490000e-02
11  2
    2.68040000e+02   -5.82000000e-04
    8.02223000e+01   -5.27600000e-03
    3.08950000e+01   -2.67230000e-02
    1.32481000e+01   -9.20120000e-02
    6.04077000e+00   -2.42341000e-01
    2.86159000e+00   -3.38356000e-01
    1.35545000e+00   -1.38860000e-02
    6.28248000e-01    6.73170000e-01
    2.80623000e-01    2.61089000e-01
    1.18668000e-01   -6.61396000e-01
    4.59310000e-02   -2.24558000e-01
11  2
    2.68040000e+02    8.28000000e-04
    8.02223000e+01    8.07200000e-03
    3.08950000e+01    3.89600000e-02
    1.32481000e+01    1.49706000e-01
    6.04077000e+00    3.87933000e-01
    2.86159000e+00    2.97034000e-01
    1.35545000e+00   -8.75806000e-01
    6.28248000e-01   -2.95852000e-01
    2.80623000e-01    1.20442400e+00
    1.18668000e-01   -5.29893000e-01
    4.59310000e-02   -3.45572000e-01
1  2
    4.59310000e-02    1.00000000e+00
1  2
    4.08020000e+00    1.00000000e+00
1  2
    2.14750000e+00    1.00000000e+00
1  2
    1.77800000e-02    1.00000000e+00
1  3
    5.68930000e+00    1.00000000e+00
1  3
    2.35140000e+00    1.00000000e+00
1  3
    9.71800000e-01    1.00000000e+00
1  3
    3.17500000e-01    1.00000000e+00
1  3
    1.03730000e-01    1.00000000e+00
1  4
    4.68140000e+00    1.00000000e+00
1  4
    1.96850000e+00    1.00000000e+00
1  4
    6.95100000e-01    1.00000000e+00
1  4
    2.45450000e-01    1.00000000e+00
1  5
    4.44610000e+00    1.00000000e+00
1  5
    1.67750000e+00    1.00000000e+00
1  5
    6.32920000e-01    1.00000000e+00
