22
12  0
    4.14559013e+01    1.03320000e-02
    2.22008946e+01   -9.13930000e-02
    1.23702262e+01    4.12444000e-01
    7.15443966e+00   -7.22409000e-01
    3.63012556e+00    3.96930000e-02
    1.88942247e+00    3.21055000e-01
    1.04381355e+00    6.52182000e-01
    4.73073330e-01    2.64443000e-01
    2.26288070e-01   -8.64600000e-03
    1.07507470e-01    1.21880000e-02
    5.10102800e-02   -2.42000000e-03
    2.42372000e-02    1.73300000e-03
12  0
    4.14559013e+01   -1.97100000e-03
    2.22008946e+01    1.91520000e-02
    1.23702262e+01   -9.45620000e-02
    7.15443966e+00    1.78991000e-01
    3.63012556e+00   -1.57160000e-02
    1.88942247e+00   -8.48820000e-02
    1.04381355e+00   -2.43744000e-01
    4.73073330e-01   -2.14624000e-01
    2.26288070e-01    5.50920000e-02
    1.07507470e-01    4.15903000e-01
    5.10102800e-02    5.43473000e-01
    2.42372000e-02    1.70131000e-01
12  0
    4.14559013e+01   -5.98500000e-03
    2.22008946e+01    6.96370000e-02
    1.23702262e+01   -4.03654000e-01
    7.15443966e+00    8.99468000e-01
    3.63012556e+00   -1.96550000e-01
    1.88942247e+00   -1.35868200e+00
    1.04381355e+00   -6.66020000e-02
    4.73073330e-01    7.48011000e-01
    2.26288070e-01    7.43168000e-01
    1.07507470e-01    1.20335000e-01
    5.10102800e-02   -5.54574000e-01
    2.42372000e-02   -2.84337000e-01
12  0
    4.14559013e+01   -5.43100000e-03
    2.22008946e+01    7.58250000e-02
    1.23702262e+01   -5.06871000e-01
    7.15443966e+00    1.31492700e+00
    3.63012556e+00   -7.37700000e-01
    1.88942247e+00   -2.27163400e+00
    1.04381355e+00    1.71185100e+00
    4.73073330e-01    1.72092400e+00
    2.26288070e-01   -1.43400300e+00
    1.07507470e-01   -1.04684900e+00
    5.10102800e-02    5.95081000e-01
    2.42372000e-02    6.06245000e-01
1  0
    2.42372000e-02    1.00000000e+00
1  0
    1.15161400e-02    1.00000000e+00
12  1
    2.88808072e+01   -2.97300000e-03
    1.31938057e+01    4.42020000e-02
    7.25722596e+00   -2.32476000e-01
    4.84342676e+00    1.67654000e-01
    2.76949909e+00    1.79744000e-01
    1.50719356e+00    4.60580000e-01
    7.25165080e-01    3.38218000e-01
    3.63857430e-01    9.79840000e-02
    1.62046170e-01    1.21450000e-02
    7.44770500e-02   -9.48000000e-04
    3.42299400e-02    8.21000000e-04
    1.57322100e-02   -2.20000000e-04
12  1
    2.88808072e+01    5.36000000e-04
    1.31938057e+01   -9.36300000e-03
    7.25722596e+00    5.47520000e-02
    4.84342676e+00   -4.29770000e-02
    2.76949909e+00   -4.92440000e-02
    1.50719356e+00   -1.28712000e-01
    7.25165080e-01   -1.16820000e-01
    3.63857430e-01    4.45170000e-02
    1.62046170e-01    3.22192000e-01
    7.44770500e-02    4.82878000e-01
    3.42299400e-02    2.75764000e-01
    1.57322100e-02    2.54720000e-02
12  1
    2.88808072e+01   -4.28000000e-04
    1.31938057e+01    3.44290000e-02
    7.25722596e+00   -3.07446000e-01
    4.84342676e+00    2.49960000e-01
    2.76949909e+00    7.89151000e-01
    1.50719356e+00    1.29313000e-01
    7.25165080e-01   -9.21684000e-01
    3.63857430e-01   -3.78847000e-01
    1.62046170e-01    5.66809000e-01
    7.44770500e-02    4.40905000e-01
    3.42299400e-02    2.45350000e-02
    1.57322100e-02    5.07800000e-03
12  1
    2.88808072e+01    2.22700000e-03
    1.31938057e+01    4.60240000e-02
    7.25722596e+00   -7.27345000e-01
    4.84342676e+00    1.25148100e+00
    2.76949909e+00    1.00182000e+00
    1.50719356e+00   -1.70180600e+00
    7.25165080e-01   -6.22978000e-01
    3.63857430e-01    1.58183100e+00
    1.62046170e-01   -6.09050000e-02
    7.44770500e-02   -6.67464000e-01
    3.42299400e-02   -3.11470000e-02
    1.57322100e-02   -1.12900000e-02
1  1
    1.57322100e-02    1.00000000e+00
1  1
    7.23058000e-03    1.00000000e+00
10  2
    4.65090841e+01    3.58000000e-04
    2.16013323e+01   -1.05120000e-02
    1.10365245e+01    1.11180000e-01
    4.54288797e+00    1.64184000e-01
    2.18180243e+00    2.67436000e-01
    1.04009058e+00    3.10836000e-01
    4.82629090e-01    2.83530000e-01
    2.15703720e-01    1.73079000e-01
    1.00598730e-01    5.72790000e-02
    4.65340900e-02    9.37000000e-03
10  2
    4.65090841e+01    7.25000000e-04
    2.16013323e+01    5.69400000e-03
    1.10365245e+01   -1.04091000e-01
    4.54288797e+00   -2.17444000e-01
    2.18180243e+00   -4.13534000e-01
    1.04009058e+00   -7.80500000e-02
    4.82629090e-01    2.90464000e-01
    2.15703720e-01    4.17258000e-01
    1.00598730e-01    2.37439000e-01
    4.65340900e-02    5.12820000e-02
10  2
    4.65090841e+01   -3.23600000e-03
    2.16013323e+01    6.26000000e-03
    1.10365245e+01    8.27650000e-02
    4.54288797e+00    4.09918000e-01
    2.18180243e+00    3.74551000e-01
    1.04009058e+00   -6.92379000e-01
    4.82629090e-01   -4.33198000e-01
    2.15703720e-01    3.07071000e-01
    1.00598730e-01    4.56790000e-01
    4.65340900e-02    1.05679000e-01
1  2
    4.65340900e-02    1.00000000e+00
1  2
    2.15253300e-02    1.00000000e+00
1  3
    2.95127800e+00    1.00000000e+00
1  3
    8.20301000e-01    1.00000000e+00
1  3
    2.28000790e-01    1.00000000e+00
1  4
    2.62511500e+00    1.00000000e+00
1  4
    7.29644720e-01    1.00000000e+00
