62
1  0
    3.28894000e+02    1.00000000e+00
1  0
    1.65730000e+02    1.00000000e+00
1  0
    7.51535000e+01    1.00000000e+00
1  0
    3.15321000e+01    1.00000000e+00
1  0
    1.31886000e+01    1.00000000e+00
1  0
    7.06888000e+00    1.00000000e+00
1  0
    3.75907000e+00    1.00000000e+00
1  0
    1.96501000e+00    1.00000000e+00
1  0
    8.98576000e-01    1.00000000e+00
1  0
    5.21047000e-01    1.00000000e+00
1  0
    2.17568000e-01    1.00000000e+00
1  0
    8.62130000e-02    1.00000000e+00
1  0
    6.49180000e-02    1.00000000e+00
1  1
    1.39318000e+02    1.00000000e+00
1  1
    5.84358000e+01    1.00000000e+00
1  1
    2.58858000e+01    1.00000000e+00
1  1
    1.17726000e+01    1.00000000e+00
1  1
    6.55435000e+00    1.00000000e+00
1  1
    3.33863000e+00    1.00000000e+00
1  1
    1.11953000e+00    1.00000000e+00
1  1
    7.62347000e-01    1.00000000e+00
1  1
    5.54206000e-01    1.00000000e+00
1  1
    2.79421000e-01    1.00000000e+00
1  1
    1.22090000e-01    1.00000000e+00
1  1
    6.69280000e-02    1.00000000e+00
1  2
    8.62913000e+01    1.00000000e+00
1  2
    1.84390000e+01    1.00000000e+00
1  2
    9.14072000e+00    1.00000000e+00
1  2
    3.61588000e+00    1.00000000e+00
1  2
    2.49282000e+00    1.00000000e+00
1  2
    9.82820000e-01    1.00000000e+00
1  2
    7.22586000e-01    1.00000000e+00
1  2
    3.44391000e-01    1.00000000e+00
1  2
    1.66521000e-01    1.00000000e+00
1  2
    8.51030000e-02    1.00000000e+00
1  3
    4.15721000e+01    1.00000000e+00
1  3
    1.17171000e+01    1.00000000e+00
1  3
    5.64252000e+00    1.00000000e+00
1  3
    2.52125000e+00    1.00000000e+00
1  3
    1.61097000e+00    1.00000000e+00
1  3
    7.36671000e-01    1.00000000e+00
1  3
    4.46973000e-01    1.00000000e+00
1  3
    2.81554000e-01    1.00000000e+00
1  3
    1.47364000e-01    1.00000000e+00
1  4
    2.59176000e+01    1.00000000e+00
1  4
    8.50518000e+00    1.00000000e+00
1  4
    3.38728000e+00    1.00000000e+00
1  4
    1.60988000e+00    1.00000000e+00
1  4
    8.05142000e-01    1.00000000e+00
1  4
    3.46638000e-01    1.00000000e+00
1  4
    1.60449000e-01    1.00000000e+00
1  5
    1.44473000e+01    1.00000000e+00
1  5
    6.11203000e+00    1.00000000e+00
1  5
    2.50796000e+00    1.00000000e+00
1  5
    1.54746000e+00    1.00000000e+00
1  5
    6.05238000e-01    1.00000000e+00
1  6
    7.25857000e+00    1.00000000e+00
1  6
    3.79417000e+00    1.00000000e+00
1  6
    1.89473000e+00    1.00000000e+00
1  6
    1.02405000e+00    1.00000000e+00
1  7
    4.44065000e+00    1.00000000e+00
1  7
    2.33857000e+00    1.00000000e+00
