20
1  0
    3.70000000e+04    1.00000000e+00
1  0
    7.53000000e+03    1.00000000e+00
1  0
    1.88000000e+03    1.00000000e+00
1  0
    4.71000000e+02    1.00000000e+00
1  0
    1.17000000e+02    1.00000000e+00
1  0
    3.68000000e+01    1.00000000e+00
1  1
    3.68000000e+01    1.00000000e+00
1  0
    7.36000000e+00    1.00000000e+00
1  1
    7.36000000e+00    1.00000000e+00
1  0
    1.84000000e+00    1.00000000e+00
1  1
    1.84000000e+00    1.00000000e+00
1  0
    4.60000000e-01    1.00000000e+00
1  1
    4.60000000e-01    1.00000000e+00
1  0
    1.15000000e-01    1.00000000e+00
1  1
    1.15000000e-01    1.00000000e+00
1  2
    3.68000000e+01    1.00000000e+00
1  2
    7.36000000e+00    1.00000000e+00
1  2
    1.84000000e+00    1.00000000e+00
1  2
    4.60000000e-01    1.00000000e+00
1  2
    1.15000000e-01    1.00000000e+00
