15
6  0
    5.17154000e+04    1.88210000e-03
    7.76583000e+03    1.44226000e-02
    1.76733000e+03    7.14573000e-02
    4.98983000e+02    2.47464000e-01
    1.62124000e+02    5.00000000e-01
    5.56257000e+01    3.85807000e-01
4  0
    1.07094000e+02   -8.18400000e-02
    1.25651000e+01    5.00000000e-01
    5.56555000e+00    4.17624000e-01
    1.84957000e+00    4.75968000e-02
2  0
    1.33582000e+00    5.00000000e-01
    5.22075000e-01    2.22837000e-01
1  0
    1.01132000e-01    1.00000000e+00
1  0
    3.79404000e-02    1.00000000e+00
5  1
    7.13912000e+03    2.66670000e-04
    1.09833000e+03    5.20083000e-03
    2.59058000e+02    4.33432000e-02
    8.27235000e+01    1.90097000e-01
    3.05325000e+01    5.00000000e-01
1  1
    1.20700000e+01    1.00000000e+00
1  1
    4.92803000e+00    1.00000000e+00
1  1
    1.75545000e+00    1.00000000e+00
1  1
    5.91437000e-01    1.00000000e+00
1  1
    1.13000000e-01    1.00000000e+00
4  2
    4.78920000e+01    1.58977000e-02
    1.36337000e+01    9.80452000e-02
    4.66841000e+00    3.02328000e-01
    1.71717000e+00    5.00000000e-01
1  2
    5.98174000e-01    1.00000000e+00
1  2
    1.83039000e-01    1.00000000e+00
1  3
    1.24000000e+00    1.00000000e+00
