29
12  0
    4.06511000e+06    1.10807000e-05
    6.08405000e+05    8.62058000e-05
    1.38506000e+05    4.52706000e-04
    3.92889000e+04    1.90470000e-03
    1.28403000e+04    6.89070000e-03
    4.64285000e+03    2.21236000e-02
    1.81475000e+03    6.32119000e-02
    7.52351000e+02    1.59639000e-01
    3.26253000e+02    3.32412000e-01
    1.47722000e+02    5.00000000e-01
    6.87335000e+01    4.39532000e-01
    3.18542000e+01    1.37540000e-01
7  0
    1.32517000e+03   -9.93391000e-04
    4.09805000e+02   -1.00126000e-02
    1.58771000e+02   -4.45683000e-02
    6.98988000e+01   -9.41952000e-02
    1.57369000e+01    3.47094000e-01
    7.77642000e+00    5.00000000e-01
    3.81615000e+00    2.03507000e-01
4  0
    1.28516000e+01   -8.12047000e-02
    6.21762000e+00   -2.11123000e-01
    1.93497000e+00    4.17334000e-01
    9.24767000e-01    5.00000000e-01
2  0
    1.14728000e+00    3.03860000e-01
    4.59859000e-01    5.00000000e-01
1  0
    2.08230000e-01    1.00000000e+00
1  0
    8.20419000e-02    1.00000000e+00
1  0
    3.22786000e-02    1.00000000e+00
6  1
    7.16797000e+04    3.19728000e-05
    1.10277000e+04    6.51196000e-04
    2.61419000e+03    6.01435000e-03
    8.48332000e+02    3.43185000e-02
    3.22727000e+02    1.49179000e-01
    1.37436000e+02    5.00000000e-01
1  1
    6.20313000e+01    1.00000000e+00
1  1
    2.93470000e+01    1.00000000e+00
1  1
    1.43127000e+01    1.00000000e+00
1  1
    7.00348000e+00    1.00000000e+00
1  1
    3.36540000e+00    1.00000000e+00
1  1
    1.60996000e+00    1.00000000e+00
1  1
    7.39990000e-01    1.00000000e+00
1  1
    3.19280000e-01    1.00000000e+00
1  1
    9.00000000e-02    1.00000000e+00
5  2
    2.17726000e+02    1.76985000e-03
    6.51827000e+01    1.50828000e-02
    2.52995000e+01    6.78732000e-02
    1.12435000e+01    2.08079000e-01
    5.08085000e+00    5.00000000e-01
1  2
    2.38003000e+00    1.00000000e+00
1  2
    1.10067000e+00    1.00000000e+00
1  2
    4.93712000e-01    1.00000000e+00
1  2
    2.10550000e-01    1.00000000e+00
1  2
    8.17993000e-02    1.00000000e+00
1  3
    5.28500000e+00    1.00000000e+00
1  3
    1.46800000e+00    1.00000000e+00
1  3
    4.08000000e-01    1.00000000e+00
1  4
    3.52300000e+00    1.00000000e+00
1  4
    7.83000000e-01    1.00000000e+00
1  5
    1.78500000e+00    1.00000000e+00
