17
6  0
    2.96910382e+05    2.16318281e-04
    4.45032980e+04    1.67788923e-03
    1.01290837e+04    8.73676821e-03
    2.86981254e+03    3.56140112e-02
    9.39528518e+02    1.16120816e-01
    3.43876676e+02    2.84293659e-01
2  0
    1.36272421e+02    3.96188048e-01
    5.52749359e+01    2.99341435e-01
1  0
    1.37537151e+01    1.00000000e+00
1  0
    5.88930645e+00    1.00000000e+00
1  0
    1.73667819e+00    1.00000000e+00
1  0
    6.76190182e-01    1.00000000e+00
1  0
    9.21876160e-02    1.00000000e+00
1  0
    3.61201071e-02    1.00000000e+00
3  1
    1.60887437e+03    1.93644637e-03
    3.81429870e+02    1.58390073e-02
    1.23019268e+02    7.53501542e-02
3  1
    4.64467821e+01    2.39494514e-01
    1.90034948e+01    4.40994031e-01
    8.08899654e+00    3.80199756e-01
1  1
    3.30137039e+00    1.00000000e+00
1  1
    1.28776241e+00    1.00000000e+00
1  1
    4.65468443e-01    1.00000000e+00
3  2
    2.75467337e+01    3.06332604e-02
    7.46479407e+00    1.56040657e-01
    2.43275243e+00    3.70030578e-01
1  2
    7.81878177e-01    1.00000000e+00
1  2
    2.19773776e-01    1.00000000e+00
1  1
    1.20675000e-01    1.00000000e+00
