23
12  0
    2.20683284e+04    1.23111860e+00
    1.03108896e+04   -1.80354500e-01
    5.87419969e+03    3.09967480e+00
    3.05673165e+03    3.38570890e+00
    1.57849194e+03    8.94146170e+00
    8.09386170e+02    1.22195628e+01
    4.38356873e+02    1.50612186e+01
    2.20588604e+02    9.90234700e+00
    1.15782675e+02   -2.56640820e+00
    5.05886272e+01    2.03867620e+00
    2.60501639e+01    1.56667257e+01
    1.32120964e+01    5.67158870e+00
1  0
    7.05651910e+00    1.00000000e+00
1  0
    3.24382870e+00    1.00000000e+00
1  0
    1.66257110e+00    1.00000000e+00
1  0
    7.34115600e-01    1.00000000e+00
1  0
    3.73696300e-01    1.00000000e+00
1  0
    1.92487500e-01    1.00000000e+00
1  0
    8.37506000e-02    1.00000000e+00
1  1
    1.91759031e+01    1.00000000e+00
1  1
    4.70524430e+00    1.00000000e+00
1  1
    1.29257210e+00    1.00000000e+00
1  1
    3.82520800e-01    1.00000000e+00
1  1
    1.16195400e-01    1.00000000e+00
1  2
    3.12759498e+01    1.00000000e+00
1  2
    7.15289140e+00    1.00000000e+00
1  2
    1.81361150e+00    1.00000000e+00
1  2
    4.91905200e-01    1.00000000e+00
1  2
    1.36594200e-01    1.00000000e+00
2  3
    2.86791600e+00   -1.95047000e-02
    5.85105200e-01    1.15724000e-02
1  3
    1.33920200e-01    1.00000000e+00
1  4
    1.24142739e+01    1.00000000e+00
1  4
    4.44489530e+00    1.00000000e+00
1  4
    1.64271980e+00    1.00000000e+00
