35
1  0
    9.11974950e+04    1.00000000e+00
1  0
    3.36210383e+04    1.00000000e+00
1  0
    1.28345473e+04    1.00000000e+00
1  0
    5.06840274e+03    1.00000000e+00
1  0
    2.06823550e+03    1.00000000e+00
1  0
    8.71000534e+02    1.00000000e+00
1  0
    3.78015009e+02    1.00000000e+00
1  0
    1.68804418e+02    1.00000000e+00
1  0
    7.74252795e+01    1.00000000e+00
1  0
    3.64060781e+01    1.00000000e+00
1  0
    1.75127298e+01    1.00000000e+00
1  0
    8.59904553e+00    1.00000000e+00
1  0
    4.29957118e+00    1.00000000e+00
1  0
    2.18363446e+00    1.00000000e+00
1  0
    1.12347069e+00    1.00000000e+00
1  0
    5.83943850e-01    1.00000000e+00
1  0
    3.05753070e-01    1.00000000e+00
1  0
    1.60803720e-01    1.00000000e+00
1  0
    8.46964300e-02    1.00000000e+00
1  1
    1.91759031e+01    1.00000000e+00
1  1
    4.70524430e+00    1.00000000e+00
1  1
    1.29257210e+00    1.00000000e+00
1  1
    3.82520800e-01    1.00000000e+00
1  1
    1.16195400e-01    1.00000000e+00
1  2
    3.12759498e+01    1.00000000e+00
1  2
    7.15289140e+00    1.00000000e+00
1  2
    1.81361150e+00    1.00000000e+00
1  2
    4.91905200e-01    1.00000000e+00
1  2
    1.36594200e-01    1.00000000e+00
1  3
    2.86791600e+00    1.00000000e+00
1  3
    5.85105200e-01    1.00000000e+00
1  3
    1.33920200e-01    1.00000000e+00
1  4
    1.24142739e+01    1.00000000e+00
1  4
    4.44489530e+00    1.00000000e+00
1  4
    1.64271980e+00    1.00000000e+00
