16
3  0
    5.86848295e+00    1.29066318e-01
    4.37410389e+00   -3.43804462e-01
    1.79512015e+00    6.99373466e-01
1  0
    3.78169411e-01    1.00000000e+00
1  0
    1.66246931e-01    1.00000000e+00
1  0
    2.77631761e-02    1.00000000e+00
1  0
    1.61130058e-02    1.00000000e+00
1  0
    1.09961087e-02    1.00000000e+00
3  1
    4.27497757e+00    4.55953167e-02
    1.96393162e+00   -2.50311257e-01
    4.76663224e-01    5.56601144e-01
1  1
    2.17367188e-01    1.00000000e+00
1  1
    9.72762938e-02    1.00000000e+00
1  1
    2.67705180e-02    1.00000000e+00
1  1
    1.08454122e-02    1.00000000e+00
2  2
    2.00910443e+00   -3.44531821e-03
    3.57783515e-01    2.26865960e-01
1  2
    1.10705683e-01    1.00000000e+00
1  2
    3.32162148e-02    1.00000000e+00
1  2
    1.14093807e-02    1.00000000e+00
1  3
    5.87770000e-01    1.00000000e+00
