11
3  0
    5.87781134e+00    1.28599950e-01
    4.36315383e+00   -3.46325697e-01
    1.80484752e+00    6.99306371e-01
1  0
    3.74852371e-01    1.00000000e+00
1  0
    1.63848588e-01    1.00000000e+00
1  0
    2.72304620e-02    1.00000000e+00
1  0
    1.19915332e-02    1.00000000e+00
4  1
    4.27518562e+00    4.57230742e-02
    1.96566634e+00   -2.50199620e-01
    4.76891952e-01    5.56608501e-01
    2.15297496e-01    5.82185534e-01
1  1
    9.14508503e-02    1.00000000e+00
1  1
    1.75920785e-02    1.00000000e+00
1  2
    2.79414715e-01    1.50406800e-01
1  2
    6.24198097e-02    3.61509129e-01
1  2
    1.59878702e-02    1.00000000e+00
