Cs nelec 46
Cs ul
2      3.1232690            -28.8843090        
Cs S
2      4.0797500             84.5477300        
2      2.4174060             16.6541730        
2      3.1232690             28.8843090        
Cs P
2      5.5140800            157.0490590        
2      2.1603160             26.4233070        
2      3.1232690             28.8843090        
Cs D
2      1.8074100             13.1727530        
2      0.8581820              3.3428330        
2      3.1232690             28.8843090 
