18
4  0
    1.65325652e+01   -1.69720000e-02
    9.72503810e+00    1.46065200e-01
    5.73448680e+00   -6.70224400e-01
    3.33158250e+00    1.76369650e+00
1  0
    1.99924440e+00    1.00000000e+00
1  0
    1.15285370e+00    1.00000000e+00
1  0
    6.84930700e-01    1.00000000e+00
1  0
    4.02900400e-01    1.00000000e+00
1  0
    2.29729200e-01    1.00000000e+00
1  0
    4.89643000e-02    1.00000000e+00
1  0
    2.74712000e-02    1.00000000e+00
2  1
    2.50566180e+00    1.17986000e-02
    8.67869000e-01   -3.55306000e-02
1  1
    2.96613100e-01    1.00000000e+00
1  1
    1.00574000e-01    1.00000000e+00
1  1
    3.40126000e-02    1.00000000e+00
2  2
    1.15210880e+00    1.64460000e-03
    4.61170600e-01   -9.65830000e-03
1  2
    1.88106000e-01    1.00000000e+00
1  2
    7.76108000e-02    1.00000000e+00
1  2
    3.21450000e-02    1.00000000e+00
3  3
    6.15755400e-01   -4.54210000e-03
    2.29641300e-01    3.30600000e-04
    8.67322000e-02    7.46400000e-04
1  4
    2.85541600e-01    1.00000000e+00
