48
1  0
    3.27134646e+06    1.00000000e+00
1  0
    1.54927925e+06    1.00000000e+00
1  0
    7.45968908e+05    1.00000000e+00
1  0
    3.65078834e+05    1.00000000e+00
1  0
    1.81554471e+05    1.00000000e+00
1  0
    9.17177334e+04    1.00000000e+00
1  0
    4.70532401e+04    1.00000000e+00
1  0
    2.45059380e+04    1.00000000e+00
1  0
    1.29522801e+04    1.00000000e+00
1  0
    6.94469949e+03    1.00000000e+00
1  0
    3.77592938e+03    1.00000000e+00
1  0
    2.08103724e+03    1.00000000e+00
1  0
    1.16207821e+03    1.00000000e+00
1  0
    6.57197418e+02    1.00000000e+00
1  0
    3.76234267e+02    1.00000000e+00
1  0
    2.17927234e+02    1.00000000e+00
1  0
    1.27654375e+02    1.00000000e+00
1  0
    7.55793550e+01    1.00000000e+00
1  0
    4.52041406e+01    1.00000000e+00
1  0
    2.72971525e+01    1.00000000e+00
1  0
    1.66329626e+01    1.00000000e+00
1  0
    1.02206111e+01    1.00000000e+00
1  0
    6.32956822e+00    1.00000000e+00
1  0
    3.94811487e+00    1.00000000e+00
1  0
    2.47882790e+00    1.00000000e+00
1  0
    1.56552742e+00    1.00000000e+00
1  0
    9.93903810e-01    1.00000000e+00
1  0
    6.33876240e-01    1.00000000e+00
1  0
    4.05829860e-01    1.00000000e+00
1  0
    2.60652830e-01    1.00000000e+00
1  0
    1.67824910e-01    1.00000000e+00
1  0
    1.08248100e-01    1.00000000e+00
1  0
    6.98950900e-02    1.00000000e+00
1  0
    4.51468500e-02    1.00000000e+00
1  1
    2.50566180e+00    1.00000000e+00
1  1
    8.67869000e-01    1.00000000e+00
1  1
    2.96613100e-01    1.00000000e+00
1  1
    1.00574000e-01    1.00000000e+00
1  1
    3.40126000e-02    1.00000000e+00
1  2
    1.15210880e+00    1.00000000e+00
1  2
    4.61170600e-01    1.00000000e+00
1  2
    1.88106000e-01    1.00000000e+00
1  2
    7.76108000e-02    1.00000000e+00
1  2
    3.21450000e-02    1.00000000e+00
1  3
    6.15755400e-01    1.00000000e+00
1  3
    2.29641300e-01    1.00000000e+00
1  3
    8.67322000e-02    1.00000000e+00
1  4
    2.85541600e-01    1.00000000e+00
