11
6  0
    7.67943800e+04    1.74816100e-03
    1.15307000e+04    1.33960200e-02
    2.62657500e+03    6.61088500e-02
    7.40490300e+02    2.29826500e-01
    2.37352800e+02    4.78767500e-01
    8.11581800e+01    3.53073900e-01
6  0
    1.61081400e+03    2.36405500e-03
    3.83636700e+02    3.15363500e-02
    1.24173300e+02    1.26945200e-01
    4.67467800e+01   -2.26284000e-02
    1.90656900e+01   -6.19208000e-01
    7.87156700e+00   -4.58539300e-01
6  1
    1.61081400e+03    3.96330700e-03
    3.83636700e+02    3.11022300e-02
    1.24173300e+02    1.36135000e-01
    4.67467800e+01    3.49291400e-01
    1.90656900e+01    4.62478000e-01
    7.87156700e+00    2.02010200e-01
6  0
    6.44573200e+01   -4.33107500e-03
    2.18521200e+01    7.41230700e-02
    9.40534300e+00    2.54210800e-01
    3.99916800e+00   -2.87484300e-01
    1.67029700e+00   -7.29143600e-01
    6.59627000e-01   -2.11395100e-01
6  1
    6.44573200e+01   -7.52372500e-03
    2.18521200e+01   -2.97568700e-02
    9.40534300e+00    6.84965400e-02
    3.99916800e+00    4.02714100e-01
    1.67029700e+00    4.90849000e-01
    6.59627000e-01    1.75926800e-01
3  0
    2.60008800e+00    5.02757700e-02
    9.63094000e-01    2.65004000e-01
    1.36161000e-01   -1.12015500e+00
3  1
    2.60008800e+00   -1.70291100e-01
    9.63094000e-01    9.31013300e-02
    1.36161000e-01    9.81433600e-01
1  0
    4.73320000e-02    1.00000000e+00
1  1
    4.73320000e-02    1.00000000e+00
3  2
    3.08534100e+01    9.19990500e-02
    8.26498500e+00    3.98502100e-01
    2.49533200e+00    6.91789700e-01
1  2
    6.67658000e-01    1.00000000e+00
