16
12  0
    5.66969200e+01    3.85800000e-03
    2.01703448e+01   -1.51116300e+00
    1.68931189e+01    5.26246700e+00
    1.48111761e+01   -4.14040800e+00
    6.02025146e+00    6.69730000e-02
    2.45829434e+00    5.90390000e-01
    1.29773244e+00    4.35000000e-01
    7.32584740e-01    1.71005000e-01
    2.96096600e-01    1.46540000e-02
    1.33504450e-01   -1.05900000e-03
    5.97527900e-02    2.34300000e-03
    2.77617000e-02    7.20000000e-05
12  0
    5.66969200e+01   -3.29000000e-04
    2.01703448e+01    2.71255000e-01
    1.68931189e+01   -9.91333000e-01
    1.48111761e+01    8.03090000e-01
    6.02025146e+00   -9.79800000e-03
    2.45829434e+00   -1.62788000e-01
    1.29773244e+00   -1.57463000e-01
    7.32584740e-01   -1.46178000e-01
    2.96096600e-01    6.85570000e-02
    1.33504450e-01    4.52860000e-01
    5.97527900e-02    4.98900000e-01
    2.77617000e-02    1.38340000e-01
12  0
    5.66969200e+01   -2.10500000e-03
    2.01703448e+01    1.04290200e+00
    1.68931189e+01   -3.90336100e+00
    1.48111761e+01    3.25377400e+00
    6.02025146e+00   -2.65439000e-01
    2.45829434e+00   -9.12125000e-01
    1.29773244e+00    3.75080000e-02
    7.32584740e-01    2.88641000e-01
    2.96096600e-01    7.98560000e-01
    1.33504450e-01    4.06567000e-01
    5.97527900e-02   -5.20049000e-01
    2.77617000e-02   -5.30268000e-01
1  0
    2.77617000e-02    1.00000000e+00
1  0
    1.28983400e-02    1.00000000e+00
12  1
    8.41162125e+01    2.10000000e-04
    4.16701049e+01   -3.35400000e-03
    2.08402764e+01    5.45070000e-02
    1.31175259e+01   -1.85677000e-01
    7.96834211e+00    1.13600000e-01
    4.08681185e+00    2.86879000e-01
    2.29416473e+00    3.86568000e-01
    1.21038981e+00    3.04256000e-01
    6.05038870e-01    1.04511000e-01
    2.33732230e-01    8.91600000e-03
    9.05483000e-02   -3.33000000e-04
    3.49833500e-02    2.08000000e-04
12  1
    8.41162125e+01    4.00000000e-06
    4.16701049e+01    3.59000000e-04
    2.08402764e+01   -9.40900000e-03
    1.31175259e+01    3.57500000e-02
    7.96834211e+00   -2.53330000e-02
    4.08681185e+00   -6.41670000e-02
    2.29416473e+00   -8.66090000e-02
    1.21038981e+00   -8.63590000e-02
    6.05038870e-01    2.75290000e-02
    2.33732230e-01    3.24015000e-01
    9.05483000e-02    5.41358000e-01
    3.49833500e-02    2.60105000e-01
12  1
    8.41162125e+01   -3.21000000e-04
    4.16701049e+01    1.99000000e-04
    2.08402764e+01    4.70100000e-02
    1.31175259e+01   -2.73823000e-01
    7.96834211e+00    3.24037000e-01
    4.08681185e+00    7.58464000e-01
    2.29416473e+00   -1.91310000e-02
    1.21038981e+00   -7.76778000e-01
    6.05038870e-01   -4.28283000e-01
    2.33732230e-01    6.17543000e-01
    9.05483000e-02    3.95771000e-01
    3.49833500e-02   -1.47800000e-03
1  1
    3.49833500e-02    1.00000000e+00
1  1
    1.35158200e-02    1.00000000e+00
10  2
    8.50696313e+01    3.06000000e-04
    3.72282644e+01   -6.19000000e-03
    1.56116498e+01    1.35912000e-01
    9.50636668e+00    5.73360000e-02
    5.30208049e+00    2.40495000e-01
    2.49612499e+00    3.17037000e-01
    1.13949453e+00    2.97910000e-01
    5.11003370e-01    2.08077000e-01
    2.30497000e-01    9.03880000e-02
    1.12755940e-01    2.66920000e-02
10  2
    8.50696313e+01   -7.00000000e-05
    3.72282644e+01    5.90000000e-03
    1.56116498e+01   -1.60721000e-01
    9.50636668e+00   -6.53370000e-02
    5.30208049e+00   -3.71031000e-01
    2.49612499e+00   -2.26835000e-01
    1.13949453e+00    1.89032000e-01
    5.11003370e-01    4.00876000e-01
    2.30497000e-01    2.93272000e-01
    1.12755940e-01    1.43387000e-01
1  2
    1.12755940e-01    1.00000000e+00
1  2
    5.51586400e-02    1.00000000e+00
1  3
    3.88318000e+00    1.00000000e+00
1  3
    1.89959783e+00    1.00000000e+00
