29
12  0
    5.66969200e+01    3.85800000e-03
    2.01703448e+01   -1.51116300e+00
    1.68931189e+01    5.26246700e+00
    1.48111761e+01   -4.14040800e+00
    6.02025146e+00    6.69730000e-02
    2.45829434e+00    5.90390000e-01
    1.29773244e+00    4.35000000e-01
    7.32584740e-01    1.71005000e-01
    2.96096600e-01    1.46540000e-02
    1.33504450e-01   -1.05900000e-03
    5.97527900e-02    2.34300000e-03
    2.77617000e-02    7.20000000e-05
12  0
    5.66969200e+01   -3.29000000e-04
    2.01703448e+01    2.71255000e-01
    1.68931189e+01   -9.91333000e-01
    1.48111761e+01    8.03090000e-01
    6.02025146e+00   -9.79800000e-03
    2.45829434e+00   -1.62788000e-01
    1.29773244e+00   -1.57463000e-01
    7.32584740e-01   -1.46178000e-01
    2.96096600e-01    6.85570000e-02
    1.33504450e-01    4.52860000e-01
    5.97527900e-02    4.98900000e-01
    2.77617000e-02    1.38340000e-01
12  0
    5.66969200e+01   -2.55100000e-03
    2.01703448e+01    1.12923000e+00
    1.68931189e+01   -4.20877100e+00
    1.48111761e+01    3.50439500e+00
    6.02025146e+00   -3.10068000e-01
    2.45829434e+00   -9.48573000e-01
    1.29773244e+00    1.07692000e-01
    7.32584740e-01    2.83225000e-01
    2.96096600e-01    7.68789000e-01
    1.33504450e-01    4.04068000e-01
    5.97527900e-02   -4.99020000e-01
    2.77617000e-02   -5.40161000e-01
12  0
    5.66969200e+01    7.57400000e-03
    2.01703448e+01   -2.35403000e+00
    1.68931189e+01    8.80192800e+00
    1.48111761e+01   -7.42494100e+00
    6.02025146e+00    1.12488700e+00
    2.45829434e+00    1.86066300e+00
    1.29773244e+00   -1.70244800e+00
    7.32584740e-01   -9.43294000e-01
    2.96096600e-01    4.05131000e-01
    1.33504450e-01    1.18462900e+00
    5.97527900e-02   -3.26690000e-01
    2.77617000e-02   -6.42304000e-01
12  0
    5.66969200e+01    7.77800000e-03
    2.01703448e+01   -3.00415400e+00
    1.68931189e+01    1.22397660e+01
    1.48111761e+01   -1.10334890e+01
    6.02025146e+00    3.58046800e+00
    2.45829434e+00   -4.83578000e-01
    1.29773244e+00   -3.91894700e+00
    7.32584740e-01    3.01789600e+00
    2.96096600e-01    1.20234400e+00
    1.33504450e-01   -1.80516700e+00
    5.97527900e-02   -1.96904000e-01
    2.77617000e-02    8.41489000e-01
1  0
    2.77617000e-02    1.00000000e+00
1  0
    1.28983400e-02    1.00000000e+00
12  1
    8.41162125e+01    2.10000000e-04
    4.16701049e+01   -3.35400000e-03
    2.08402764e+01    5.45070000e-02
    1.31175259e+01   -1.85677000e-01
    7.96834211e+00    1.13600000e-01
    4.08681185e+00    2.86879000e-01
    2.29416473e+00    3.86568000e-01
    1.21038981e+00    3.04256000e-01
    6.05038870e-01    1.04511000e-01
    2.33732230e-01    8.91600000e-03
    9.05483000e-02   -3.33000000e-04
    3.49833500e-02    2.08000000e-04
12  1
    8.41162125e+01    4.00000000e-06
    4.16701049e+01    3.59000000e-04
    2.08402764e+01   -9.40900000e-03
    1.31175259e+01    3.57500000e-02
    7.96834211e+00   -2.53330000e-02
    4.08681185e+00   -6.41670000e-02
    2.29416473e+00   -8.66090000e-02
    1.21038981e+00   -8.63590000e-02
    6.05038870e-01    2.75290000e-02
    2.33732230e-01    3.24015000e-01
    9.05483000e-02    5.41358000e-01
    3.49833500e-02    2.60105000e-01
12  1
    8.41162125e+01   -9.70000000e-05
    4.16701049e+01   -1.09300000e-03
    2.08402764e+01    5.48540000e-02
    1.31175259e+01   -3.02416000e-01
    7.96834211e+00    3.70400000e-01
    4.08681185e+00    7.81500000e-01
    2.29416473e+00   -1.33515000e-01
    1.21038981e+00   -8.29877000e-01
    6.05038870e-01   -2.76498000e-01
    2.33732230e-01    6.79878000e-01
    9.05483000e-02    3.42509000e-01
    3.49833500e-02    3.34000000e-04
12  1
    8.41162125e+01    3.42000000e-04
    4.16701049e+01   -3.33600000e-03
    2.08402764e+01    9.84760000e-02
    1.31175259e+01   -6.55108000e-01
    7.96834211e+00    1.27580100e+00
    4.08681185e+00    7.00436000e-01
    2.29416473e+00   -1.67468300e+00
    1.21038981e+00   -4.45629000e-01
    6.05038870e-01    1.49785500e+00
    2.33732230e-01   -1.62223000e-01
    9.05483000e-02   -6.32066000e-01
    3.49833500e-02    1.87440000e-02
12  1
    8.41162125e+01    4.68100000e-03
    4.16701049e+01   -3.05820000e-02
    2.08402764e+01    1.24236000e-01
    1.31175259e+01    2.17780000e-01
    7.96834211e+00   -1.53667900e+00
    4.08681185e+00    1.17073200e+00
    2.29416473e+00    9.32627000e-01
    1.21038981e+00   -1.84552400e+00
    6.05038870e-01    7.07649000e-01
    2.33732230e-01    4.94903000e-01
    9.05483000e-02   -5.75064000e-01
    3.49833500e-02    2.18780000e-02
1  1
    3.49833500e-02    1.00000000e+00
1  1
    1.35158200e-02    1.00000000e+00
10  2
    8.50696313e+01    3.06000000e-04
    3.72282644e+01   -6.19000000e-03
    1.56116498e+01    1.35912000e-01
    9.50636668e+00    5.73360000e-02
    5.30208049e+00    2.40495000e-01
    2.49612499e+00    3.17037000e-01
    1.13949453e+00    2.97910000e-01
    5.11003370e-01    2.08077000e-01
    2.30497000e-01    9.03880000e-02
    1.12755940e-01    2.66920000e-02
10  2
    8.50696313e+01   -4.00000000e-05
    3.72282644e+01    5.77300000e-03
    1.56116498e+01   -1.59536000e-01
    9.50636668e+00   -6.68200000e-02
    5.30208049e+00   -3.77892000e-01
    2.49612499e+00   -2.25348000e-01
    1.13949453e+00    1.97365000e-01
    5.11003370e-01    4.05430000e-01
    2.30497000e-01    2.87219000e-01
    1.12755940e-01    1.34596000e-01
10  2
    8.50696313e+01    8.44000000e-04
    3.72282644e+01    1.90900000e-03
    1.56116498e+01   -1.61123000e-01
    9.50636668e+00   -1.38816000e-01
    5.30208049e+00   -4.95349000e-01
    2.49612499e+00    3.38929000e-01
    1.13949453e+00    6.42294000e-01
    5.11003370e-01   -6.25010000e-02
    2.30497000e-01   -4.24292000e-01
    1.12755940e-01   -3.30264000e-01
10  2
    8.50696313e+01    4.17200000e-03
    3.72282644e+01   -1.23590000e-02
    1.56116498e+01   -1.97125000e-01
    9.50636668e+00   -5.84626000e-01
    5.30208049e+00    8.74800000e-03
    2.49612499e+00    1.20533700e+00
    1.13949453e+00   -5.19891000e-01
    5.11003370e-01   -6.35552000e-01
    2.30497000e-01    3.06963000e-01
    1.12755940e-01    4.34075000e-01
1  2
    1.12755940e-01    1.00000000e+00
1  2
    5.51586400e-02    1.00000000e+00
1  3
    6.93543000e+00    1.00000000e+00
1  3
    2.30775000e+00    1.00000000e+00
1  3
    7.67897000e-01    1.00000000e+00
1  3
    2.55515450e-01    1.00000000e+00
1  4
    6.50324400e+00    1.00000000e+00
1  4
    2.20490500e+00    1.00000000e+00
1  4
    7.47566290e-01    1.00000000e+00
1  5
    5.19388500e+00    1.00000000e+00
1  5
    1.76097081e+00    1.00000000e+00
