37
15  0
    4.74810000e+04    4.00000000e-06
    7.11686000e+03    2.70000000e-05
    1.60828000e+03    1.34000000e-04
    4.44841000e+02    4.46000000e-04
    9.78090000e+01    4.33800000e-03
    6.08618000e+01   -2.47350000e-02
    3.78932000e+01    7.83710000e-02
    1.23039000e+01   -2.80941000e-01
    7.69568000e+00   -1.93332000e-01
    3.13058000e+00    4.08836000e-01
    1.61954000e+00    5.91644000e-01
    7.97112000e-01    2.63543000e-01
    2.67808000e-01    1.98730000e-02
    1.47986000e-01   -6.60200000e-03
    6.87380000e-02    2.17300000e-03
15  0
    4.74810000e+04   -1.00000000e-06
    7.11686000e+03   -6.00000000e-06
    1.60828000e+03   -2.60000000e-05
    4.44841000e+02   -9.40000000e-05
    9.78090000e+01   -7.68000000e-04
    6.08618000e+01    4.50700000e-03
    3.78932000e+01   -1.50800000e-02
    1.23039000e+01    5.97320000e-02
    7.69568000e+00    3.67670000e-02
    3.13058000e+00   -9.59590000e-02
    1.61954000e+00   -1.60032000e-01
    7.97112000e-01   -1.55412000e-01
    2.67808000e-01   -1.52390000e-02
    1.47986000e-01    3.12267000e-01
    6.87380000e-02    5.24175000e-01
15  0
    4.74810000e+04    2.00000000e-06
    7.11686000e+03    1.20000000e-05
    1.60828000e+03    7.00000000e-05
    4.44841000e+02    1.91000000e-04
    9.78090000e+01    2.51500000e-03
    6.08618000e+01   -1.27600000e-02
    3.78932000e+01    3.84230000e-02
    1.23039000e+01   -1.64687000e-01
    7.69568000e+00   -5.54710000e-02
    3.13058000e+00    2.65321000e-01
    1.61954000e+00    5.66659000e-01
    7.97112000e-01   -8.79790000e-02
    2.67808000e-01   -1.02002500e+00
    1.47986000e-01   -3.61174000e-01
    6.87380000e-02    2.79474000e-01
15  0
    4.74810000e+04   -4.00000000e-06
    7.11686000e+03   -2.60000000e-05
    1.60828000e+03   -1.68000000e-04
    4.44841000e+02   -3.63000000e-04
    9.78090000e+01   -6.76900000e-03
    6.08618000e+01    3.14750000e-02
    3.78932000e+01   -9.04520000e-02
    1.23039000e+01    4.52694000e-01
    7.69568000e+00    2.21290000e-02
    3.13058000e+00   -1.08666500e+00
    1.61954000e+00   -9.28633000e-01
    7.97112000e-01    2.04464600e+00
    2.67808000e-01    7.99138000e-01
    1.47986000e-01   -1.91304300e+00
    6.87380000e-02   -2.06277000e-01
15  0
    4.74810000e+04    6.00000000e-06
    7.11686000e+03    3.00000000e-05
    1.60828000e+03    2.80000000e-04
    4.44841000e+02    2.81000000e-04
    9.78090000e+01    1.41060000e-02
    6.08618000e+01   -5.86810000e-02
    3.78932000e+01    1.50642000e-01
    1.23039000e+01   -9.16887000e-01
    7.69568000e+00    3.76241000e-01
    3.13058000e+00    2.98812200e+00
    1.61954000e+00   -2.85637800e+00
    7.97112000e-01   -8.76303000e-01
    2.67808000e-01    3.84524900e+00
    1.47986000e-01   -2.30332700e+00
    6.87380000e-02   -1.41203900e+00
15  0
    4.74810000e+04    1.20000000e-05
    7.11686000e+03   -7.00000000e-06
    1.60828000e+03    7.13000000e-04
    4.44841000e+02   -1.33300000e-03
    9.78090000e+01    5.77270000e-02
    6.08618000e+01   -2.07563000e-01
    3.78932000e+01    3.75802000e-01
    1.23039000e+01   -2.24889300e+00
    7.69568000e+00    2.53779800e+00
    3.13058000e+00    2.99197500e+00
    1.61954000e+00   -7.93487600e+00
    7.97112000e-01    6.75617700e+00
    2.67808000e-01   -2.75898600e+00
    1.47986000e-01   -1.20128200e+00
    6.87380000e-02    3.47256900e+00
1  0
    3.15880000e-02    1.00000000e+00
1  0
    1.45000000e-02    1.00000000e+00
12  1
    9.94784000e+02    4.60000000e-05
    2.33574000e+02    3.23000000e-04
    4.93355000e+01    7.77700000e-03
    2.46221000e+01   -3.02250000e-02
    1.45861000e+01   -6.80470000e-02
    5.14929000e+00    2.18079000e-01
    2.76427000e+00    3.91876000e-01
    1.44359000e+00    3.52823000e-01
    7.29025000e-01    1.64036000e-01
    3.15457000e-01    2.36590000e-02
    1.42026000e-01   -8.27000000e-04
    6.37270000e-02    9.51000000e-04
12  1
    9.94784000e+02    1.00000000e-05
    2.33574000e+02    6.70000000e-05
    4.93355000e+01    1.67400000e-03
    2.46221000e+01   -6.87600000e-03
    1.45861000e+01   -1.35580000e-02
    5.14929000e+00    5.20640000e-02
    2.76427000e+00    9.04900000e-02
    1.44359000e+00    9.65080000e-02
    7.29025000e-01    1.63080000e-02
    3.15457000e-01   -1.90360000e-01
    1.42026000e-01   -4.12834000e-01
    6.37270000e-02   -4.15467000e-01
12  1
    9.94784000e+02   -2.10000000e-05
    2.33574000e+02   -1.44000000e-04
    4.93355000e+01   -3.58900000e-03
    2.46221000e+01    1.56100000e-02
    1.45861000e+01    2.77930000e-02
    5.14929000e+00   -1.24731000e-01
    2.76427000e+00   -2.03956000e-01
    1.44359000e+00   -1.61605000e-01
    7.29025000e-01    1.08717000e-01
    3.15457000e-01    4.91985000e-01
    1.42026000e-01    4.53151000e-01
    6.37270000e-02    9.80950000e-02
12  1
    9.94784000e+02   -5.30000000e-05
    2.33574000e+02   -3.20000000e-04
    4.93355000e+01   -8.58400000e-03
    2.46221000e+01    4.36110000e-02
    1.45861000e+01    5.41100000e-02
    5.14929000e+00   -4.00372000e-01
    2.76427000e+00   -4.96573000e-01
    1.44359000e+00    9.47320000e-02
    7.29025000e-01    9.61556000e-01
    3.15457000e-01    2.34111000e-01
    1.42026000e-01   -7.23587000e-01
    6.37270000e-02   -1.78909000e-01
12  1
    9.94784000e+02    1.36000000e-04
    2.33574000e+02    8.40000000e-05
    4.93355000e+01    1.93530000e-02
    2.46221000e+01   -1.19527000e-01
    1.45861000e+01    6.12500000e-03
    5.14929000e+00    9.45685000e-01
    2.76427000e+00    2.44017000e-01
    1.44359000e+00   -1.57263900e+00
    7.29025000e-01    7.98670000e-02
    3.15457000e-01    1.50811900e+00
    1.42026000e-01   -7.60170000e-01
    6.37270000e-02   -3.50102000e-01
12  1
    9.94784000e+02    4.85000000e-04
    2.33574000e+02   -1.78000000e-03
    4.93355000e+01    6.28640000e-02
    2.46221000e+01   -3.99115000e-01
    1.45861000e+01    3.89774000e-01
    5.14929000e+00    2.11549300e+00
    2.76427000e+00   -3.02796200e+00
    1.44359000e+00    2.86189000e-01
    7.29025000e-01    2.08893500e+00
    3.15457000e-01   -1.73814100e+00
    1.42026000e-01    1.08796000e-01
    6.37270000e-02    6.31350000e-01
1  1
    2.82380000e-02    1.00000000e+00
1  1
    1.25000000e-02    1.00000000e+00
11  2
    5.73295000e+02    1.12000000e-04
    1.73771000e+02    1.17800000e-03
    6.83868000e+01    8.09900000e-03
    3.19759000e+01    3.20690000e-02
    1.54418000e+01    8.43040000e-02
    7.78497000e+00    1.67902000e-01
    3.97459000e+00    2.45275000e-01
    2.01183000e+00    2.76679000e-01
    9.96673000e-01    2.55087000e-01
    4.78383000e-01    1.93724000e-01
    2.19149000e-01    1.08839000e-01
11  2
    5.73295000e+02   -1.41000000e-04
    1.73771000e+02   -1.49100000e-03
    6.83868000e+01   -1.02980000e-02
    3.19759000e+01   -4.10320000e-02
    1.54418000e+01   -1.11092000e-01
    7.78497000e+00   -2.24984000e-01
    3.97459000e+00   -2.84756000e-01
    2.01183000e+00   -1.38466000e-01
    9.96673000e-01    1.78106000e-01
    4.78383000e-01    3.88227000e-01
    2.19149000e-01    3.42110000e-01
11  2
    5.73295000e+02    1.67000000e-04
    1.73771000e+02    1.81400000e-03
    6.83868000e+01    1.24100000e-02
    3.19759000e+01    5.03820000e-02
    1.54418000e+01    1.40914000e-01
    7.78497000e+00    2.99203000e-01
    3.97459000e+00    2.37931000e-01
    2.01183000e+00   -2.80774000e-01
    9.96673000e-01   -5.67559000e-01
    4.78383000e-01   -7.97420000e-02
    2.19149000e-01    5.36441000e-01
11  2
    5.73295000e+02   -2.35000000e-04
    1.73771000e+02   -2.77100000e-03
    6.83868000e+01   -1.81450000e-02
    3.19759000e+01   -7.73770000e-02
    1.54418000e+01   -2.27286000e-01
    7.78497000e+00   -5.05980000e-01
    3.97459000e+00    1.89781000e-01
    2.01183000e+00    9.63839000e-01
    9.96673000e-01   -2.84036000e-01
    4.78383000e-01   -8.47792000e-01
    2.19149000e-01    3.36220000e-01
11  2
    5.73295000e+02   -3.87000000e-04
    1.73771000e+02   -2.94800000e-03
    6.83868000e+01   -2.71430000e-02
    3.19759000e+01   -9.03680000e-02
    1.54418000e+01   -4.05258000e-01
    7.78497000e+00   -4.72184000e-01
    3.97459000e+00    1.40789200e+00
    2.01183000e+00   -1.98209000e-01
    9.96673000e-01   -1.41445900e+00
    4.78383000e-01    1.17324300e+00
    2.19149000e-01    1.88655000e-01
1  2
    9.26120000e-02    1.00000000e+00
1  2
    3.91000000e-02    1.00000000e+00
1  3
    1.09910000e+01    1.00000000e+00
1  3
    3.91750000e+00    1.00000000e+00
1  3
    1.39640000e+00    1.00000000e+00
1  3
    4.97700000e-01    1.00000000e+00
1  3
    1.77700000e-01    1.00000000e+00
1  4
    8.96300000e+00    1.00000000e+00
1  4
    3.14420000e+00    1.00000000e+00
1  4
    1.10300000e+00    1.00000000e+00
1  4
    4.19000000e-01    1.00000000e+00
1  5
    6.54590000e+00    1.00000000e+00
1  5
    2.08470000e+00    1.00000000e+00
1  5
    8.72500000e-01    1.00000000e+00
1  6
    4.92630000e+00    1.00000000e+00
1  6
    2.35760000e+00    1.00000000e+00
