70
1  0
    4.92513000e+02    1.00000000e+00
1  0
    2.21474000e+02    1.00000000e+00
1  0
    1.05664000e+02    1.00000000e+00
1  0
    4.95662000e+01    1.00000000e+00
1  0
    2.16985000e+01    1.00000000e+00
1  0
    1.01104000e+01    1.00000000e+00
1  0
    5.56128000e+00    1.00000000e+00
1  0
    3.09357000e+00    1.00000000e+00
1  0
    1.29558000e+00    1.00000000e+00
1  0
    7.87421000e-01    1.00000000e+00
1  0
    3.45128000e-01    1.00000000e+00
1  0
    1.23822000e-01    1.00000000e+00
1  0
    8.37850000e-02    1.00000000e+00
1  0
    5.66840000e-02    1.00000000e+00
1  1
    1.87400000e+02    1.00000000e+00
1  1
    8.62278000e+01    1.00000000e+00
1  1
    3.49641000e+01    1.00000000e+00
1  1
    1.81470000e+01    1.00000000e+00
1  1
    1.00993000e+01    1.00000000e+00
1  1
    6.63076000e+00    1.00000000e+00
1  1
    2.27926000e+00    1.00000000e+00
1  1
    1.23567000e+00    1.00000000e+00
1  1
    7.46987000e-01    1.00000000e+00
1  1
    3.60648000e-01    1.00000000e+00
1  1
    1.59755000e-01    1.00000000e+00
1  1
    8.04660000e-02    1.00000000e+00
1  1
    4.67680000e-02    1.00000000e+00
1  2
    1.53582000e+02    1.00000000e+00
1  2
    2.95736000e+01    1.00000000e+00
1  2
    1.29349000e+01    1.00000000e+00
1  2
    6.04676000e+00    1.00000000e+00
1  2
    3.65891000e+00    1.00000000e+00
1  2
    1.74338000e+00    1.00000000e+00
1  2
    9.55496000e-01    1.00000000e+00
1  2
    4.98827000e-01    1.00000000e+00
1  2
    2.42925000e-01    1.00000000e+00
1  2
    1.29237000e-01    1.00000000e+00
1  2
    9.23660000e-02    1.00000000e+00
1  3
    5.95452000e+01    1.00000000e+00
1  3
    1.67922000e+01    1.00000000e+00
1  3
    9.85219000e+00    1.00000000e+00
1  3
    4.07719000e+00    1.00000000e+00
1  3
    2.82642000e+00    1.00000000e+00
1  3
    1.17404000e+00    1.00000000e+00
1  3
    7.63534000e-01    1.00000000e+00
1  3
    3.36456000e-01    1.00000000e+00
1  3
    2.03412000e-01    1.00000000e+00
1  3
    1.77771000e-01    1.00000000e+00
1  4
    4.06048000e+01    1.00000000e+00
1  4
    1.58469000e+01    1.00000000e+00
1  4
    7.44292000e+00    1.00000000e+00
1  4
    3.30560000e+00    1.00000000e+00
1  4
    1.80842000e+00    1.00000000e+00
1  4
    1.06979000e+00    1.00000000e+00
1  4
    6.96853000e-01    1.00000000e+00
1  4
    3.26404000e-01    1.00000000e+00
1  5
    2.24749000e+01    1.00000000e+00
1  5
    1.12400000e+01    1.00000000e+00
1  5
    4.77574000e+00    1.00000000e+00
1  5
    2.66751000e+00    1.00000000e+00
1  5
    1.28541000e+00    1.00000000e+00
1  5
    5.79606000e-01    1.00000000e+00
1  6
    1.25964000e+01    1.00000000e+00
1  6
    7.23239000e+00    1.00000000e+00
1  6
    3.42997000e+00    1.00000000e+00
1  6
    2.04138000e+00    1.00000000e+00
1  6
    1.14519000e+00    1.00000000e+00
1  7
    1.00605000e+01    1.00000000e+00
1  7
    5.28915000e+00    1.00000000e+00
1  7
    2.60429000e+00    1.00000000e+00
