37
12  0
    5.66969200e+01    3.85800000e-03
    2.01703448e+01   -1.51116300e+00
    1.68931189e+01    5.26246700e+00
    1.48111761e+01   -4.14040800e+00
    6.02025146e+00    6.69730000e-02
    2.45829434e+00    5.90390000e-01
    1.29773244e+00    4.35000000e-01
    7.32584740e-01    1.71005000e-01
    2.96096600e-01    1.46540000e-02
    1.33504450e-01   -1.05900000e-03
    5.97527900e-02    2.34300000e-03
    2.77617000e-02    7.20000000e-05
12  0
    5.66969200e+01   -3.29000000e-04
    2.01703448e+01    2.71255000e-01
    1.68931189e+01   -9.91333000e-01
    1.48111761e+01    8.03090000e-01
    6.02025146e+00   -9.79800000e-03
    2.45829434e+00   -1.62788000e-01
    1.29773244e+00   -1.57463000e-01
    7.32584740e-01   -1.46178000e-01
    2.96096600e-01    6.85570000e-02
    1.33504450e-01    4.52860000e-01
    5.97527900e-02    4.98900000e-01
    2.77617000e-02    1.38340000e-01
12  0
    5.66969200e+01   -2.35800000e-03
    2.01703448e+01    1.10452600e+00
    1.68931189e+01   -4.13016400e+00
    1.48111761e+01    3.44428400e+00
    6.02025146e+00   -2.99448000e-01
    2.45829434e+00   -9.52535000e-01
    1.29773244e+00    1.00979000e-01
    7.32584740e-01    2.92726000e-01
    2.96096600e-01    7.65266000e-01
    1.33504450e-01    4.03358000e-01
    5.97527900e-02   -4.97054000e-01
    2.77617000e-02   -5.41022000e-01
12  0
    5.66969200e+01    6.88100000e-03
    2.01703448e+01   -2.27306600e+00
    1.68931189e+01    8.56013700e+00
    1.48111761e+01   -7.25064100e+00
    6.02025146e+00    1.10788100e+00
    2.45829434e+00    1.85399600e+00
    1.29773244e+00   -1.67291600e+00
    7.32584740e-01   -9.67352000e-01
    2.96096600e-01    4.09748000e-01
    1.33504450e-01    1.18418900e+00
    5.97527900e-02   -3.22760000e-01
    2.77617000e-02   -6.45933000e-01
12  0
    5.66969200e+01   -6.10000000e-04
    2.01703448e+01    3.02320000e-01
    1.68931189e+01   -1.27120000e+00
    1.48111761e+01    1.16655600e+00
    6.02025146e+00   -4.02716000e-01
    2.45829434e+00    8.58610000e-02
    1.29773244e+00    3.87684000e-01
    7.32584740e-01   -3.15575000e-01
    2.96096600e-01   -1.18207000e-01
    1.33504450e-01    1.85086000e-01
    5.97527900e-02    1.82550000e-02
    2.77617000e-02   -8.52280000e-02
11  0
    2.01703448e+01   -2.79757600e+00
    1.68931189e+01    1.18169080e+01
    1.48111761e+01   -1.08670550e+01
    6.02025146e+00    3.76416000e+00
    2.45829434e+00   -7.97876000e-01
    1.29773244e+00   -3.62829900e+00
    7.32584740e-01    2.94220400e+00
    2.96096600e-01    1.13036000e+00
    1.33504450e-01   -1.75163500e+00
    5.97527900e-02   -1.79512000e-01
    2.77617000e-02    8.13274000e-01
1  0
    2.77617000e-02    1.00000000e+00
1  0
    1.28983400e-02    1.00000000e+00
12  1
    8.41162125e+01    2.10000000e-04
    4.16701049e+01   -3.35400000e-03
    2.08402764e+01    5.45070000e-02
    1.31175259e+01   -1.85677000e-01
    7.96834211e+00    1.13600000e-01
    4.08681185e+00    2.86879000e-01
    2.29416473e+00    3.86568000e-01
    1.21038981e+00    3.04256000e-01
    6.05038870e-01    1.04511000e-01
    2.33732230e-01    8.91600000e-03
    9.05483000e-02   -3.33000000e-04
    3.49833500e-02    2.08000000e-04
12  1
    8.41162125e+01    4.00000000e-06
    4.16701049e+01    3.59000000e-04
    2.08402764e+01   -9.40900000e-03
    1.31175259e+01    3.57500000e-02
    7.96834211e+00   -2.53330000e-02
    4.08681185e+00   -6.41670000e-02
    2.29416473e+00   -8.66090000e-02
    1.21038981e+00   -8.63590000e-02
    6.05038870e-01    2.75290000e-02
    2.33732230e-01    3.24015000e-01
    9.05483000e-02    5.41358000e-01
    3.49833500e-02    2.60105000e-01
12  1
    8.41162125e+01   -1.42000000e-04
    4.16701049e+01   -8.32000000e-04
    2.08402764e+01    5.36820000e-02
    1.31175259e+01   -3.01737000e-01
    7.96834211e+00    3.74880000e-01
    4.08681185e+00    7.67027000e-01
    2.29416473e+00   -1.13274000e-01
    1.21038981e+00   -8.49697000e-01
    6.05038870e-01   -2.66897000e-01
    2.33732230e-01    6.86972000e-01
    9.05483000e-02    3.35395000e-01
    3.49833500e-02    6.74000000e-04
12  1
    8.41162125e+01    5.03000000e-04
    4.16701049e+01   -4.29600000e-03
    2.08402764e+01    1.08683000e-01
    1.31175259e+01   -7.18104000e-01
    7.96834211e+00    1.42639000e+00
    4.08681185e+00    5.48294000e-01
    2.29416473e+00   -1.63125100e+00
    1.21038981e+00   -3.98157000e-01
    6.05038870e-01    1.46755800e+00
    2.33732230e-01   -1.72798000e-01
    9.05483000e-02   -6.17095000e-01
    3.49833500e-02    1.86040000e-02
12  1
    8.41162125e+01   -5.90500000e-03
    4.16701049e+01    3.90880000e-02
    2.08402764e+01   -1.37019000e-01
    1.31175259e+01   -5.35440000e-01
    7.96834211e+00    2.70132900e+00
    4.08681185e+00   -2.05058400e+00
    2.29416473e+00   -1.48968700e+00
    1.21038981e+00    3.13100200e+00
    6.05038870e-01   -1.30732900e+00
    2.33732230e-01   -7.25798000e-01
    9.05483000e-02    9.19122000e-01
    3.49833500e-02   -3.54390000e-02
12  1
    8.41162125e+01   -2.81840000e-02
    4.16701049e+01    1.94527000e-01
    2.08402764e+01   -1.26077000e+00
    1.31175259e+01    2.22759900e+00
    7.96834211e+00    9.66851000e-01
    4.08681185e+00   -5.51176300e+00
    2.29416473e+00    5.76623300e+00
    1.21038981e+00   -1.95889100e+00
    6.05038870e-01   -1.02085600e+00
    2.33732230e-01    1.71768100e+00
    9.05483000e-02   -1.03514000e+00
    3.49833500e-02    2.02660000e-02
1  1
    3.49833500e-02    1.00000000e+00
1  1
    1.35158200e-02    1.00000000e+00
10  2
    8.50696313e+01    3.06000000e-04
    3.72282644e+01   -6.19000000e-03
    1.56116498e+01    1.35912000e-01
    9.50636668e+00    5.73360000e-02
    5.30208049e+00    2.40495000e-01
    2.49612499e+00    3.17037000e-01
    1.13949453e+00    2.97910000e-01
    5.11003370e-01    2.08077000e-01
    2.30497000e-01    9.03880000e-02
    1.12755940e-01    2.66920000e-02
10  2
    8.50696313e+01   -4.60000000e-05
    3.72282644e+01    5.81000000e-03
    1.56116498e+01   -1.59971000e-01
    9.50636668e+00   -6.64370000e-02
    5.30208049e+00   -3.78956000e-01
    2.49612499e+00   -2.25803000e-01
    1.13949453e+00    1.99890000e-01
    5.11003370e-01    4.05780000e-01
    2.30497000e-01    2.85705000e-01
    1.12755940e-01    1.33589000e-01
10  2
    8.50696313e+01    8.74000000e-04
    3.72282644e+01    1.74100000e-03
    1.56116498e+01   -1.59290000e-01
    9.50636668e+00   -1.45005000e-01
    5.30208049e+00   -4.88250000e-01
    2.49612499e+00    3.37221000e-01
    1.13949453e+00    6.43453000e-01
    5.11003370e-01   -6.59820000e-02
    2.30497000e-01   -4.24254000e-01
    1.12755940e-01   -3.29679000e-01
10  2
    8.50696313e+01    4.69000000e-03
    3.72282644e+01   -1.50490000e-02
    1.56116498e+01   -1.73695000e-01
    9.50636668e+00   -6.46715000e-01
    5.30208049e+00    6.62550000e-02
    2.49612499e+00    1.19305300e+00
    1.13949453e+00   -5.43041000e-01
    5.11003370e-01   -6.10410000e-01
    2.30497000e-01    3.05760000e-01
    1.12755940e-01    4.24949000e-01
10  2
    8.50696313e+01    6.60800000e-03
    3.72282644e+01   -2.12740000e-02
    1.56116498e+01   -3.32305000e-01
    9.50636668e+00   -1.14143900e+00
    5.30208049e+00    2.02409900e+00
    2.49612499e+00   -4.98219000e-01
    1.13949453e+00   -1.11710100e+00
    5.11003370e-01    1.29139900e+00
    2.30497000e-01   -1.18137000e-01
    1.12755940e-01   -5.42595000e-01
1  2
    1.12755940e-01    1.00000000e+00
1  2
    5.51586400e-02    1.00000000e+00
1  3
    9.37330200e+00    1.00000000e+00
1  3
    3.62010000e+00    1.00000000e+00
1  3
    1.39813100e+00    1.00000000e+00
1  3
    5.39977000e-01    1.00000000e+00
1  3
    2.08546380e-01    1.00000000e+00
1  4
    8.59816500e+00    1.00000000e+00
1  4
    3.40253400e+00    1.00000000e+00
1  4
    1.34647200e+00    1.00000000e+00
1  4
    5.32834300e-01    1.00000000e+00
1  5
    7.60971100e+00    1.00000000e+00
1  5
    2.90558500e+00    1.00000000e+00
1  5
    1.10942769e+00    1.00000000e+00
1  6
    5.87537800e+00    1.00000000e+00
1  6
    2.24337166e+00    1.00000000e+00
