54
1  0
    2.34241000e+01    1.00000000e+00
1  0
    1.22137000e+01    1.00000000e+00
1  0
    6.30255000e+00    1.00000000e+00
1  0
    3.28524000e+00    1.00000000e+00
1  0
    1.92787000e+00    1.00000000e+00
1  0
    9.38420000e-01    1.00000000e+00
1  0
    4.34583000e-01    1.00000000e+00
1  0
    2.20691000e-01    1.00000000e+00
1  0
    1.02256000e-01    1.00000000e+00
1  0
    6.13373000e-02    1.00000000e+00
1  1
    2.25527000e+01    1.00000000e+00
1  1
    1.21647000e+01    1.00000000e+00
1  1
    6.84258000e+00    1.00000000e+00
1  1
    3.17457000e+00    1.00000000e+00
1  1
    1.64520000e+00    1.00000000e+00
1  1
    8.89082000e-01    1.00000000e+00
1  1
    5.20351000e-01    1.00000000e+00
1  1
    3.11852000e-01    1.00000000e+00
1  1
    1.65501000e-01    1.00000000e+00
1  1
    8.29216000e-02    1.00000000e+00
1  2
    1.79137000e+01    1.00000000e+00
1  2
    1.13545000e+01    1.00000000e+00
1  2
    5.50492000e+00    1.00000000e+00
1  2
    3.07456000e+00    1.00000000e+00
1  2
    1.50745000e+00    1.00000000e+00
1  2
    7.52260000e-01    1.00000000e+00
1  2
    4.62323000e-01    1.00000000e+00
1  2
    2.57015000e-01    1.00000000e+00
1  2
    1.40390000e-01    1.00000000e+00
1  3
    1.36961000e+01    1.00000000e+00
1  3
    7.07009000e+00    1.00000000e+00
1  3
    4.13113000e+00    1.00000000e+00
1  3
    1.90861000e+00    1.00000000e+00
1  3
    9.07243000e-01    1.00000000e+00
1  3
    4.19937000e-01    1.00000000e+00
1  3
    2.12722000e-01    1.00000000e+00
1  4
    2.41188000e+01    1.00000000e+00
1  4
    8.94437000e+00    1.00000000e+00
1  4
    5.12139000e+00    1.00000000e+00
1  4
    2.36325000e+00    1.00000000e+00
1  4
    1.10618000e+00    1.00000000e+00
1  4
    5.17776000e-01    1.00000000e+00
1  5
    1.08579000e+01    1.00000000e+00
1  5
    5.57907000e+00    1.00000000e+00
1  5
    2.27073000e+00    1.00000000e+00
1  6
    1.01051000e+01    1.00000000e+00
1  6
    5.00524000e+00    1.00000000e+00
1  0
    3.31513000e-02    1.00000000e+00
1  1
    4.03456000e-02    1.00000000e+00
1  2
    7.37752000e-02    1.00000000e+00
1  3
    1.21629000e-01    1.00000000e+00
1  4
    2.42358000e-01    1.00000000e+00
1  5
    9.16677000e-01    1.00000000e+00
1  6
    2.23709000e+00    1.00000000e+00
