12
7  0
    5.60088000e+02    6.37000000e-04
    5.66486000e+01   -9.73500000e-03
    3.54258000e+01    6.57930000e-02
    1.10546000e+01   -4.15035000e-01
    2.30682000e+00    7.46611000e-01
    9.51429000e-01    4.62173000e-01
    1.45184000e-01    1.59830000e-02
7  0
    5.60088000e+02   -1.36000000e-04
    5.66486000e+01    1.40100000e-03
    3.54258000e+01   -1.31740000e-02
    1.10546000e+01    9.56950000e-02
    2.30682000e+00   -2.11874000e-01
    9.51429000e-01   -2.35944000e-01
    1.45184000e-01    5.08115000e-01
7  0
    5.60088000e+02   -3.33000000e-04
    5.66486000e+01    5.93000000e-03
    3.54258000e+01   -3.25490000e-02
    1.10546000e+01    2.11071000e-01
    2.30682000e+00   -7.30556000e-01
    9.51429000e-01    1.77242000e-01
    1.45184000e-01    1.71487300e+00
1  0
    5.03250000e-02    1.00000000e+00
6  1
    7.09739000e+01    3.68200000e-03
    1.78510000e+01   -8.21280000e-02
    4.24679000e+00    3.75379000e-01
    1.87760000e+00    5.08409000e-01
    7.93335000e-01    2.39095000e-01
    1.93476000e-01    1.58500000e-02
6  1
    7.09739000e+01   -6.28000000e-04
    1.78510000e+01    1.65630000e-02
    4.24679000e+00   -8.45720000e-02
    1.87760000e+00   -1.41283000e-01
    7.93335000e-01   -3.57100000e-03
    1.93476000e-01    5.19005000e-01
6  1
    7.09739000e+01   -9.10000000e-04
    1.78510000e+01    2.99140000e-02
    4.24679000e+00   -1.66094000e-01
    1.87760000e+00   -2.78000000e-01
    7.93335000e-01    1.57584000e-01
    1.93476000e-01    8.30488000e-01
1  1
    5.73930000e-02    1.00000000e+00
5  2
    6.03804000e+01    1.75640000e-02
    1.91121000e+01    9.91340000e-02
    6.95288000e+00    2.71171000e-01
    2.60994000e+00    4.06180000e-01
    9.22567000e-01    3.81427000e-01
5  2
    6.03804000e+01   -2.22860000e-02
    1.91121000e+01   -1.28274000e-01
    6.95288000e+00   -3.62797000e-01
    2.60994000e+00   -3.25722000e-01
    9.22567000e-01    3.27087000e-01
1  2
    2.83642000e-01    1.00000000e+00
1  3
    2.74820000e+00    1.00000000e+00
