17
9  0
    1.94635000e+03    1.73000000e-04
    2.77945000e+02    9.58000000e-04
    6.00108000e+01   -1.39320000e-02
    3.75138000e+01    6.66720000e-02
    1.09688000e+01   -4.14486000e-01
    2.33536000e+00    7.31985000e-01
    9.77580000e-01    4.73559000e-01
    1.85887000e-01    2.88600000e-02
    9.48510000e-02   -1.43780000e-02
9  0
    1.94635000e+03   -4.30000000e-05
    2.77945000e+02   -1.73000000e-04
    6.00108000e+01    2.18200000e-03
    3.75138000e+01   -1.32150000e-02
    1.09688000e+01    9.54600000e-02
    2.33536000e+00   -2.04892000e-01
    9.77580000e-01   -2.42955000e-01
    1.85887000e-01    2.12816000e-01
    9.48510000e-02    5.32073000e-01
9  0
    1.94635000e+03   -8.50000000e-05
    2.77945000e+02   -4.18000000e-04
    6.00108000e+01    5.12500000e-03
    3.75138000e+01   -2.80790000e-02
    1.09688000e+01    2.06626000e-01
    2.33536000e+00   -6.76395000e-01
    9.77580000e-01    6.89000000e-03
    1.85887000e-01    1.67715900e+00
    9.48510000e-02   -4.59268000e-01
9  0
    1.94635000e+03   -3.31000000e-04
    2.77945000e+02    7.84000000e-04
    6.00108000e+01   -1.99370000e-02
    3.75138000e+01   -6.47300000e-03
    1.09688000e+01    4.30463000e-01
    2.33536000e+00   -2.31035700e+00
    9.77580000e-01    2.29819900e+00
    1.85887000e-01    3.91809000e-01
    9.48510000e-02   -2.22382700e+00
1  0
    4.03630000e-02    1.00000000e+00
8  1
    3.95025000e+02    2.06000000e-04
    6.47808000e+01    3.87200000e-03
    1.78335000e+01   -8.31640000e-02
    4.35958000e+00    3.46789000e-01
    2.01816000e+00    4.86762000e-01
    9.02312000e-01    2.72285000e-01
    3.12290000e-01    3.39860000e-02
    1.15680000e-01   -3.69000000e-03
8  1
    3.95025000e+02   -5.10000000e-05
    6.47808000e+01   -7.00000000e-04
    1.78335000e+01    1.70850000e-02
    4.35958000e+00   -8.14680000e-02
    2.01816000e+00   -1.19801000e-01
    9.02312000e-01   -5.99620000e-02
    3.12290000e-01    2.35460000e-01
    1.15680000e-01    5.60376000e-01
8  1
    3.95025000e+02   -1.22000000e-04
    6.47808000e+01   -1.24200000e-03
    1.78335000e+01    3.52160000e-02
    4.35958000e+00   -1.89485000e-01
    2.01816000e+00   -2.43228000e-01
    9.02312000e-01    2.52340000e-02
    3.12290000e-01    5.80129000e-01
    1.15680000e-01    4.82540000e-01
8  1
    3.95025000e+02   -3.94000000e-04
    6.47808000e+01   -1.34500000e-03
    1.78335000e+01    7.91750000e-02
    4.35958000e+00   -5.94939000e-01
    2.01816000e+00   -4.10419000e-01
    9.02312000e-01    1.04189800e+00
    3.12290000e-01    3.43010000e-01
    1.15680000e-01   -8.39740000e-01
1  1
    4.17450000e-02    1.00000000e+00
7  2
    1.34068000e+02    2.96600000e-03
    4.22407000e+01    2.73300000e-02
    1.65467000e+01    1.00168000e-01
    7.01227000e+00    2.31925000e-01
    3.02446000e+00    3.39261000e-01
    1.26461000e+00    3.45225000e-01
    4.96238000e-01    2.46637000e-01
7  2
    1.34068000e+02   -3.67900000e-03
    4.22407000e+01   -3.38610000e-02
    1.65467000e+01   -1.28396000e-01
    7.01227000e+00   -3.01124000e-01
    3.02446000e+00   -3.19748000e-01
    1.26461000e+00    8.45510000e-02
    4.96238000e-01    5.01878000e-01
7  2
    1.34068000e+02    4.52600000e-03
    4.22407000e+01    4.23250000e-02
    1.65467000e+01    1.66210000e-01
    7.01227000e+00    4.03122000e-01
    3.02446000e+00    7.13050000e-02
    1.26461000e+00   -7.10888000e-01
    4.96238000e-01   -1.46332000e-01
1  2
    1.73134000e-01    1.00000000e+00
1  3
    5.14110000e+00    1.00000000e+00
1  3
    1.28480000e+00    1.00000000e+00
1  4
    3.45250000e+00    1.00000000e+00
