20
1  0
    5.30000000e+04    1.00000000e+00
1  0
    1.05000000e+04    1.00000000e+00
1  0
    2.64000000e+03    1.00000000e+00
1  0
    6.60000000e+02    1.00000000e+00
1  0
    1.65000000e+02    1.00000000e+00
1  0
    5.10000000e+01    1.00000000e+00
1  1
    5.10000000e+01    1.00000000e+00
1  0
    1.03000000e+01    1.00000000e+00
1  1
    1.03000000e+01    1.00000000e+00
1  0
    2.57000000e+00    1.00000000e+00
1  1
    2.57000000e+00    1.00000000e+00
1  0
    6.40000000e-01    1.00000000e+00
1  1
    6.40000000e-01    1.00000000e+00
1  0
    1.60000000e-01    1.00000000e+00
1  1
    1.60000000e-01    1.00000000e+00
1  2
    5.10000000e+01    1.00000000e+00
1  2
    1.03000000e+01    1.00000000e+00
1  2
    2.57000000e+00    1.00000000e+00
1  2
    6.40000000e-01    1.00000000e+00
1  2
    1.60000000e-01    1.00000000e+00
