28
11  0
    5.05646789e+06    9.35019164e-06
    7.59457838e+05    7.23234432e-05
    1.73524885e+05    3.78138338e-04
    4.93272600e+04    1.58701299e-03
    1.61441499e+04    5.72206853e-03
    5.84459647e+03    1.82683900e-02
    2.28468127e+03    5.18937209e-02
    9.48882325e+02    1.27961924e-01
    4.13662155e+02    2.56298910e-01
    1.87389421e+02    3.60644161e-01
    8.68727716e+01    2.68336647e-01
4  0
    1.74405983e+03    8.85870791e-03
    5.40932955e+02    8.65227858e-02
    2.07997362e+02    3.89322853e-01
    9.04757930e+01    6.97771999e-01
1  0
    3.88696877e+01    1.00000000e+00
1  0
    1.89748291e+01    1.00000000e+00
1  0
    9.09536446e+00    1.00000000e+00
1  0
    3.83300202e+00    1.00000000e+00
1  0
    1.81988915e+00    1.00000000e+00
1  0
    7.90680984e-01    1.00000000e+00
1  0
    1.49141421e-01    1.00000000e+00
1  0
    7.24480906e-02    1.00000000e+00
1  0
    3.09599254e-02    1.00000000e+00
9  1
    9.72046146e+03    1.78288035e-04
    2.30275575e+03    1.56781086e-03
    7.47484983e+02    8.74700945e-03
    2.85001326e+02    3.60445493e-02
    1.20151216e+02    1.12872091e-01
    5.41452612e+01    2.56473773e-01
    2.54060336e+01    3.85129184e-01
    1.22243315e+01    3.03165124e-01
    5.76387207e+00    8.16772190e-02
5  1
    8.32108372e+01   -6.35303600e-03
    2.96947791e+01   -3.13838347e-02
    5.82485162e+00    3.09300398e-01
    2.67461812e+00    6.35839259e-01
    1.18418368e+00    5.09460460e-01
1  1
    4.80435835e-01    1.00000000e+00
1  1
    1.87000000e-01    1.00000000e+00
1  1
    7.62000000e-02    1.00000000e+00
1  1
    3.10000000e-02    1.00000000e+00
6  2
    2.49540251e+02    1.24328812e-03
    7.46839145e+01    1.04569020e-02
    2.83927171e+01    4.64512412e-02
    1.19559684e+01    1.35413597e-01
    5.32107446e+00    2.58529000e-01
    2.36611895e+00    3.31681276e-01
1  2
    1.01318640e+00    1.00000000e+00
1  2
    4.07100359e-01    1.00000000e+00
1  2
    1.47425410e-01    1.00000000e+00
1  2
    7.10000000e-02    1.00000000e+00
1  3
    6.96200000e+00    1.00000000e+00
1  3
    2.23300000e+00    1.00000000e+00
1  3
    7.04000000e-01    1.00000000e+00
1  3
    2.40000000e-01    1.00000000e+00
1  4
    5.95300000e+00    1.00000000e+00
1  4
    1.76800000e+00    1.00000000e+00
