Cu nelec 10
Cu ul
1 19.87662576 19.00000000
2 18.71397328 13322.83154110
2 8.24597653 -143.81933419
2 17.99726398 -6835.89401414
2 19.50653533 -6413.73731394
3 9.35936389 377.65588950
Cu s
2 12.04327682 217421.85846016
2 11.98352277 -215987.47192743
2 9.67744501 1647.53099822
2 17.58068730 -5124.79596488
2 17.50925880 -963.56912390
2 19.80724162 3071.81011765
Cu p
2 15.48559732 189560.54470794
2 15.42430413 -181115.65838446
2 17.81980355 -1937.67548293
2 17.69074392 -2335.92086442
2 17.98867265 -8634.52846732
2 19.82460345 4504.58524733
Cu d
2 10.91448054 -5224.34215851
2 14.69969344 -3653.65459704
2 11.52370333 8159.25189768
2 19.81153965 -2763.94279097
2 18.01979820 6020.80732635
2 14.46480052 -2560.14492979
