11
5  0
    3.16705000e+04    5.40040000e-03
    4.76364000e+03    4.05834000e-02
    1.08309000e+03    1.85758000e-01
    3.04140000e+02    5.00000000e-01
    9.71990000e+01    4.85691000e-01
2  0
    1.53696000e+01    5.00000000e-01
    5.46337000e+00    1.55012000e-01
2  0
    2.24409000e+00    5.00000000e-01
    8.76231000e-01    2.79178000e-01
1  0
    1.40181000e-01    1.00000000e+00
1  0
    4.95777000e-02    1.00000000e+00
5  1
    3.84647000e+03    1.11143000e-03
    5.91765000e+02    2.02722000e-02
    1.39086000e+02    1.41931000e-01
    4.31954000e+01    4.35928000e-01
    1.49065000e+01    5.00000000e-01
1  1
    4.41153000e+00    1.00000000e+00
1  1
    1.32795000e+00    1.00000000e+00
1  1
    2.47800000e-01    1.00000000e+00
3  2
    2.95042000e+01    7.39092000e-02
    7.90221000e+00    3.06732000e-01
    2.35399000e+00    5.00000000e-01
1  2
    5.95459000e-01    1.00000000e+00
