15
6  0
    7.66434000e+04    1.85667000e-03
    1.15087000e+04    1.42325000e-02
    2.61900000e+03    7.06267000e-02
    7.39592000e+02    2.45769000e-01
    2.40688000e+02    5.00000000e-01
    8.29016000e+01    3.91023000e-01
4  0
    1.59362000e+02   -8.08960000e-02
    1.90056000e+01    5.00000000e-01
    8.50680000e+00    3.86348000e-01
    3.01390000e+00    4.29900000e-02
2  0
    2.20678000e+00    5.00000000e-01
    8.60259000e-01    2.51263000e-01
1  0
    1.40800000e-01    1.00000000e+00
1  0
    4.82331000e-02    1.00000000e+00
5  1
    1.09695000e+04    2.54645000e-04
    1.68761000e+03    4.98470000e-03
    3.98546000e+02    4.18661000e-02
    1.27635000e+02    1.86756000e-01
    4.73370000e+01    5.00000000e-01
1  1
    1.88716000e+01    1.00000000e+00
1  1
    7.78334000e+00    1.00000000e+00
1  1
    2.81326000e+00    1.00000000e+00
1  1
    9.51337000e-01    1.00000000e+00
1  1
    1.80000000e-01    1.00000000e+00
4  2
    7.84801000e+01    1.68618000e-02
    2.26413000e+01    1.06222000e-01
    7.92100000e+00    3.19284000e-01
    2.93463000e+00    5.00000000e-01
1  2
    1.01696000e+00    1.00000000e+00
1  2
    3.02410000e-01    1.00000000e+00
1  3
    1.99700000e+00    1.00000000e+00
