29
12  0
    6.18439000e+06    1.05790000e-05
    9.24539000e+05    8.24069000e-05
    2.10398000e+05    4.33004000e-04
    5.96183000e+04    1.82590000e-03
    1.94582000e+04    6.61750000e-03
    7.03013000e+03    2.12744000e-02
    2.74639000e+03    6.09782000e-02
    1.13701000e+03    1.55182000e-01
    4.92260000e+02    3.26769000e-01
    2.22483000e+02    5.00000000e-01
    1.03411000e+02    4.48683000e-01
    4.79590000e+01    1.43828000e-01
7  0
    1.95700000e+03   -1.01043000e-03
    6.05984000e+02   -1.02045000e-02
    2.34767000e+02   -4.59852000e-02
    1.03638000e+02   -9.67010000e-02
    2.39159000e+01    3.52643000e-01
    1.19165000e+01    5.00000000e-01
    5.91599000e+00    1.93198000e-01
4  0
    1.95435000e+01   -1.06141000e-01
    9.92009000e+00   -2.43357000e-01
    3.20011000e+00    4.55067000e-01
    1.56737000e+00    5.00000000e-01
2  0
    1.78417000e+00    3.69967000e-01
    7.74568000e-01    5.00000000e-01
1  0
    2.34348000e-01    1.00000000e+00
1  0
    9.77788000e-02    1.00000000e+00
1  0
    3.91292000e-02    1.00000000e+00
6  1
    1.13297000e+05    3.08645000e-05
    1.74304000e+04    6.28677000e-04
    4.12867000e+03    5.82399000e-03
    1.33936000e+03    3.33660000e-02
    5.10377000e+02    1.45901000e-01
    2.17203000e+02    5.00000000e-01
1  1
    9.80485000e+01    1.00000000e+00
1  1
    4.64494000e+01    1.00000000e+00
1  1
    2.27753000e+01    1.00000000e+00
1  1
    1.12780000e+01    1.00000000e+00
1  1
    5.50901000e+00    1.00000000e+00
1  1
    2.62255000e+00    1.00000000e+00
1  1
    1.20297000e+00    1.00000000e+00
1  1
    5.17991000e-01    1.00000000e+00
1  1
    1.46000000e-01    1.00000000e+00
5  2
    3.66489000e+02    1.59424000e-03
    1.09930000e+02    1.39828000e-02
    4.27166000e+01    6.65345000e-02
    1.88450000e+01    2.13577000e-01
    8.58662000e+00    5.00000000e-01
1  2
    4.03336000e+00    1.00000000e+00
1  2
    1.86041000e+00    1.00000000e+00
1  2
    8.24525000e-01    1.00000000e+00
1  2
    3.43885000e-01    1.00000000e+00
1  2
    1.28936000e-01    1.00000000e+00
1  3
    8.51100000e+00    1.00000000e+00
1  3
    2.36400000e+00    1.00000000e+00
1  3
    6.57000000e-01    1.00000000e+00
1  4
    5.67400000e+00    1.00000000e+00
1  4
    1.26100000e+00    1.00000000e+00
1  5
    2.87500000e+00    1.00000000e+00
