21
10  0
    1.56898000e+06    5.48616000e-05
    2.34997000e+05    4.26507000e-04
    5.34834000e+04    2.23744000e-03
    1.51514000e+04    9.37138000e-03
    4.94276000e+03    3.32979000e-02
    1.78375000e+03    1.01401000e-01
    6.96084000e+02    2.52934000e-01
    2.84127000e+02    4.79312000e-01
    1.20875000e+02    5.00000000e-01
    5.29882000e+01    1.82677000e-01
4  0
    4.23661000e+02   -2.18877000e-02
    1.29583000e+02   -1.06034000e-01
    2.05708000e+01    5.00000000e-01
    8.70339000e+00    4.85376000e-01
2  0
    1.40110000e+01   -1.59249000e-01
    2.29918000e+00    5.00000000e-01
1  0
    9.42775000e-01    1.00000000e+00
1  0
    1.77378000e-01    1.00000000e+00
1  0
    5.85209000e-02    1.00000000e+00
5  1
    2.95422000e+04    1.42214000e-04
    4.54496000e+03    2.86055000e-03
    1.07760000e+03    2.55705000e-02
    3.47572000e+02    1.36121000e-01
    1.31028000e+02    5.00000000e-01
1  1
    5.43268000e+01    1.00000000e+00
1  1
    2.37533000e+01    1.00000000e+00
1  1
    1.06190000e+01    1.00000000e+00
1  1
    4.50635000e+00    1.00000000e+00
1  1
    1.85556000e+00    1.00000000e+00
1  1
    7.07450000e-01    1.00000000e+00
1  1
    1.51000000e-01    1.00000000e+00
5  2
    1.82296000e+02    3.80906000e-03
    5.42820000e+01    2.96414000e-02
    2.03522000e+01    1.24198000e-01
    8.28358000e+00    3.21914000e-01
    3.51944000e+00    5.00000000e-01
1  2
    1.44713000e+00    1.00000000e+00
1  2
    5.53781000e-01    1.00000000e+00
1  2
    1.86592000e-01    1.00000000e+00
1  3
    4.72900000e+00    1.00000000e+00
1  3
    1.05100000e+00    1.00000000e+00
1  4
    2.39600000e+00    1.00000000e+00
