23
12  0
    2.27601575e+04    2.07573550e+00
    7.27288029e+03    5.07488580e+00
    2.72508171e+03    1.21893535e+01
    1.48033374e+03    1.07340332e+01
    8.70784530e+02    1.69779033e+01
    5.33024596e+02    1.45404854e+01
    3.13543872e+02    8.65372920e+00
    1.12897917e+02   -4.18107610e+00
    6.64105374e+01    8.15078410e+00
    3.90650209e+01    1.68724469e+01
    2.29794234e+01    9.72505960e+00
    1.35173075e+01   -5.73593840e+00
1  0
    4.31937960e+00    1.00000000e+00
1  0
    2.54081140e+00    1.00000000e+00
1  0
    1.55528140e+00    1.00000000e+00
1  0
    9.14871400e-01    1.00000000e+00
1  0
    3.29418300e-01    1.00000000e+00
1  0
    1.13985500e-01    1.00000000e+00
1  0
    6.70503000e-02    1.00000000e+00
1  1
    1.04327236e+01    1.00000000e+00
1  1
    4.02510860e+00    1.00000000e+00
1  1
    1.55343820e+00    1.00000000e+00
1  1
    5.99642300e-01    1.00000000e+00
1  1
    2.31482300e-01    1.00000000e+00
2  2
    1.96140080e+01   -2.11366000e-02
    7.29758600e+00    2.63009000e-02
1  2
    2.75009460e+00    1.00000000e+00
1  2
    1.04444080e+00    1.00000000e+00
1  2
    3.97693400e-01    1.00000000e+00
1  3
    5.81690420e+00    1.00000000e+00
1  3
    7.15654200e-01    1.00000000e+00
1  3
    8.92019000e-02    1.00000000e+00
1  4
    1.53794722e+01    1.00000000e+00
1  4
    4.26311480e+00    1.00000000e+00
1  4
    1.19264920e+00    1.00000000e+00
