34
7  0
    5.64101590e+05    1.28077598e-05
    8.17401599e+04    1.02472488e-04
    1.77964088e+04    5.64805681e-04
    4.83035129e+03    2.36853980e-03
    1.53695801e+03    7.51460592e-03
    5.46602699e+02    1.56996994e-02
    2.01070617e+02    1.91115080e-02
1  0
    4.85886033e+01    1.00000000e+00
1  0
    3.06376965e+01    1.00000000e+00
1  0
    1.75220820e+01    1.00000000e+00
1  0
    4.12207136e+00    1.00000000e+00
1  0
    2.07525327e+00    1.00000000e+00
1  0
    7.87898519e-01    1.00000000e+00
1  0
    3.49712585e-01    1.00000000e+00
1  0
    7.06023191e-02    1.00000000e+00
1  0
    2.76386799e-02    1.00000000e+00
1  0
    1.12402504e-02    1.00000000e+00
3  1
    2.62554884e+01    2.98001468e-02
    1.31891327e+01   -1.44243918e-01
    7.60902296e+00   -1.72110843e-02
9  1
    3.87249317e+03    1.23103906e-04
    1.04889742e+03    8.00404656e-04
    3.55561204e+02    3.77552045e-03
    1.26855878e+02    1.28678153e-02
    3.50997693e+01    8.04238059e-02
    2.78305268e+01   -5.15344855e-02
    1.39285235e+01   -2.51929815e-01
    7.57537293e+00    3.88845320e-01
    3.77365768e+00    6.25595646e-01
1  1
    1.84058981e+00    1.00000000e+00
1  1
    8.80228908e-01    1.00000000e+00
1  1
    4.07037359e-01    1.00000000e+00
1  1
    1.80707407e-01    1.00000000e+00
1  1
    6.70000000e-02    1.00000000e+00
1  1
    3.00000000e-02    1.00000000e+00
6  2
    6.31217446e+02    4.04294271e-04
    2.05490282e+02    3.05259285e-03
    8.12889164e+01    1.52168183e-02
    3.38143283e+01    4.94323077e-02
    1.25867181e+01    1.23357875e-01
    6.36875149e+00    4.01024777e-01
1  2
    3.24101238e+00    1.00000000e+00
1  2
    1.57341426e+00    1.00000000e+00
1  2
    6.49684007e-01    1.00000000e+00
1  2
    2.34098518e-01    1.00000000e+00
1  2
    7.61513860e-02    1.00000000e+00
6  3
    1.64587762e+02    5.03672007e-03
    5.99780849e+01    5.07466976e-02
    2.73415372e+01    2.02246962e-01
    1.29877585e+01    3.99755957e-01
    6.30110421e+00    5.64775588e-01
    2.99812834e+00    5.99995942e-01
1  3
    1.43069133e+00    1.00000000e+00
1  3
    1.07977981e+00    1.00000000e+00
1  3
    5.49497258e-01    1.00000000e+00
1  3
    2.09071303e-01    1.00000000e+00
4  4
    2.11586000e+01    4.09200000e-02
    9.63810000e+00    1.25497000e-01
    4.39530000e+00    2.68397000e-01
    1.94260000e+00    4.51595000e-01
1  4
    7.98000000e-01    1.00000000e+00
1  4
    2.86600000e-01    1.00000000e+00
1  5
    2.80000000e+00    1.00000000e+00
