27
5  0
    7.85297430e+04    1.38000000e-04
    1.18546990e+04    1.03300000e-03
    2.71998070e+03    4.86100000e-03
    7.72403600e+02    1.43400000e-02
    2.42032000e+02    2.16200000e-02
1  0
    4.83562000e+01    1.00000000e+00
1  0
    3.18806000e+01    1.00000000e+00
1  0
    1.68609000e+01    1.00000000e+00
1  0
    4.21550000e+00    1.00000000e+00
1  0
    2.12870000e+00    1.00000000e+00
1  0
    7.88900000e-01    1.00000000e+00
1  0
    3.38300000e-01    1.00000000e+00
1  0
    5.81000000e-02    1.00000000e+00
1  0
    2.38000000e-02    1.00000000e+00
6  1
    1.35879557e+03   -5.41242737e-04
    3.14300770e+02   -3.81995999e-03
    9.68336002e+01   -1.16595204e-02
    2.67949213e+01   -7.13621670e-02
    1.64027568e+01    2.41609940e-01
    3.78145969e+00   -2.69278630e-01
3  1
    1.10242741e+01   -1.17763040e-01
    5.41639260e+00   -2.44219500e-01
    2.06773114e+00   -1.79478910e-01
1  1
    1.55088761e+00    1.00000000e+00
1  1
    7.00087007e-01    1.00000000e+00
1  1
    3.00010638e-01    1.00000000e+00
1  1
    9.35105294e-02    1.00000000e+00
1  1
    3.23874950e-02    1.00000000e+00
6  2
    4.09803200e+02    1.04600000e-03
    1.23710400e+02    8.44800000e-03
    4.70976000e+01    3.39450000e-02
    2.01202000e+01    6.33130000e-02
    8.15710000e+00    3.10542000e-01
    4.14740000e+00    4.43276000e-01
1  2
    2.08250000e+00    1.00000000e+00
1  2
    9.99800000e-01    1.00000000e+00
1  2
    3.20200000e-01    1.00000000e+00
1  2
    9.13000000e-02    1.00000000e+00
5  3
    1.29627400e+02    5.25200000e-03
    4.71727000e+01    4.84900000e-02
    2.11586000e+01    1.54752000e-01
    9.63810000e+00    2.81170000e-01
    4.39530000e+00    3.53828000e-01
1  3
    1.94260000e+00    1.00000000e+00
1  3
    7.98000000e-01    1.00000000e+00
1  3
    2.86600000e-01    1.00000000e+00
1  4
    4.78200000e-01    1.00000000e+00
