67
1  0
    1.26646153e+07    1.00000000e+00
1  0
    5.49319669e+06    1.00000000e+00
1  0
    2.43253154e+06    1.00000000e+00
1  0
    1.09948090e+06    1.00000000e+00
1  0
    5.07105141e+05    1.00000000e+00
1  0
    2.38596360e+05    1.00000000e+00
1  0
    1.14484891e+05    1.00000000e+00
1  0
    5.60018665e+04    1.00000000e+00
1  0
    2.79168341e+04    1.00000000e+00
1  0
    1.41764061e+04    1.00000000e+00
1  0
    7.33021509e+03    1.00000000e+00
1  0
    3.85761766e+03    1.00000000e+00
1  0
    2.06519759e+03    1.00000000e+00
1  0
    1.12413550e+03    1.00000000e+00
1  0
    6.21801060e+02    1.00000000e+00
1  0
    3.49307144e+02    1.00000000e+00
1  0
    1.99168441e+02    1.00000000e+00
1  0
    1.15188960e+02    1.00000000e+00
1  0
    6.75282104e+01    1.00000000e+00
1  0
    4.00993351e+01    1.00000000e+00
1  0
    2.41016727e+01    1.00000000e+00
1  0
    1.46515380e+01    1.00000000e+00
1  0
    9.00121360e+00    1.00000000e+00
1  0
    5.58399423e+00    1.00000000e+00
1  0
    3.49500802e+00    1.00000000e+00
1  0
    2.20512789e+00    1.00000000e+00
1  0
    1.40124942e+00    1.00000000e+00
1  0
    8.95980040e-01    1.00000000e+00
1  0
    5.75943750e-01    1.00000000e+00
1  0
    3.71836280e-01    1.00000000e+00
1  0
    2.40879110e-01    1.00000000e+00
1  0
    1.56424100e-01    1.00000000e+00
1  0
    1.01728750e-01    1.00000000e+00
1  0
    6.61905200e-02    1.00000000e+00
1  1
    5.84802960e+00    1.00000000e+00
1  1
    2.80842220e+00    1.00000000e+00
1  1
    1.35577460e+00    1.00000000e+00
1  1
    6.57185700e-01    1.00000000e+00
1  1
    3.19493100e-01    1.00000000e+00
1  1
    1.55596700e-01    1.00000000e+00
1  1
    7.58219000e-02    1.00000000e+00
1  2
    4.93935432e+01    1.00000000e+00
1  2
    1.41218222e+01    1.00000000e+00
1  2
    4.43121320e+00    1.00000000e+00
1  2
    1.50456360e+00    1.00000000e+00
1  2
    5.42668500e-01    1.00000000e+00
1  2
    2.03327700e-01    1.00000000e+00
1  3
    1.53052163e+01    1.00000000e+00
1  3
    3.22637540e+00    1.00000000e+00
1  3
    1.43330020e+00    1.00000000e+00
1  3
    5.69977200e-01    1.00000000e+00
1  3
    2.29035100e-01    1.00000000e+00
1  3
    9.23561000e-02    1.00000000e+00
1  4
    2.68887094e+01    1.00000000e+00
1  4
    1.02996506e+01    1.00000000e+00
1  4
    3.96941620e+00    1.00000000e+00
1  4
    1.53650770e+00    1.00000000e+00
1  4
    5.96333600e-01    1.00000000e+00
1  4
    2.31646900e-01    1.00000000e+00
1  5
    1.45570670e+00    1.00000000e+00
1  5
    6.18821000e-01    1.00000000e+00
1  5
    2.63873400e-01    1.00000000e+00
1  6
    5.05085118e+01    1.00000000e+00
1  6
    2.11164952e+01    1.00000000e+00
1  6
    8.92242740e+00    1.00000000e+00
1  6
    3.79428690e+00    1.00000000e+00
1  6
    1.61699970e+00    1.00000000e+00
