28
5  0
    8.99048350e+04    6.30000000e-05
    1.35328740e+04    4.73000000e-04
    3.08730420e+03    2.25400000e-03
    8.70187600e+02    6.70600000e-03
    2.63426200e+02    1.08820000e-02
1  0
    5.24141000e+01    1.00000000e+00
1  0
    3.74387000e+01    1.00000000e+00
1  0
    1.89300000e+01    1.00000000e+00
1  0
    4.62930000e+00    1.00000000e+00
1  0
    2.30280000e+00    1.00000000e+00
1  0
    8.64600000e-01    1.00000000e+00
1  0
    3.66100000e-01    1.00000000e+00
1  0
    6.05000000e-02    1.00000000e+00
1  0
    2.47000000e-02    1.00000000e+00
6  1
    1.31371920e+03   -8.50857030e-04
    3.17626340e+02   -5.63321210e-03
    1.00720620e+02   -1.59280600e-02
    3.10854120e+01   -5.62679360e-02
    1.67012420e+01    2.34055790e-01
    4.45446110e+00   -3.08219090e-01
3  1
    1.19571970e+01   -1.46063000e-01
    6.11286780e+00   -2.13619970e-01
    2.37090390e+00   -1.77250880e-01
1  1
    2.64075360e+00    1.00000000e+00
1  1
    1.03703640e+00    1.00000000e+00
1  1
    4.44692240e-01    1.00000000e+00
1  1
    1.74064370e-01    1.00000000e+00
1  1
    6.85836269e-02    1.00000000e+00
1  1
    2.61184052e-02    1.00000000e+00
6  2
    4.56000800e+02    1.41800000e-03
    1.38152300e+02    1.15860000e-02
    5.32044000e+01    4.68490000e-02
    2.26815000e+01    1.04083000e-01
    8.99710000e+00    2.88434000e-01
    4.42980000e+00    4.49833000e-01
1  2
    2.11540000e+00    1.00000000e+00
1  2
    9.09200000e-01    1.00000000e+00
1  2
    3.11000000e-01    1.00000000e+00
1  2
    9.33000000e-02    1.00000000e+00
5  3
    1.37957500e+02    5.21800000e-03
    4.96732000e+01    4.80470000e-02
    2.22754000e+01    1.63634000e-01
    1.02123000e+01    2.89483000e-01
    4.65890000e+00    3.53742000e-01
1  3
    2.05510000e+00    1.00000000e+00
1  3
    8.40600000e-01    1.00000000e+00
1  3
    2.99600000e-01    1.00000000e+00
1  4
    5.01800000e-01    1.00000000e+00
