67
1  0
    1.09097002e+07    1.00000000e+00
1  0
    4.60087166e+06    1.00000000e+00
1  0
    1.98606887e+06    1.00000000e+00
1  0
    8.77372790e+05    1.00000000e+00
1  0
    3.96557702e+05    1.00000000e+00
1  0
    1.83334827e+05    1.00000000e+00
1  0
    8.66703550e+04    1.00000000e+00
1  0
    4.18832066e+04    1.00000000e+00
1  0
    2.06821282e+04    1.00000000e+00
1  0
    1.04319042e+04    1.00000000e+00
1  0
    5.37225346e+03    1.00000000e+00
1  0
    2.82337957e+03    1.00000000e+00
1  0
    1.51349378e+03    1.00000000e+00
1  0
    8.27089175e+02    1.00000000e+00
1  0
    4.60499037e+02    1.00000000e+00
1  0
    2.61057736e+02    1.00000000e+00
1  0
    1.50586077e+02    1.00000000e+00
1  0
    8.83211165e+01    1.00000000e+00
1  0
    5.26318895e+01    1.00000000e+00
1  0
    3.18414990e+01    1.00000000e+00
1  0
    1.95405211e+01    1.00000000e+00
1  0
    1.21533976e+01    1.00000000e+00
1  0
    7.65389381e+00    1.00000000e+00
1  0
    4.87616720e+00    1.00000000e+00
1  0
    3.13949119e+00    1.00000000e+00
1  0
    2.04071954e+00    1.00000000e+00
1  0
    1.33781608e+00    1.00000000e+00
1  0
    8.83552190e-01    1.00000000e+00
1  0
    5.87237410e-01    1.00000000e+00
1  0
    3.92332870e-01    1.00000000e+00
1  0
    2.63185050e-01    1.00000000e+00
1  0
    1.77065210e-01    1.00000000e+00
1  0
    1.19334590e-01    1.00000000e+00
1  0
    8.04736000e-02    1.00000000e+00
1  1
    5.79784810e+00    1.00000000e+00
1  1
    2.83608140e+00    1.00000000e+00
1  1
    1.39323610e+00    1.00000000e+00
1  1
    6.86718000e-01    1.00000000e+00
1  1
    3.39288500e-01    1.00000000e+00
1  1
    1.67873900e-01    1.00000000e+00
1  1
    8.31008000e-02    1.00000000e+00
1  2
    5.73157084e+01    1.00000000e+00
1  2
    1.58813910e+01    1.00000000e+00
1  2
    5.32430430e+00    1.00000000e+00
1  2
    1.65772610e+00    1.00000000e+00
1  2
    5.17621200e-01    1.00000000e+00
1  2
    1.55726500e-01    1.00000000e+00
1  3
    1.30460757e+01    1.00000000e+00
1  3
    4.08022330e+00    1.00000000e+00
1  3
    1.30953760e+00    1.00000000e+00
1  3
    4.28306900e-01    1.00000000e+00
1  3
    1.41706300e-01    1.00000000e+00
1  3
    4.70654000e-02    1.00000000e+00
1  4
    2.80749373e+01    1.00000000e+00
1  4
    1.06140404e+01    1.00000000e+00
1  4
    4.02123020e+00    1.00000000e+00
1  4
    1.52578300e+00    1.00000000e+00
1  4
    5.79456000e-01    1.00000000e+00
1  4
    2.20130200e-01    1.00000000e+00
1  5
    1.28425446e+01    1.00000000e+00
1  5
    3.05153380e+00    1.00000000e+00
1  5
    7.33156100e-01    1.00000000e+00
1  6
    5.05077436e+01    1.00000000e+00
1  6
    2.04414067e+01    1.00000000e+00
1  6
    8.51551370e+00    1.00000000e+00
1  6
    3.60253700e+00    1.00000000e+00
1  6
    1.40633850e+00    1.00000000e+00
