32
6  0
    1.71703527e+05    3.18445283e-05
    2.59661056e+04    2.45660221e-04
    5.93024976e+03    1.21460147e-03
    1.71956885e+03    4.34007715e-03
    5.65003991e+02    1.09605176e-02
    1.91291774e+02    1.51518110e-02
1  0
    4.35040357e+01    1.00000000e+00
1  0
    2.90575428e+01    1.00000000e+00
1  0
    1.50747591e+01    1.00000000e+00
1  0
    3.79029728e+00    1.00000000e+00
1  0
    1.95350999e+00    1.00000000e+00
1  0
    7.71156225e-01    1.00000000e+00
1  0
    3.44864104e-01    1.00000000e+00
1  0
    7.73289799e-02    1.00000000e+00
1  0
    3.72554961e-02    1.00000000e+00
1  0
    1.50152577e-02    1.00000000e+00
9  1
    3.78576221e+03    4.77107062e-05
    1.04322389e+03    3.33133310e-04
    3.59669939e+02    1.43723532e-03
    1.30236900e+02    5.47681154e-03
    3.46699661e+01    2.31507545e-02
    2.88906922e+01    2.46155134e-02
    1.37986145e+01   -3.08187621e-01
    7.54092363e+00    2.86884137e-01
    3.76880381e+00    6.48677530e-01
3  1
    2.82346176e+01    5.17632769e-02
    1.29079753e+01   -2.35994286e-01
    7.53286042e+00   -3.02379972e-02
1  1
    1.89725353e+00    1.00000000e+00
1  1
    8.81520661e-01    1.00000000e+00
1  1
    4.09878474e-01    1.00000000e+00
1  1
    1.80769939e-01    1.00000000e+00
1  1
    6.70000000e-02    1.00000000e+00
1  1
    3.00000000e-02    1.00000000e+00
6  2
    5.99474324e+02    1.94213490e-04
    2.02269974e+02    1.46464785e-03
    8.01262854e+01    6.95803105e-03
    3.54241872e+01    2.13603633e-02
    9.48530078e+00    1.16401002e-01
    5.91072033e+00    3.40005575e-01
1  2
    3.14999511e+00    1.00000000e+00
1  2
    1.52082824e+00    1.00000000e+00
1  2
    6.12402880e-01    1.00000000e+00
1  2
    2.26581693e-01    1.00000000e+00
1  2
    7.62308658e-02    1.00000000e+00
6  3
    1.58747025e+02    3.80748203e-03
    5.81457526e+01    3.84565264e-02
    2.72469078e+01    1.56177513e-01
    1.35415609e+01    3.35994805e-01
    6.71760777e+00    5.54055431e-01
    3.31939434e+00    6.25080213e-01
1  3
    1.67906470e+00    1.00000000e+00
1  3
    8.45280809e-01    1.00000000e+00
1  3
    4.06241517e-01    1.00000000e+00
1  3
    1.76758975e-01    1.00000000e+00
2  4
    1.18314500e+01    1.25580000e-01
    2.68067000e+00    6.67090000e-01
1  4
    4.75160000e-01    1.00000000e+00
