47
13  0
    3.64670401e+05    1.22460136e-05
    6.06741938e+04    8.86692738e-05
    1.33365465e+04    5.06842727e-04
    3.63545285e+03    2.21422089e-03
    1.16666662e+03    8.00505200e-03
    4.22540322e+02    2.49113581e-02
    1.66974651e+02    6.77941721e-02
    7.00962590e+01    1.57949642e-01
    3.06111900e+01    2.93963532e-01
    1.36763210e+01    3.67718913e-01
    6.16613800e+00    2.04346339e-01
    2.77177000e+00    2.46198463e-02
    1.22756700e+00    1.88203633e-03
9  0
    1.66974651e+02   -6.33634818e-04
    7.00962590e+01   -3.34602951e-03
    3.06111900e+01   -1.63200216e-02
    1.36763210e+01   -5.41425529e-02
    6.16613800e+00   -7.46473039e-02
    2.77177000e+00    1.05527077e-01
    1.22756700e+00    4.06011807e-01
    5.28720000e-01    4.68407891e-01
    2.18050000e-01    1.59205221e-01
1  0
    1.58079853e+02    1.00000000e+00
1  0
    6.04873620e+01    1.00000000e+00
1  0
    2.31447640e+01    1.00000000e+00
1  0
    8.85606700e+00    1.00000000e+00
1  0
    3.97105800e+00    1.00000000e+00
1  0
    1.60231700e+00    1.00000000e+00
1  0
    6.46533000e-01    1.00000000e+00
1  0
    2.60875000e-01    1.00000000e+00
1  0
    9.57678952e-02    1.00000000e+00
11  1
    1.05342389e+03    7.61666105e-05
    2.55083963e+02    6.70707536e-04
    8.11381040e+01    3.82949980e-03
    3.07599790e+01    1.51135163e-02
    1.29702860e+01    4.66575814e-02
    5.80490000e+00    1.17367102e-01
    2.67527700e+00    2.21897795e-01
    1.24496800e+00    3.02945770e-01
    5.76447000e-01    3.06332209e-01
    2.61428000e-01    2.03942200e-01
    1.13545000e-01    5.23402485e-02
1  1
    4.00306609e+02    1.00000000e+00
1  1
    1.65007766e+02    1.00000000e+00
1  1
    6.80167710e+01    1.00000000e+00
1  1
    2.80367480e+01    1.00000000e+00
1  1
    1.15568440e+01    1.00000000e+00
1  1
    9.63394800e+00    1.00000000e+00
1  1
    3.31040400e+00    1.00000000e+00
1  1
    1.25606200e+00    1.00000000e+00
1  1
    4.76586000e-01    1.00000000e+00
1  1
    1.80830000e-01    1.00000000e+00
1  1
    6.40505410e-02    1.00000000e+00
1  2
    2.94979884e+02    1.00000000e+00
1  2
    1.19066486e+02    1.00000000e+00
1  2
    4.80603220e+01    1.00000000e+00
1  2
    1.93992000e+01    1.00000000e+00
1  2
    7.79811600e+00    1.00000000e+00
1  2
    3.10595500e+00    1.00000000e+00
1  2
    1.23708800e+00    1.00000000e+00
1  2
    4.92727000e-01    1.00000000e+00
1  2
    1.96251000e-01    1.00000000e+00
1  3
    2.17639058e+02    1.00000000e+00
1  3
    8.34155440e+01    1.00000000e+00
1  3
    3.19710670e+01    1.00000000e+00
1  3
    1.30840300e+01    1.00000000e+00
1  3
    5.35458800e+00    1.00000000e+00
1  3
    2.12503100e+00    1.00000000e+00
1  3
    8.43343000e-01    1.00000000e+00
1  3
    3.34690000e-01    1.00000000e+00
1  4
    1.53356856e+02    1.00000000e+00
1  4
    5.31390420e+01    1.00000000e+00
1  4
    1.50961600e+01    1.00000000e+00
1  4
    4.28863800e+00    1.00000000e+00
1  4
    1.55011900e+00    1.00000000e+00
1  4
    5.60287100e-01    1.00000000e+00
1  5
    2.96406375e+00    1.00000000e+00
