13
6  0
    1.14271000e+04    1.80093000e-03
    1.72235000e+03    1.37419000e-02
    3.95746000e+02    6.81334000e-02
    1.15139000e+02    2.33325000e-01
    3.36026000e+01    5.89086000e-01
    4.91901000e+00    2.99505000e-01
3  0
    5.54441000e+01    1.14536000e-01
    1.26323000e+01    9.20512000e-01
    3.71756000e+00   -3.37804000e-03
3  1
    5.54441000e+01    3.54609000e-02
    1.26323000e+01    2.37451000e-01
    3.71756000e+00    8.20458000e-01
1  0
    1.16545000e+00    1.00000000e+00
1  1
    1.16545000e+00    1.00000000e+00
1  0
    3.21892000e-01    1.00000000e+00
1  1
    3.21892000e-01    1.00000000e+00
1  0
    1.07600000e-01    1.00000000e+00
1  1
    1.07600000e-01    1.00000000e+00
1  2
    7.00000000e+00    1.00000000e+00
1  2
    1.75000000e+00    1.00000000e+00
1  2
    4.37500000e-01    1.00000000e+00
1  3
    1.85000000e+00    1.00000000e+00
