41
14  0
    2.11400000e+05    2.60000000e-05
    3.16600000e+04    2.01000000e-04
    7.20200000e+03    1.05600000e-03
    2.04000000e+03    4.43200000e-03
    6.66400000e+02    1.57660000e-02
    2.42000000e+02    4.81120000e-02
    9.55300000e+01    1.23232000e-01
    4.02300000e+01    2.51519000e-01
    1.77200000e+01    3.64525000e-01
    8.00500000e+00    2.79766000e-01
    3.53800000e+00    6.35450000e-02
    1.45800000e+00    1.11100000e-03
    5.88700000e-01    1.25800000e-03
    2.32400000e-01   -3.50000000e-05
14  0
    2.11400000e+05   -6.00000000e-06
    3.16600000e+04   -4.70000000e-05
    7.20200000e+03   -2.44000000e-04
    2.04000000e+03   -1.03100000e-03
    6.66400000e+02   -3.68300000e-03
    2.42000000e+02   -1.15130000e-02
    9.55300000e+01   -3.06630000e-02
    4.02300000e+01   -6.95720000e-02
    1.77200000e+01   -1.23992000e-01
    8.00500000e+00   -1.50214000e-01
    3.53800000e+00    1.64600000e-02
    1.45800000e+00    3.92550000e-01
    5.88700000e-01    5.32164000e-01
    2.32400000e-01    1.96524000e-01
1  0
    3.53800000e+00    1.00000000e+00
1  0
    1.45800000e+00    1.00000000e+00
1  0
    5.88700000e-01    1.00000000e+00
1  0
    2.32400000e-01    1.00000000e+00
1  0
    1.98760000e+01    1.00000000e+00
1  0
    4.48800000e+01    1.00000000e+00
1  0
    1.01339000e+02    1.00000000e+00
1  0
    2.28824000e+02    1.00000000e+00
1  0
    8.06000000e-02    1.00000000e+00
8  1
    2.41900000e+02    1.00200000e-03
    5.71700000e+01    8.05400000e-03
    1.81300000e+01    3.80480000e-02
    6.62400000e+00    1.23779000e-01
    2.62200000e+00    2.66060000e-01
    1.05700000e+00    3.71796000e-01
    4.17600000e-01    3.32890000e-01
    1.57400000e-01    1.28491000e-01
1  1
    2.62200000e+00    1.00000000e+00
1  1
    1.05700000e+00    1.00000000e+00
1  1
    4.17600000e-01    1.00000000e+00
1  1
    1.57400000e-01    1.00000000e+00
1  1
    1.73060000e+01    1.00000000e+00
1  1
    4.36630000e+01    1.00000000e+00
1  1
    1.10162000e+02    1.00000000e+00
1  1
    2.77938000e+02    1.00000000e+00
1  1
    5.50000000e-02    1.00000000e+00
1  2
    7.76000000e+00    1.00000000e+00
1  2
    3.03200000e+00    1.00000000e+00
1  2
    1.18500000e+00    1.00000000e+00
1  2
    4.63000000e-01    1.00000000e+00
1  2
    2.17310000e+01    1.00000000e+00
1  2
    6.09550000e+01    1.00000000e+00
1  2
    1.70890000e+02    1.00000000e+00
1  2
    1.72000000e-01    1.00000000e+00
1  3
    5.39800000e+00    1.00000000e+00
1  3
    2.07800000e+00    1.00000000e+00
1  3
    8.00000000e-01    1.00000000e+00
1  3
    2.23370000e+01    1.00000000e+00
1  3
    8.22900000e+01    1.00000000e+00
1  3
    3.31000000e-01    1.00000000e+00
1  4
    4.33800000e+00    1.00000000e+00
1  4
    1.51300000e+00    1.00000000e+00
1  4
    4.97270000e+01    1.00000000e+00
1  4
    6.63000000e-01    1.00000000e+00
1  5
    2.99500000e+00    1.00000000e+00
1  5
    1.32600000e+00    1.00000000e+00
