44
18  0
    2.11511200e+06    1.50000000e-06
    3.16699700e+05    1.13000000e-05
    7.20757100e+04    5.95000000e-05
    2.04168300e+04    2.51400000e-04
    6.66145800e+03    9.16000000e-04
    2.40518800e+03    2.98600000e-03
    9.38259500e+02    8.88190000e-03
    3.89271000e+02    2.42321000e-02
    1.69849900e+02    6.00301000e-02
    7.72436700e+01    1.31135500e-01
    3.63287400e+01    2.38563200e-01
    1.75738700e+01    3.24307500e-01
    8.69353000e+00    2.64376300e-01
    4.32176900e+00    9.02843000e-02
    1.95952000e+00    7.25830000e-03
    9.03185000e-01    8.28800000e-04
    4.10405000e-01    3.49600000e-04
    1.82024000e-01    4.95000000e-05
1  0
    8.69353000e+00    1.00000000e+00
1  0
    4.32176900e+00    1.00000000e+00
1  0
    1.95952000e+00    1.00000000e+00
1  0
    9.03185000e-01    1.00000000e+00
18  0
    2.11511200e+06   -3.40000000e-07
    3.16699700e+05   -2.62000000e-06
    7.20757100e+04   -1.37800000e-05
    2.04168300e+04   -5.81700000e-05
    6.66145800e+03   -2.12420000e-04
    2.40518800e+03   -6.92810000e-04
    9.38259500e+02   -2.07460000e-03
    3.89271000e+02   -5.70974000e-03
    1.69849900e+02   -1.45356000e-02
    7.72436700e+01   -3.32350000e-02
    3.63287400e+01   -6.70662000e-02
    1.75738700e+01   -1.10984000e-01
    8.69353000e+00   -1.34145690e-01
    4.32176900e+00   -3.87409000e-02
    1.95952000e+00    2.29726550e-01
    9.03185000e-01    4.55727530e-01
    4.10405000e-01    3.77822220e-01
    1.82024000e-01    9.13451500e-02
1  0
    4.10405000e-01    1.00000000e+00
1  0
    1.82024000e-01    1.00000000e+00
1  0
    7.00090000e-02    1.00000000e+00
1  1
    4.40997700e+00    1.00000000e+00
1  1
    2.12837600e+00    1.00000000e+00
1  1
    1.02828800e+00    1.00000000e+00
12  1
    1.68771800e+03    3.46000000e-05
    3.99651700e+02    3.05800000e-04
    1.29826700e+02    1.73130000e-03
    4.95782600e+01    7.29750000e-03
    2.08619300e+01    2.43126000e-02
    9.36556400e+00    6.64341000e-02
    4.40997700e+00    1.44517500e-01
    2.12837600e+00    2.38386700e-01
    1.02828800e+00    2.98533000e-01
    4.90757000e-01    2.81141400e-01
    2.30073000e-01    1.69978100e-01
    1.03766000e-01    3.85819000e-02
1  1
    4.90757000e-01    1.00000000e+00
1  1
    2.30073000e-01    1.00000000e+00
1  1
    1.03766000e-01    1.00000000e+00
1  1
    3.45890000e-02    1.00000000e+00
1  2
    1.26344950e+01    1.00000000e+00
1  2
    6.11247920e+00    1.00000000e+00
1  2
    2.95717430e+00    1.00000000e+00
1  2
    1.43066000e+00    1.00000000e+00
1  2
    6.92143200e-01    1.00000000e+00
1  2
    3.34854000e-01    1.00000000e+00
1  2
    1.33942000e-01    1.00000000e+00
1  3
    1.16443240e+01    1.00000000e+00
1  3
    5.57144690e+00    1.00000000e+00
1  3
    2.66576410e+00    1.00000000e+00
1  3
    1.27548520e+00    1.00000000e+00
1  3
    6.10280000e-01    1.00000000e+00
1  3
    2.54283000e-01    1.00000000e+00
1  4
    8.28639530e+00    1.00000000e+00
1  4
    3.91052160e+00    1.00000000e+00
1  4
    1.84545620e+00    1.00000000e+00
1  4
    8.70909000e-01    1.00000000e+00
1  4
    3.95867700e-01    1.00000000e+00
1  5
    7.76269690e+00    1.00000000e+00
1  5
    3.48103000e+00    1.00000000e+00
1  5
    1.56100000e+00    1.00000000e+00
1  5
    7.80500000e-01    1.00000000e+00
1  6
    5.53000000e+00    1.00000000e+00
1  6
    2.16000000e+00    1.00000000e+00
1  6
    1.08000000e+00    1.00000000e+00
1  7
    4.25600000e+00    1.00000000e+00
1  7
    1.59700000e+00    1.00000000e+00
