19
10  0
    7.48524010e+01   -1.76600000e-03
    4.64012510e+01    1.33560000e-02
    2.88046630e+01   -6.26450000e-02
    1.80179270e+01    1.88172000e-01
    1.13889120e+01   -2.32313000e-01
    5.66839600e+00   -6.71850000e-02
    2.25851600e+00    1.40997000e-01
    1.11849000e+00    4.12275000e-01
    4.98756000e-01    4.55187000e-01
    2.10135000e-01    1.44928000e-01
1  0
    2.36506000e+00    1.00000000e+00
1  0
    8.45490000e-01    1.00000000e+00
1  0
    3.02254000e-01    1.00000000e+00
1  0
    1.17963000e-01    1.00000000e+00
10  1
    6.73117620e+01   -4.60000000e-05
    4.17364410e+01    1.50000000e-03
    2.61583720e+01   -1.90940000e-02
    1.66031770e+01    5.47360000e-02
    9.38610100e+00    5.56710000e-02
    4.08581600e+00    1.77528000e-01
    1.75316700e+00    3.00416000e-01
    7.47504000e-01    3.50016000e-01
    3.13345000e-01    2.63286000e-01
    1.27007000e-01    8.06870000e-02
1  1
    1.78941400e+00    1.00000000e+00
1  1
    6.07420000e-01    1.00000000e+00
1  1
    2.06188000e-01    1.00000000e+00
1  1
    6.49630000e-02    1.00000000e+00
1  2
    4.84460400e+00    1.00000000e+00
1  2
    1.68193500e+00    1.00000000e+00
1  2
    5.83924000e-01    1.00000000e+00
1  2
    1.98734000e-01    1.00000000e+00
1  3
    3.47734500e+00    1.00000000e+00
1  3
    1.13498100e+00    1.00000000e+00
1  3
    4.40790000e-01    1.00000000e+00
1  4
    2.36873500e+00    1.00000000e+00
1  4
    9.09990000e-01    1.00000000e+00
