13
10  0
    7.48524010e+01   -1.76600000e-03
    4.64012510e+01    1.33560000e-02
    2.88046630e+01   -6.26450000e-02
    1.80179270e+01    1.88172000e-01
    1.13889120e+01   -2.32313000e-01
    5.66839600e+00   -6.71850000e-02
    2.25851600e+00    1.40997000e-01
    1.11849000e+00    4.12275000e-01
    4.98756000e-01    4.55187000e-01
    2.10135000e-01    1.44928000e-01
1  0
    2.44128000e+00    1.00000000e+00
1  0
    3.42194000e-01    1.00000000e+00
1  0
    1.53987000e-01    1.00000000e+00
10  1
    6.73117620e+01   -4.60000000e-05
    4.17364410e+01    1.50000000e-03
    2.61583720e+01   -1.90940000e-02
    1.66031770e+01    5.47360000e-02
    9.38610100e+00    5.56710000e-02
    4.08581600e+00    1.77528000e-01
    1.75316700e+00    3.00416000e-01
    7.47504000e-01    3.50016000e-01
    3.13345000e-01    2.63286000e-01
    1.27007000e-01    8.06870000e-02
1  1
    8.40400000e-01    1.00000000e+00
1  1
    2.56405000e-01    1.00000000e+00
1  1
    1.15382000e-01    1.00000000e+00
1  2
    3.09080800e+00    1.00000000e+00
1  2
    8.70099000e-01    1.00000000e+00
1  2
    3.91545000e-01    1.00000000e+00
1  3
    1.90591200e+00    1.00000000e+00
1  3
    8.57660000e-01    1.00000000e+00
