25
9  0
    7.45300000e+04    9.50000000e-05
    1.11700000e+04    7.38000000e-04
    2.54300000e+03    3.85800000e-03
    7.21000000e+02    1.59260000e-02
    2.35900000e+02    5.42890000e-02
    8.56000000e+01    1.49513000e-01
    3.35500000e+01    3.08252000e-01
    1.39300000e+01    3.94853000e-01
    5.91500000e+00    2.11031000e-01
9  0
    7.45300000e+04   -2.20000000e-05
    1.11700000e+04   -1.72000000e-04
    2.54300000e+03   -8.91000000e-04
    7.21000000e+02   -3.74800000e-03
    2.35900000e+02   -1.28620000e-02
    8.56000000e+01   -3.80610000e-02
    3.35500000e+01   -8.62390000e-02
    1.39300000e+01   -1.55865000e-01
    5.91500000e+00   -1.10914000e-01
1  0
    1.84300000e+00    1.00000000e+00
1  0
    7.12400000e-01    1.00000000e+00
1  0
    2.63700000e-01    1.00000000e+00
1  0
    8.59400000e-02    1.00000000e+00
1  0
    2.80000000e-02    1.00000000e+00
3  1
    8.03900000e+01    6.34700000e-03
    1.86300000e+01    4.42040000e-02
    5.69400000e+00    1.68514000e-01
1  1
    1.95300000e+00    1.00000000e+00
1  1
    6.70200000e-01    1.00000000e+00
1  1
    2.16600000e-01    1.00000000e+00
1  1
    6.56800000e-02    1.00000000e+00
1  1
    1.99000000e-02    1.00000000e+00
1  2
    5.01400000e+00    1.00000000e+00
1  2
    1.72500000e+00    1.00000000e+00
1  2
    5.86000000e-01    1.00000000e+00
1  2
    2.07000000e-01    1.00000000e+00
1  2
    7.31000000e-02    1.00000000e+00
1  3
    3.56200000e+00    1.00000000e+00
1  3
    1.14800000e+00    1.00000000e+00
1  3
    4.60000000e-01    1.00000000e+00
1  3
    1.84000000e-01    1.00000000e+00
1  4
    2.37600000e+00    1.00000000e+00
1  4
    9.24000000e-01    1.00000000e+00
1  4
    3.59000000e-01    1.00000000e+00
