11
6  0
    3.54791004e+04    2.15450149e-04
    5.31847290e+03    1.67006865e-03
    1.21048110e+03    8.67332115e-03
    3.42855181e+02    3.50499332e-02
    1.12019432e+02    1.11653201e-01
    4.07147402e+01    2.59885066e-01
2  0
    1.60396781e+01    3.94229669e-01
    6.50381867e+00    2.49982386e-01
1  0
    1.54404775e+00    1.00000000e+00
1  0
    6.12234529e-01    1.00000000e+00
1  0
    2.40279797e-01    1.00000000e+00
4  1
    8.02339005e+01    6.36859991e-03
    1.85940107e+01    4.43031435e-02
    5.68679027e+00    1.68672487e-01
    1.95110063e+00    3.61663463e-01
1  1
    6.69702113e-01    1.00000000e+00
1  1
    2.16513004e-01    1.00000000e+00
1  2
    3.10700000e+00    1.00000000e+00
1  2
    8.55000000e-01    1.00000000e+00
1  3
    1.91700000e+00    1.00000000e+00
