17
8  0
    1.32535973e+05    4.73874827e-05
    1.97581126e+04    3.70701209e-04
    4.48519969e+03    1.94507847e-03
    1.27381510e+03    8.05732920e-03
    4.18938312e+02    2.79928808e-02
    1.52557220e+02    8.27351202e-02
    5.98215248e+01    1.98541690e-01
    2.48190769e+01    3.48606322e-01
2  0
    1.00744467e+02    1.05050688e-01
    3.01037283e+01    9.40684724e-01
1  0
    1.08142833e+01    1.00000000e+00
1  0
    4.81728868e+00    1.00000000e+00
1  0
    1.65593342e+00    1.00000000e+00
1  0
    6.48935196e-01    1.00000000e+00
1  0
    2.47781045e-01    1.00000000e+00
5  1
    2.40966541e+02    3.03899335e-03
    5.70206998e+01    2.43577386e-02
    1.81269521e+01    1.14429258e-01
    6.64574046e+00    3.70646599e-01
    2.63757229e+00    7.97915518e-01
1  1
    1.06382172e+00    1.00000000e+00
1  1
    4.19325628e-01    1.00000000e+00
1  1
    1.57475883e-01    1.00000000e+00
1  2
    5.01400000e+00    1.00000000e+00
1  2
    1.72500000e+00    1.00000000e+00
1  2
    5.86000000e-01    1.00000000e+00
1  3
    3.56200000e+00    1.00000000e+00
1  3
    1.14800000e+00    1.00000000e+00
1  4
    2.37600000e+00    1.00000000e+00
