F nelec 2
F ul
1 12.89214728 7.00000000
2 20.88013165 755.86090974
2 12.65455117 -689.79490183
2 18.97326463 -1406.93476145
2 14.88225664 1319.74038541
3 9.47827462 90.24503097
F s
2 10.74189829 6988.99051508
2 11.07441348 -10522.47783798
2 13.39936965 68426.75127222
2 13.55132121 -65647.64009153
2 17.16963272 901.29566448
2 10.35161190 -123.91760964
F p
2 10.32378159 -358.47443046
2 12.88122899 2283.81240878
2 15.14135899 -3454.24444293
2 19.25531673 2057.97947277
2 25.33643186 -1069.26724027
2 26.76721049 524.85208644
