20
9  0
    3.96439000e+05    2.19017000e-05
    5.93771000e+04    1.70257000e-04
    1.35140000e+04    8.94910000e-04
    3.82771000e+03    3.77107000e-03
    1.24874000e+03    1.36243000e-02
    4.50873000e+02    4.33593000e-02
    1.76024000e+02    1.20740000e-01
    7.38615000e+01    2.69907000e-01
    2.75355000e+01    5.00000000e-01
3  0
    4.11896000e+01    1.05405000e-01
    1.25741000e+01    5.00000000e-01
    5.50631000e+00    2.66435000e-01
1  0
    1.74774000e+00    1.00000000e+00
1  0
    6.69105000e-01    1.00000000e+00
1  0
    2.40012000e-01    1.00000000e+00
3  1
    2.33042000e+03    2.86090000e-03
    3.58526000e+02    5.71724000e-02
    8.46998000e+01    5.00000000e-01
1  1
    2.68415000e+01    1.00000000e+00
1  1
    1.01837000e+01    1.00000000e+00
1  1
    4.17654000e+00    1.00000000e+00
1  1
    1.77542000e+00    1.00000000e+00
1  1
    7.41685000e-01    1.00000000e+00
1  1
    2.94241000e-01    1.00000000e+00
1  1
    1.09976000e-01    1.00000000e+00
1  2
    8.40000000e+00    1.00000000e+00
1  2
    2.60000000e+00    1.00000000e+00
1  2
    1.00000000e+00    1.00000000e+00
1  2
    3.50000000e-01    1.00000000e+00
1  3
    2.60000000e+00    1.00000000e+00
1  3
    1.05000000e+00    1.00000000e+00
1  4
    1.70000000e+00    1.00000000e+00
