27
12  0
    1.49245000e+06    4.21068000e-06
    2.23504000e+05    3.27369000e-05
    5.08888000e+04    1.72056000e-04
    1.44232000e+04    7.26324000e-04
    4.70747000e+03    2.64471000e-03
    1.69946000e+03    8.61267000e-03
    6.62675000e+02    2.55075000e-02
    2.74932000e+02    6.85895000e-02
    1.20974000e+02    1.51186000e-01
    5.51040000e+01    3.22315000e-01
    2.35154000e+01    5.00000000e-01
    1.05009000e+01    2.35433000e-01
4  0
    1.08252000e+02    2.08399000e-02
    3.25577000e+01    1.91120000e-01
    1.20150000e+01    6.12293000e-01
    5.41101000e+00    5.00000000e-01
1  0
    2.29993000e+00    1.00000000e+00
1  0
    1.02395000e+00    1.00000000e+00
1  0
    4.40933000e-01    1.00000000e+00
1  0
    1.82580000e-01    1.00000000e+00
4  1
    6.72380000e+03    4.80144000e-04
    1.03443000e+03    9.75717000e-03
    2.44865000e+02    8.94716000e-02
    7.88732000e+01    5.00000000e-01
1  1
    2.96998000e+01    1.00000000e+00
1  1
    1.30075000e+01    1.00000000e+00
1  1
    5.83556000e+00    1.00000000e+00
1  1
    2.71095000e+00    1.00000000e+00
1  1
    1.25029000e+00    1.00000000e+00
1  1
    5.58399000e-01    1.00000000e+00
1  1
    2.35082000e-01    1.00000000e+00
1  1
    9.36416000e-02    1.00000000e+00
1  2
    2.55000000e+01    1.00000000e+00
1  2
    8.00000000e+00    1.00000000e+00
1  2
    3.20000000e+00    1.00000000e+00
1  2
    1.45000000e+00    1.00000000e+00
1  2
    6.50000000e-01    1.00000000e+00
1  2
    2.50000000e-01    1.00000000e+00
1  3
    3.10000000e+00    1.00000000e+00
1  3
    1.35000000e+00    1.00000000e+00
1  3
    6.00000000e-01    1.00000000e+00
1  4
    3.60000000e+00    1.00000000e+00
1  4
    1.55000000e+00    1.00000000e+00
1  5
    2.15000000e+00    1.00000000e+00
