12
7  0
    1.74507000e+04    6.55972000e-04
    2.61768000e+03    5.06944000e-03
    5.95857000e+02    2.59899000e-02
    1.68651000e+02    1.00353000e-01
    5.46654000e+01    2.84095000e-01
    1.93717000e+01    5.00000000e-01
    7.06202000e+00    3.70721000e-01
2  0
    1.31197000e+01   -1.01997000e-01
    1.45046000e+00    5.00000000e-01
1  0
    5.88255000e-01    1.00000000e+00
1  0
    2.27960000e-01    1.00000000e+00
3  1
    5.06615000e+02    3.69470000e-03
    7.79407000e+01    6.73420000e-02
    1.80425000e+01    5.00000000e-01
1  1
    5.42342000e+00    1.00000000e+00
1  1
    1.84876000e+00    1.00000000e+00
1  1
    6.17455000e-01    1.00000000e+00
1  1
    1.85496000e-01    1.00000000e+00
1  2
    2.80000000e+00    1.00000000e+00
1  2
    8.00000000e-01    1.00000000e+00
1  3
    1.20000000e+00    1.00000000e+00
