24
1  0
    2.28446166e+03    1.00000000e+00
1  0
    8.92164632e+02    1.00000000e+00
1  0
    3.60940379e+02    1.00000000e+00
1  0
    1.50874523e+02    1.00000000e+00
1  0
    6.49701588e+01    1.00000000e+00
1  0
    2.87294058e+01    1.00000000e+00
1  0
    1.29995058e+01    1.00000000e+00
1  0
    5.99615688e+00    1.00000000e+00
1  0
    2.80816844e+00    1.00000000e+00
1  0
    1.32969713e+00    1.00000000e+00
1  0
    6.33833810e-01    1.00000000e+00
1  0
    3.02807580e-01    1.00000000e+00
1  1
    4.93740409e+01    1.00000000e+00
1  1
    1.34874956e+01    1.00000000e+00
1  1
    3.96649000e+00    1.00000000e+00
1  1
    1.22266290e+00    1.00000000e+00
1  1
    3.83031700e-01    1.00000000e+00
1  2
    1.47232695e+01    1.00000000e+00
1  2
    4.56162948e+00    1.00000000e+00
1  2
    1.61171361e+00    1.00000000e+00
1  2
    5.97406132e-01    1.00000000e+00
1  3
    2.83018770e+00    1.00000000e+00
1  3
    9.15596200e-01    1.00000000e+00
1  4
    1.60975000e+00    1.00000000e+00
