22
12  0
    4.17931519e+01    1.33630000e-02
    2.14479766e+01   -2.25831000e-01
    1.35059800e+01    1.09230200e+00
    9.47978339e+00   -1.37923800e+00
    4.48116767e+00    1.83004000e-01
    2.00533715e+00    3.77557000e-01
    1.21557711e+00    5.91529000e-01
    5.20429550e-01    2.36703000e-01
    2.41201530e-01   -2.98540000e-02
    1.11424340e-01    2.04800000e-02
    5.21372400e-02   -6.82800000e-03
    2.41985800e-02    2.60400000e-03
12  0
    4.17931519e+01   -2.03400000e-03
    2.14479766e+01    4.18100000e-02
    1.35059800e+01   -2.22650000e-01
    9.47978339e+00    2.96462000e-01
    4.48116767e+00   -3.92610000e-02
    2.00533715e+00   -9.07270000e-02
    1.21557711e+00   -2.30375000e-01
    5.20429550e-01   -1.97211000e-01
    2.41201530e-01    1.11234000e-01
    1.11424340e-01    4.39139000e-01
    5.21372400e-02    5.16418000e-01
    2.41985800e-02    1.26845000e-01
12  0
    4.17931519e+01   -4.62400000e-03
    2.14479766e+01    1.39122000e-01
    1.35059800e+01   -8.86290000e-01
    9.47978339e+00    1.34249100e+00
    4.48116767e+00   -3.86645000e-01
    2.00533715e+00   -1.28913600e+00
    1.21557711e+00    2.03208000e-01
    5.20429550e-01    5.87093000e-01
    2.41201530e-01    7.54990000e-01
    1.11424340e-01    1.48125000e-01
    5.21372400e-02   -5.71410000e-01
    2.41985800e-02   -3.18371000e-01
12  0
    4.17931519e+01   -3.08500000e-03
    2.14479766e+01    1.57954000e-01
    1.35059800e+01   -1.17601900e+00
    9.47978339e+00    1.97418700e+00
    4.48116767e+00   -9.63904000e-01
    2.00533715e+00   -2.38589200e+00
    1.21557711e+00    2.08010500e+00
    5.20429550e-01    1.41502600e+00
    2.41201530e-01   -1.19184600e+00
    1.11424340e-01   -1.00709100e+00
    5.21372400e-02    5.54221000e-01
    2.41985800e-02    5.93340000e-01
1  0
    2.41985800e-02    1.00000000e+00
1  0
    1.12313400e-02    1.00000000e+00
12  1
    6.61910524e+01    3.20000000e-04
    3.45807458e+01   -3.14200000e-03
    1.77778138e+01    2.97070000e-02
    9.38371315e+00   -1.52873000e-01
    5.85185491e+00    9.46270000e-02
    3.39352009e+00    2.27547000e-01
    1.80084269e+00    4.48024000e-01
    8.83490570e-01    3.18306000e-01
    4.53761950e-01    9.76820000e-02
    1.88646250e-01    1.23140000e-02
    7.75662300e-02   -1.00400000e-03
    3.18931300e-02    4.74000000e-04
12  1
    6.61910524e+01   -1.80000000e-05
    3.45807458e+01    4.16000000e-04
    1.77778138e+01   -5.91100000e-03
    9.38371315e+00    3.55500000e-02
    5.85185491e+00   -2.59620000e-02
    3.39352009e+00   -5.97810000e-02
    1.80084269e+00   -1.22371000e-01
    8.83490570e-01   -1.02075000e-01
    4.53761950e-01    3.98810000e-02
    1.88646250e-01    3.46137000e-01
    7.75662300e-02    5.28115000e-01
    3.18931300e-02    2.37416000e-01
12  1
    6.61910524e+01   -8.61000000e-04
    3.45807458e+01    2.74800000e-03
    1.77778138e+01    1.59300000e-02
    9.38371315e+00   -2.09763000e-01
    5.85185491e+00    1.79034000e-01
    3.39352009e+00    8.14145000e-01
    1.80084269e+00    3.85500000e-02
    8.83490570e-01   -8.75838000e-01
    4.53761950e-01   -3.47460000e-01
    1.88646250e-01    6.31788000e-01
    7.75662300e-02    3.99045000e-01
    3.18931300e-02    3.56100000e-03
12  1
    6.61910524e+01   -1.60700000e-03
    3.45807458e+01    6.22600000e-03
    1.77778138e+01    2.54830000e-02
    9.38371315e+00   -5.40410000e-01
    5.85185491e+00    1.16772000e+00
    3.39352009e+00    7.72818000e-01
    1.80084269e+00   -1.57266700e+00
    8.83490570e-01   -6.12630000e-01
    4.53761950e-01    1.56124500e+00
    1.88646250e-01   -1.07594000e-01
    7.75662300e-02   -6.46326000e-01
    3.18931300e-02    2.09600000e-03
1  1
    3.18931300e-02    1.00000000e+00
1  1
    1.31135800e-02    1.00000000e+00
10  2
    5.82168591e+01    3.11000000e-04
    2.49680615e+01   -1.03860000e-02
    1.24441370e+01    1.26915000e-01
    5.48395408e+00    1.66806000e-01
    2.79137309e+00    2.62721000e-01
    1.34407118e+00    3.16542000e-01
    6.12306510e-01    2.80074000e-01
    2.70954610e-01    1.58069000e-01
    1.28113740e-01    4.90280000e-02
    5.90440500e-02    8.36900000e-03
10  2
    5.82168591e+01    3.74000000e-04
    2.49680615e+01    7.40100000e-03
    1.24441370e+01   -1.29580000e-01
    5.48395408e+00   -2.33171000e-01
    2.79137309e+00   -3.87571000e-01
    1.34407118e+00   -5.65860000e-02
    6.12306510e-01    3.39380000e-01
    2.70954610e-01    4.03227000e-01
    1.28113740e-01    2.04010000e-01
    5.90440500e-02    4.62910000e-02
10  2
    5.82168591e+01   -1.71600000e-03
    2.49680615e+01   -5.51000000e-04
    1.24441370e+01    1.30748000e-01
    5.48395408e+00    4.29828000e-01
    2.79137309e+00    2.59447000e-01
    1.34407118e+00   -6.84658000e-01
    6.12306510e-01   -3.96877000e-01
    2.70954610e-01    3.49872000e-01
    1.28113740e-01    4.28900000e-01
    5.90440500e-02    1.13763000e-01
1  2
    5.90440500e-02    1.00000000e+00
1  2
    2.72117500e-02    1.00000000e+00
1  3
    3.75944300e+00    1.00000000e+00
1  3
    1.02831600e+00    1.00000000e+00
1  3
    2.81274050e-01    1.00000000e+00
1  4
    3.34780600e+00    1.00000000e+00
1  4
    9.15721390e-01    1.00000000e+00
