70
1  0
    4.23844000e+02    1.00000000e+00
1  0
    1.86610000e+02    1.00000000e+00
1  0
    8.23759000e+01    1.00000000e+00
1  0
    3.51298000e+01    1.00000000e+00
1  0
    1.52303000e+01    1.00000000e+00
1  0
    8.10932000e+00    1.00000000e+00
1  0
    4.47984000e+00    1.00000000e+00
1  0
    2.23245000e+00    1.00000000e+00
1  0
    1.10913000e+00    1.00000000e+00
1  0
    6.91657000e-01    1.00000000e+00
1  0
    2.63430000e-01    1.00000000e+00
1  0
    1.04430000e-01    1.00000000e+00
1  0
    7.27640000e-02    1.00000000e+00
1  0
    5.06990000e-02    1.00000000e+00
1  1
    1.55106000e+02    1.00000000e+00
1  1
    6.93054000e+01    1.00000000e+00
1  1
    2.81861000e+01    1.00000000e+00
1  1
    1.34105000e+01    1.00000000e+00
1  1
    8.55248000e+00    1.00000000e+00
1  1
    4.82025000e+00    1.00000000e+00
1  1
    1.62355000e+00    1.00000000e+00
1  1
    9.49573000e-01    1.00000000e+00
1  1
    6.42584000e-01    1.00000000e+00
1  1
    3.14726000e-01    1.00000000e+00
1  1
    1.30363000e-01    1.00000000e+00
1  1
    7.60120000e-02    1.00000000e+00
1  1
    4.43210000e-02    1.00000000e+00
1  2
    1.32775000e+02    1.00000000e+00
1  2
    2.30075000e+01    1.00000000e+00
1  2
    9.79015000e+00    1.00000000e+00
1  2
    4.41534000e+00    1.00000000e+00
1  2
    3.14007000e+00    1.00000000e+00
1  2
    1.31100000e+00    1.00000000e+00
1  2
    8.77267000e-01    1.00000000e+00
1  2
    4.14122000e-01    1.00000000e+00
1  2
    2.10723000e-01    1.00000000e+00
1  2
    1.01478000e-01    1.00000000e+00
1  2
    4.88690000e-02    1.00000000e+00
1  3
    4.68343000e+01    1.00000000e+00
1  3
    1.19976000e+01    1.00000000e+00
1  3
    6.65497000e+00    1.00000000e+00
1  3
    2.97383000e+00    1.00000000e+00
1  3
    1.91787000e+00    1.00000000e+00
1  3
    9.10523000e-01    1.00000000e+00
1  3
    5.83729000e-01    1.00000000e+00
1  3
    3.29762000e-01    1.00000000e+00
1  3
    1.61510000e-01    1.00000000e+00
1  3
    7.91040000e-02    1.00000000e+00
1  4
    3.07728000e+01    1.00000000e+00
1  4
    1.07782000e+01    1.00000000e+00
1  4
    4.65121000e+00    1.00000000e+00
1  4
    2.11153000e+00    1.00000000e+00
1  4
    1.13145000e+00    1.00000000e+00
1  4
    4.47746000e-01    1.00000000e+00
1  4
    2.09083000e-01    1.00000000e+00
1  4
    9.76350000e-02    1.00000000e+00
1  5
    1.99567000e+01    1.00000000e+00
1  5
    8.29663000e+00    1.00000000e+00
1  5
    3.30886000e+00    1.00000000e+00
1  5
    1.97183000e+00    1.00000000e+00
1  5
    8.51011000e-01    1.00000000e+00
1  5
    3.67284000e-01    1.00000000e+00
1  6
    8.80584000e+00    1.00000000e+00
1  6
    5.02456000e+00    1.00000000e+00
1  6
    2.06990000e+00    1.00000000e+00
1  6
    1.18606000e+00    1.00000000e+00
1  6
    6.79613000e-01    1.00000000e+00
1  7
    6.75317000e+00    1.00000000e+00
1  7
    3.38138000e+00    1.00000000e+00
1  7
    1.69309000e+00    1.00000000e+00
