32
21  0
    1.32771400e+07    1.97651100e-06
    1.98788800e+06    1.53691200e-05
    4.52387100e+05    8.08557100e-05
    1.28143700e+05    3.41525300e-04
    4.18091700e+04    1.24388300e-03
    1.50953300e+04    4.04754700e-03
    5.88843800e+03    1.19884800e-02
    2.44287600e+03    3.23735800e-02
    1.06585700e+03    7.85482800e-02
    4.84909600e+02    1.63739600e-01
    2.28458500e+02    2.68733500e-01
    1.10745300e+02    2.89631700e-01
    5.44311600e+01    1.55423500e-01
    2.50109600e+01    6.28433100e-02
    1.25926200e+01    9.92797200e-02
    6.32320200e+00    6.93144400e-02
    2.88338400e+00    8.88566600e-03
    1.38286800e+00   -2.77620000e-04
    6.32201000e-01    1.27159000e-06
    1.49238000e-01   -1.53775900e-05
    6.84940000e-02    2.55233900e-05
21  0
    1.32771400e+07   -1.02018500e-06
    1.98788800e+06   -7.93534700e-06
    4.52387100e+05   -4.17330900e-05
    1.28143700e+05   -1.76424900e-04
    4.18091700e+04   -6.42637900e-04
    1.50953300e+04   -2.09744000e-03
    5.88843800e+03   -6.23875000e-03
    2.44287600e+03   -1.70749200e-02
    1.06585700e+03   -4.24857000e-02
    4.84909600e+02   -9.39229400e-02
    2.28458500e+02   -1.73055400e-01
    1.10745300e+02   -2.38662600e-01
    5.44311600e+01   -1.62397100e-01
    2.50109600e+01    1.86934500e-01
    1.25926200e+01    5.49568600e-01
    6.32320200e+00    3.72311800e-01
    2.88338400e+00    5.05706500e-02
    1.38286800e+00   -4.07264500e-03
    6.32201000e-01   -2.73219900e-04
    1.49238000e-01   -2.61229600e-04
    6.84940000e-02    2.54739300e-04
21  0
    1.32771400e+07    2.34032200e-07
    1.98788800e+06    1.82172700e-06
    4.52387100e+05    9.57131500e-06
    1.28143700e+05    4.05265200e-05
    4.18091700e+04    1.47453100e-04
    1.50953300e+04    4.83033300e-04
    5.88843800e+03    1.43860900e-03
    2.44287600e+03    3.98391500e-03
    1.06585700e+03    1.00635500e-02
    4.84909600e+02    2.32061000e-02
    2.28458500e+02    4.56678000e-02
    1.10745300e+02    7.16932200e-02
    5.44311600e+01    5.42101800e-02
    2.50109600e+01   -9.16377600e-02
    1.25926200e+01   -3.69321900e-01
    6.32320200e+00   -3.61603300e-01
    2.88338400e+00    2.73419100e-01
    1.38286800e+00    6.88909000e-01
    6.32201000e-01    3.29417900e-01
    1.49238000e-01    1.55868700e-02
    6.84940000e-02   -4.16104900e-03
21  0
    1.32771400e+07   -5.06229700e-08
    1.98788800e+06   -3.94058600e-07
    4.52387100e+05   -2.07034000e-06
    1.28143700e+05   -8.76640600e-06
    4.18091700e+04   -3.18953700e-05
    1.50953300e+04   -1.04491100e-04
    5.88843800e+03   -3.11211300e-04
    2.44287600e+03   -8.62018100e-04
    1.06585700e+03   -2.17812900e-03
    4.84909600e+02   -5.02697000e-03
    2.28458500e+02   -9.90811300e-03
    1.10745300e+02   -1.56135700e-02
    5.44311600e+01   -1.18773100e-02
    2.50109600e+01    2.03124600e-02
    1.25926200e+01    8.56029100e-02
    6.32320200e+00    8.70271700e-02
    2.88338400e+00   -7.75819700e-02
    1.38286800e+00   -2.21491900e-01
    6.32201000e-01   -2.19626300e-01
    1.49238000e-01    2.86989300e-01
    6.84940000e-02    5.92743400e-01
21  0
    1.32771400e+07   -9.95795200e-08
    1.98788800e+06   -7.92550600e-07
    4.52387100e+05   -4.03163500e-06
    1.28143700e+05   -1.78093800e-05
    4.18091700e+04   -6.14201000e-05
    1.50953300e+04   -2.14730000e-04
    5.88843800e+03   -5.91254400e-04
    2.44287600e+03   -1.79719300e-03
    1.06585700e+03   -4.06108900e-03
    4.84909600e+02   -1.07341900e-02
    2.28458500e+02   -1.77346400e-02
    1.10745300e+02   -3.58633800e-02
    5.44311600e+01   -1.37400200e-02
    2.50109600e+01    1.64532400e-02
    1.25926200e+01    2.32274900e-01
    6.32320200e+00    9.25680200e-02
    2.88338400e+00   -3.32295700e-02
    1.38286800e+00   -9.86029000e-01
    6.32201000e-01    4.04644500e-01
    1.49238000e-01    1.68888900e+00
    6.84940000e-02   -8.47909300e-01
21  0
    1.32771400e+07   -1.67801300e-07
    1.98788800e+06   -1.33700400e-06
    4.52387100e+05   -6.79024900e-06
    1.28143700e+05   -3.00587100e-05
    4.18091700e+04   -1.03389900e-04
    1.50953300e+04   -3.62636500e-04
    5.88843800e+03   -9.94735900e-04
    2.44287600e+03   -3.03813400e-03
    1.06585700e+03   -6.83109500e-03
    4.84909600e+02   -1.81917200e-02
    2.28458500e+02   -2.98757500e-02
    1.10745300e+02   -6.12907600e-02
    5.44311600e+01   -2.30259400e-02
    2.50109600e+01    2.70167100e-02
    1.25926200e+01    4.22996700e-01
    6.32320200e+00    2.15308800e-01
    2.88338400e+00   -4.34316400e-01
    1.38286800e+00   -1.95034800e+00
    6.32201000e-01    2.72023300e+00
    1.49238000e-01   -6.12324100e-01
    6.84940000e-02   -1.46832900e+00
21  0
    1.32771400e+07   -1.97919000e-07
    1.98788800e+06   -1.45445800e-06
    4.52387100e+05   -8.29689200e-06
    1.28143700e+05   -3.14767800e-05
    4.18091700e+04   -1.31250500e-04
    1.50953300e+04   -3.63185100e-04
    5.88843800e+03   -1.32110300e-03
    2.44287600e+03   -2.87434500e-03
    1.06585700e+03   -9.65566700e-03
    4.84909600e+02   -1.56507800e-02
    2.28458500e+02   -4.81821000e-02
    1.10745300e+02   -3.80194500e-02
    5.44311600e+01   -9.78966400e-02
    2.50109600e+01    1.99089800e-01
    1.25926200e+01    2.02001300e-01
    6.32320200e+00    9.77606400e-01
    2.88338400e+00   -3.00357900e+00
    1.38286800e+00    1.80166200e+00
    6.32201000e-01    9.74797100e-01
    1.49238000e-01   -3.89755700e+00
    6.84940000e-02    5.22790900e+00
1  0
    3.03810000e-02    1.00000000e+00
1  0
    1.34800000e-02    1.00000000e+00
17  1
    3.82820500e+04    1.10000000e-05
    9.06155600e+03    9.70000000e-05
    2.94445000e+03    5.66000000e-04
    1.12815800e+03    2.57500000e-03
    4.80338000e+02    9.67600000e-03
    2.20136800e+02    3.06440000e-02
    1.06548200e+02    8.15530000e-02
    5.37426200e+01    1.75245000e-01
    2.78631800e+01    2.88465000e-01
    1.47438200e+01    3.30734000e-01
    7.89335100e+00    2.12770000e-01
    4.17949700e+00    5.62030000e-02
    2.16566900e+00    1.80700000e-03
    1.09724000e+00   -1.99900000e-03
    5.36085000e-01   -1.15500000e-03
    2.02374000e-01   -7.90000000e-05
    8.17420000e-02   -3.00000000e-06
17  1
    3.82820500e+04   -4.00000000e-06
    9.06155600e+03   -3.40000000e-05
    2.94445000e+03   -1.99000000e-04
    1.12815800e+03   -9.11000000e-04
    4.80338000e+02   -3.43700000e-03
    2.20136800e+02   -1.10420000e-02
    1.06548200e+02   -3.00610000e-02
    5.37426200e+01   -6.70490000e-02
    2.78631800e+01   -1.15070000e-01
    1.47438200e+01   -1.39917000e-01
    7.89335100e+00   -4.94800000e-02
    4.17949700e+00    1.91709000e-01
    2.16566900e+00    4.03012000e-01
    1.09724000e+00    3.80717000e-01
    5.36085000e-01    1.69305000e-01
    2.02374000e-01    1.78720000e-02
    8.17420000e-02   -1.43300000e-03
17  1
    3.82820500e+04    1.00000000e-06
    9.06155600e+03    7.00000000e-06
    2.94445000e+03    4.40000000e-05
    1.12815800e+03    1.97000000e-04
    4.80338000e+02    7.51000000e-04
    2.20136800e+02    2.39100000e-03
    1.06548200e+02    6.59500000e-03
    5.37426200e+01    1.45700000e-02
    2.78631800e+01    2.55290000e-02
    1.47438200e+01    3.04850000e-02
    7.89335100e+00    1.08530000e-02
    4.17949700e+00   -5.23850000e-02
    2.16566900e+00   -1.03271000e-01
    1.09724000e+00   -1.21241000e-01
    5.36085000e-01    8.40000000e-04
    2.02374000e-01    3.27288000e-01
    8.17420000e-02    5.44226000e-01
17  1
    3.82820500e+04    1.00000000e-06
    9.06155600e+03    1.10000000e-05
    2.94445000e+03    6.60000000e-05
    1.12815800e+03    2.95000000e-04
    4.80338000e+02    1.13400000e-03
    2.20136800e+02    3.58500000e-03
    1.06548200e+02    9.95000000e-03
    5.37426200e+01    2.18100000e-02
    2.78631800e+01    3.86610000e-02
    1.47438200e+01    4.56280000e-02
    7.89335100e+00    1.79580000e-02
    4.17949700e+00   -8.15930000e-02
    2.16566900e+00   -1.58194000e-01
    1.09724000e+00   -1.89071000e-01
    5.36085000e-01    4.46210000e-02
    2.02374000e-01    6.11692000e-01
    8.17420000e-02    4.46170000e-01
17  1
    3.82820500e+04    3.00000000e-06
    9.06155600e+03    2.20000000e-05
    2.94445000e+03    1.47000000e-04
    1.12815800e+03    5.98000000e-04
    4.80338000e+02    2.52700000e-03
    2.20136800e+02    7.26000000e-03
    1.06548200e+02    2.23000000e-02
    5.37426200e+01    4.35920000e-02
    2.78631800e+01    8.98240000e-02
    1.47438200e+01    8.63280000e-02
    7.89335100e+00    7.97000000e-02
    4.17949700e+00   -2.94309000e-01
    2.16566900e+00   -4.04643000e-01
    1.09724000e+00   -3.24202000e-01
    5.36085000e-01    1.18983700e+00
    2.02374000e-01    2.28098000e-01
    8.17420000e-02   -8.47434000e-01
17  1
    3.82820500e+04   -3.00000000e-06
    9.06155600e+03   -3.30000000e-05
    2.94445000e+03   -1.78000000e-04
    1.12815800e+03   -8.80000000e-04
    4.80338000e+02   -3.07500000e-03
    2.20136800e+02   -1.07140000e-02
    1.06548200e+02   -2.69530000e-02
    5.37426200e+01   -6.62790000e-02
    2.78631800e+01   -1.01144000e-01
    1.47438200e+01   -1.70467000e-01
    7.89335100e+00   -8.37750000e-02
    4.17949700e+00    6.05649000e-01
    2.16566900e+00    9.57239000e-01
    1.09724000e+00   -1.73483600e+00
    5.36085000e-01   -9.78650000e-02
    2.02374000e-01    1.57481300e+00
    8.17420000e-02   -1.08181700e+00
1  1
    3.26620000e-02    1.00000000e+00
1  1
    1.30500000e-02    1.00000000e+00
10  2
    3.38506000e+02    3.56000000e-04
    1.01492000e+02    3.22900000e-03
    3.91867000e+01    1.64140000e-02
    1.69034000e+01    5.51330000e-02
    7.76296000e+00    1.37502000e-01
    3.69887000e+00    2.42595000e-01
    1.75963000e+00    3.08523000e-01
    8.16651000e-01    2.99814000e-01
    3.63821000e-01    2.15048000e-01
    1.52541000e-01    9.25770000e-02
10  2
    3.38506000e+02   -3.91000000e-04
    1.01492000e+02   -3.57600000e-03
    3.91867000e+01   -1.81910000e-02
    1.69034000e+01   -6.20900000e-02
    7.76296000e+00   -1.59287000e-01
    3.69887000e+00   -2.69776000e-01
    1.75963000e+00   -2.38997000e-01
    8.16651000e-01    6.19850000e-02
    3.63821000e-01    4.13657000e-01
    1.52541000e-01    4.34878000e-01
10  2
    3.38506000e+02   -5.65000000e-04
    1.01492000e+02   -5.18500000e-03
    3.91867000e+01   -2.66110000e-02
    1.69034000e+01   -9.30790000e-02
    7.76296000e+00   -2.48297000e-01
    3.69887000e+00   -3.49823000e-01
    1.75963000e+00    3.69220000e-02
    8.16651000e-01    6.49472000e-01
    3.63821000e-01    2.34238000e-01
    1.52541000e-01   -6.09745000e-01
10  2
    3.38506000e+02   -8.16000000e-04
    1.01492000e+02   -7.12400000e-03
    3.91867000e+01   -3.85600000e-02
    1.69034000e+01   -1.33567000e-01
    7.76296000e+00   -4.15211000e-01
    3.69887000e+00   -2.79369000e-01
    1.75963000e+00    9.27665000e-01
    8.16651000e-01    1.85589000e-01
    3.63821000e-01   -1.07961600e+00
    1.52541000e-01    4.19709000e-01
1  2
    5.79910000e-02    1.00000000e+00
1  2
    2.20500000e-02    1.00000000e+00
1  3
    5.19820000e+00    1.00000000e+00
1  3
    1.55040000e+00    1.00000000e+00
1  3
    4.62400000e-01    1.00000000e+00
1  3
    1.55140000e-01    1.00000000e+00
1  4
    3.79440000e+00    1.00000000e+00
1  4
    1.06680000e+00    1.00000000e+00
1  4
    4.07380000e-01    1.00000000e+00
1  5
    2.38420000e+00    1.00000000e+00
1  5
    9.58780000e-01    1.00000000e+00
