81
1  0
    4.11189000e+02    1.00000000e+00
1  0
    2.19344000e+02    1.00000000e+00
1  0
    9.22630000e+01    1.00000000e+00
1  0
    3.89379000e+01    1.00000000e+00
1  0
    1.47748000e+01    1.00000000e+00
1  0
    6.78102000e+00    1.00000000e+00
1  0
    3.64406000e+00    1.00000000e+00
1  0
    1.99160000e+00    1.00000000e+00
1  0
    9.06271000e-01    1.00000000e+00
1  0
    5.03852000e-01    1.00000000e+00
1  0
    2.30776000e-01    1.00000000e+00
1  0
    1.15846000e-01    1.00000000e+00
1  0
    7.84530000e-02    1.00000000e+00
1  0
    5.31290000e-02    1.00000000e+00
1  1
    1.58362000e+02    1.00000000e+00
1  1
    7.09705000e+01    1.00000000e+00
1  1
    2.76364000e+01    1.00000000e+00
1  1
    1.17256000e+01    1.00000000e+00
1  1
    5.97690000e+00    1.00000000e+00
1  1
    2.73978000e+00    1.00000000e+00
1  1
    1.48542000e+00    1.00000000e+00
1  1
    8.99170000e-01    1.00000000e+00
1  1
    6.14601000e-01    1.00000000e+00
1  1
    2.89691000e-01    1.00000000e+00
1  1
    1.30251000e-01    1.00000000e+00
1  1
    7.03730000e-02    1.00000000e+00
1  1
    4.80360000e-02    1.00000000e+00
1  2
    3.69160000e+01    1.00000000e+00
1  2
    1.83114000e+01    1.00000000e+00
1  2
    9.23549000e+00    1.00000000e+00
1  2
    5.79676000e+00    1.00000000e+00
1  2
    2.98285000e+00    1.00000000e+00
1  2
    1.98261000e+00    1.00000000e+00
1  2
    8.10706000e-01    1.00000000e+00
1  2
    5.02658000e-01    1.00000000e+00
1  2
    2.40884000e-01    1.00000000e+00
1  2
    1.23192000e-01    1.00000000e+00
1  2
    5.69370000e-02    1.00000000e+00
1  2
    2.93170000e-02    1.00000000e+00
1  3
    5.68614000e+01    1.00000000e+00
1  3
    1.74576000e+01    1.00000000e+00
1  3
    9.60444000e+00    1.00000000e+00
1  3
    4.98152000e+00    1.00000000e+00
1  3
    3.07708000e+00    1.00000000e+00
1  3
    1.54387000e+00    1.00000000e+00
1  3
    8.82679000e-01    1.00000000e+00
1  3
    4.39756000e-01    1.00000000e+00
1  3
    2.15022000e-01    1.00000000e+00
1  3
    8.75840000e-02    1.00000000e+00
1  3
    3.56760000e-02    1.00000000e+00
1  4
    4.47336000e+01    1.00000000e+00
1  4
    1.68902000e+01    1.00000000e+00
1  4
    7.97748000e+00    1.00000000e+00
1  4
    4.72107000e+00    1.00000000e+00
1  4
    2.95663000e+00    1.00000000e+00
1  4
    1.44396000e+00    1.00000000e+00
1  4
    7.93225000e-01    1.00000000e+00
1  4
    3.59173000e-01    1.00000000e+00
1  4
    1.87347000e-01    1.00000000e+00
1  4
    9.77320000e-02    1.00000000e+00
1  5
    2.00636000e+01    1.00000000e+00
1  5
    1.09289000e+01    1.00000000e+00
1  5
    5.66731000e+00    1.00000000e+00
1  5
    3.46188000e+00    1.00000000e+00
1  5
    1.60171000e+00    1.00000000e+00
1  5
    6.31930000e-01    1.00000000e+00
1  5
    2.19185000e-01    1.00000000e+00
1  6
    1.43505000e+01    1.00000000e+00
1  6
    8.05636000e+00    1.00000000e+00
1  6
    3.78347000e+00    1.00000000e+00
1  6
    2.46415000e+00    1.00000000e+00
1  6
    1.09923000e+00    1.00000000e+00
1  6
    4.90321000e-01    1.00000000e+00
1  7
    1.18214000e+01    1.00000000e+00
1  7
    6.40624000e+00    1.00000000e+00
1  7
    3.19706000e+00    1.00000000e+00
1  7
    1.88163000e+00    1.00000000e+00
1  7
    1.10739000e+00    1.00000000e+00
1  8
    7.78140000e+00    1.00000000e+00
1  8
    4.24958000e+00    1.00000000e+00
1  8
    2.32078000e+00    1.00000000e+00
