16
12  0
    4.17931519e+01    1.33630000e-02
    2.14479766e+01   -2.25831000e-01
    1.35059800e+01    1.09230200e+00
    9.47978339e+00   -1.37923800e+00
    4.48116767e+00    1.83004000e-01
    2.00533715e+00    3.77557000e-01
    1.21557711e+00    5.91529000e-01
    5.20429550e-01    2.36703000e-01
    2.41201530e-01   -2.98540000e-02
    1.11424340e-01    2.04800000e-02
    5.21372400e-02   -6.82800000e-03
    2.41985800e-02    2.60400000e-03
12  0
    4.17931519e+01   -2.03400000e-03
    2.14479766e+01    4.18100000e-02
    1.35059800e+01   -2.22650000e-01
    9.47978339e+00    2.96462000e-01
    4.48116767e+00   -3.92610000e-02
    2.00533715e+00   -9.07270000e-02
    1.21557711e+00   -2.30375000e-01
    5.20429550e-01   -1.97211000e-01
    2.41201530e-01    1.11234000e-01
    1.11424340e-01    4.39139000e-01
    5.21372400e-02    5.16418000e-01
    2.41985800e-02    1.26845000e-01
12  0
    4.17931519e+01   -4.32300000e-03
    2.14479766e+01    1.32016000e-01
    1.35059800e+01   -8.41007000e-01
    9.47978339e+00    1.27060800e+00
    4.48116767e+00   -3.57855000e-01
    2.00533715e+00   -1.17263800e+00
    1.21557711e+00    8.09180000e-02
    5.20429550e-01    5.64238000e-01
    2.41201530e-01    8.03759000e-01
    1.11424340e-01    1.66439000e-01
    5.21372400e-02   -5.99817000e-01
    2.41985800e-02   -3.20989000e-01
1  0
    2.41985800e-02    1.00000000e+00
1  0
    1.12313400e-02    1.00000000e+00
12  1
    6.61910524e+01    3.20000000e-04
    3.45807458e+01   -3.14200000e-03
    1.77778138e+01    2.97070000e-02
    9.38371315e+00   -1.52873000e-01
    5.85185491e+00    9.46270000e-02
    3.39352009e+00    2.27547000e-01
    1.80084269e+00    4.48024000e-01
    8.83490570e-01    3.18306000e-01
    4.53761950e-01    9.76820000e-02
    1.88646250e-01    1.23140000e-02
    7.75662300e-02   -1.00400000e-03
    3.18931300e-02    4.74000000e-04
12  1
    6.61910524e+01   -1.80000000e-05
    3.45807458e+01    4.16000000e-04
    1.77778138e+01   -5.91100000e-03
    9.38371315e+00    3.55500000e-02
    5.85185491e+00   -2.59620000e-02
    3.39352009e+00   -5.97810000e-02
    1.80084269e+00   -1.22371000e-01
    8.83490570e-01   -1.02075000e-01
    4.53761950e-01    3.98810000e-02
    1.88646250e-01    3.46137000e-01
    7.75662300e-02    5.28115000e-01
    3.18931300e-02    2.37416000e-01
12  1
    6.61910524e+01   -8.34000000e-04
    3.45807458e+01    2.60400000e-03
    1.77778138e+01    1.65490000e-02
    9.38371315e+00   -2.11504000e-01
    5.85185491e+00    1.82022000e-01
    3.39352009e+00    7.89997000e-01
    1.80084269e+00    1.10593000e-01
    8.83490570e-01   -8.53215000e-01
    4.53761950e-01   -4.26908000e-01
    1.88646250e-01    5.84503000e-01
    7.75662300e-02    4.18096000e-01
    3.18931300e-02    4.15900000e-03
1  1
    3.18931300e-02    1.00000000e+00
1  1
    1.31135800e-02    1.00000000e+00
10  2
    5.82168591e+01    3.11000000e-04
    2.49680615e+01   -1.03860000e-02
    1.24441370e+01    1.26915000e-01
    5.48395408e+00    1.66806000e-01
    2.79137309e+00    2.62721000e-01
    1.34407118e+00    3.16542000e-01
    6.12306510e-01    2.80074000e-01
    2.70954610e-01    1.58069000e-01
    1.28113740e-01    4.90280000e-02
    5.90440500e-02    8.36900000e-03
10  2
    5.82168591e+01    2.64000000e-04
    2.49680615e+01    8.00300000e-03
    1.24441370e+01   -1.31894000e-01
    5.48395408e+00   -2.28203000e-01
    2.79137309e+00   -3.82561000e-01
    1.34407118e+00   -6.31050000e-02
    6.12306510e-01    3.32607000e-01
    2.70954610e-01    4.02603000e-01
    1.28113740e-01    2.13988000e-01
    5.90440500e-02    4.92300000e-02
1  2
    5.90440500e-02    1.00000000e+00
1  2
    2.72117500e-02    1.00000000e+00
1  3
    2.70338100e+00    1.00000000e+00
1  3
    1.24591290e+00    1.00000000e+00
