20
1  0
    4.40000000e+04    1.00000000e+00
1  0
    8.80000000e+03    1.00000000e+00
1  0
    2.20000000e+03    1.00000000e+00
1  0
    5.50000000e+02    1.00000000e+00
1  0
    1.37000000e+02    1.00000000e+00
1  10
    4.32000000e+01    1.00000000e+00
1  10
    4.32000000e+01    1.00000000e+00
1  10
    8.60000000e+00    1.00000000e+00
1  10
    8.60000000e+00    1.00000000e+00
1  10
    2.20000000e+00    1.00000000e+00
1  10
    2.20000000e+00    1.00000000e+00
1  10
    5.40000000e-01    1.00000000e+00
1  10
    5.40000000e-01    1.00000000e+00
1  10
    1.35000000e-01    1.00000000e+00
1  10
    1.35000000e-01    1.00000000e+00
1  2
    4.32000000e+01    1.00000000e+00
1  2
    8.60000000e+00    1.00000000e+00
1  2
    2.20000000e+00    1.00000000e+00
1  2
    5.40000000e-01    1.00000000e+00
1  2
    1.35000000e-01    1.00000000e+00
