26
11  0
    4.31315443e+06    8.67122901e-06
    6.45875083e+05    6.74231505e-05
    1.46981877e+05    3.54487480e-04
    4.16306150e+04    1.49482856e-03
    1.35806201e+04    5.41366984e-03
    4.90206206e+03    1.73624608e-02
    1.91129008e+03    4.95665741e-02
    7.91998379e+02    1.23090897e-01
    3.44547992e+02    2.49367058e-01
    1.55787227e+02    3.58584147e-01
    7.21793803e+01    2.77382216e-01
4  0
    1.41791251e+03    7.48716319e-03
    4.39231842e+02    7.33375844e-02
    1.68510068e+02    3.33831439e-01
    7.27762694e+01    6.20225246e-01
1  0
    3.27529618e+01    1.00000000e+00
1  0
    1.54343361e+01    1.00000000e+00
1  0
    7.36393182e+00    1.00000000e+00
1  0
    3.16988329e+00    1.00000000e+00
1  0
    1.52437084e+00    1.00000000e+00
1  0
    6.74962812e-01    1.00000000e+00
1  0
    1.47185660e-01    1.00000000e+00
1  0
    7.00822166e-02    1.00000000e+00
1  0
    3.12082694e-02    1.00000000e+00
9  1
    7.70905876e+03    1.77112298e-04
    1.82646663e+03    1.55600568e-03
    5.92843684e+02    8.66295370e-03
    2.25937632e+02    3.55659542e-02
    9.51647589e+01    1.10988473e-01
    4.28231324e+01    2.51777966e-01
    2.00362866e+01    3.81669111e-01
    9.61593463e+00    3.09635983e-01
    4.53935388e+00    8.75582766e-02
5  1
    6.29975190e+01   -5.09103887e-03
    2.22627487e+01   -2.45404632e-02
    4.39000649e+00    2.43456055e-01
    2.03289139e+00    5.07818984e-01
    9.15926216e-01    4.12148957e-01
1  1
    3.80366535e-01    1.00000000e+00
1  1
    1.60000000e-01    1.00000000e+00
1  1
    6.70000000e-02    1.00000000e+00
1  1
    2.80000000e-02    1.00000000e+00
6  2
    2.18334302e+02    9.37000066e-04
    6.52562926e+01    8.00087694e-03
    2.48669448e+01    3.63052866e-02
    1.04733993e+01    1.10571899e-01
    4.69470050e+00    2.32195886e-01
    2.13159825e+00    3.29228597e-01
1  2
    9.47480046e-01    1.00000000e+00
1  2
    4.03464888e-01    1.00000000e+00
1  2
    1.56874147e-01    1.00000000e+00
1  2
    6.20000000e-02    1.00000000e+00
1  3
    5.10300000e+00    1.00000000e+00
1  3
    1.59800000e+00    1.00000000e+00
1  3
    5.05000000e-01    1.00000000e+00
1  4
    2.12800000e+00    1.00000000e+00
