#       zeta                     d
ECP
Fe nelec 10
Fe S
2     10.42343546    112.92561163
1     3.72075632     16.00000000
3     3.92321272     59.53210107
2     3.89595440    -68.75847841
Fe P
2      8.41664076     52.55882759
1      3.72075632     16.00000000
3      3.92321272     59.53210107
2      3.89595440    -68.75847841
Fe D
1     3.72075632     16.00000000
3     3.92321272     59.53210107
2     3.89595440    -68.75847841
Fe F
1     3.72075632     16.00000000
3     3.92321272     59.53210107
2     3.89595440    -68.75847841
Fe G
1     3.72075632     16.00000000
3     3.92321272     59.53210107
2     3.89595440    -68.75847841
END
