39
15  0
    2.33992000e+07    1.66232000e-06
    3.55373000e+06    1.26468000e-05
    8.20307000e+05    6.52975000e-05
    2.35181000e+05    2.72009000e-04
    7.76400000e+04    9.74536000e-04
    2.84661000e+04    3.10517000e-03
    1.13266000e+04    9.00714000e-03
    4.80968000e+03    2.40408000e-02
    2.16126000e+03    5.83755000e-02
    1.01856000e+03    1.28779000e-01
    5.01829000e+02    2.45189000e-01
    2.55042000e+02    4.03383000e-01
    1.29913000e+02    5.00000000e-01
    6.61961000e+01    3.61105000e-01
    3.30935000e+01    9.43804000e-02
7  0
    1.52201000e+03   -1.12417000e-03
    4.71490000e+02   -1.12424000e-02
    1.83093000e+02   -4.93263000e-02
    8.14552000e+01   -9.92869000e-02
    1.91613000e+01    3.46127000e-01
    9.98979000e+00    5.00000000e-01
    5.37512000e+00    2.66271000e-01
5  0
    6.79134000e+01    5.03074000e-03
    1.96473000e+01   -6.79474000e-02
    9.48147000e+00   -2.78661000e-01
    5.15338000e+00   -1.80558000e-01
    2.82078000e+00    5.00000000e-01
1  0
    1.36179000e+00    1.00000000e+00
1  0
    6.23958000e-01    1.00000000e+00
1  0
    1.87201000e-01    1.00000000e+00
1  0
    8.16578000e-02    1.00000000e+00
1  0
    3.32302000e-02    1.00000000e+00
7  1
    2.46486000e+05    1.00314000e-05
    3.79210000e+04    2.01204000e-04
    9.11598000e+03    1.82131000e-03
    3.01287000e+03    1.02441000e-02
    1.17857000e+03    4.46373000e-02
    5.18035000e+02    1.56570000e-01
    2.44148000e+02    5.00000000e-01
1  1
    1.18529000e+02    1.00000000e+00
1  1
    5.97080000e+01    1.00000000e+00
1  1
    3.10580000e+01    1.00000000e+00
1  1
    1.67600000e+01    1.00000000e+00
1  1
    9.10587000e+00    1.00000000e+00
1  1
    4.96030000e+00    1.00000000e+00
1  1
    2.56351000e+00    1.00000000e+00
1  1
    1.30476000e+00    1.00000000e+00
1  1
    6.48966000e-01    1.00000000e+00
1  1
    3.06679000e-01    1.00000000e+00
1  1
    9.60000000e-02    1.00000000e+00
5  2
    4.80236000e+02    1.10142000e-03
    1.46513000e+02    9.95469000e-03
    5.64042000e+01    5.60717000e-02
    2.42904000e+01    2.10193000e-01
    1.18147000e+01    5.00000000e-01
1  2
    5.95658000e+00    1.00000000e+00
1  2
    3.03263000e+00    1.00000000e+00
1  2
    1.52662000e+00    1.00000000e+00
1  2
    7.52154000e-01    1.00000000e+00
1  2
    3.57621000e-01    1.00000000e+00
1  2
    1.61635000e-01    1.00000000e+00
1  2
    6.72374000e-02    1.00000000e+00
1  3
    1.75400000e+01    1.00000000e+00
1  3
    5.48100000e+00    1.00000000e+00
1  3
    2.03000000e+00    1.00000000e+00
1  3
    8.46000000e-01    1.00000000e+00
1  3
    3.52000000e-01    1.00000000e+00
1  4
    9.47400000e+00    1.00000000e+00
1  4
    2.36800000e+00    1.00000000e+00
1  4
    5.92000000e-01    1.00000000e+00
1  5
    5.11600000e+00    1.00000000e+00
1  5
    1.13700000e+00    1.00000000e+00
1  6
    2.59200000e+00    1.00000000e+00
