15
6  0
    6.11165000e+04    1.87010000e-03
    9.17731000e+03    1.43331000e-02
    2.08848000e+03    7.10668000e-02
    5.89696000e+02    2.46663000e-01
    1.91730000e+02    5.00000000e-01
    6.58926000e+01    3.88259000e-01
4  0
    1.26733000e+02   -8.13904000e-02
    1.49790000e+01    5.00000000e-01
    6.67178000e+00    4.03189000e-01
    2.28162000e+00    4.56041000e-02
2  0
    1.66071000e+00    5.00000000e-01
    6.49365000e-01    2.35518000e-01
1  0
    1.17741000e-01    1.00000000e+00
1  0
    4.27355000e-02    1.00000000e+00
5  1
    8.56845000e+03    2.61299000e-04
    1.31822000e+03    5.10432000e-03
    3.11103000e+02    4.26858000e-02
    9.94723000e+01    1.88622000e-01
    3.67929000e+01    5.00000000e-01
1  1
    1.46010000e+01    1.00000000e+00
1  1
    5.98934000e+00    1.00000000e+00
1  1
    2.15086000e+00    1.00000000e+00
1  1
    7.26457000e-01    1.00000000e+00
1  1
    1.38000000e-01    1.00000000e+00
4  2
    5.93103000e+01    1.63520000e-02
    1.69916000e+01    1.01815000e-01
    5.87822000e+00    3.10494000e-01
    2.17030000e+00    5.00000000e-01
1  2
    7.54660000e-01    1.00000000e+00
1  2
    2.27909000e-01    1.00000000e+00
1  3
    1.50000000e+00    1.00000000e+00
