17
6  0
    3.50644126e+05    2.19304256e-04
    5.25571045e+04    1.70109353e-03
    1.19621576e+04    8.85851737e-03
    3.38929879e+03    3.61193693e-02
    1.10994098e+03    1.17805280e-01
    4.06758921e+02    2.88466262e-01
2  0
    1.61554192e+02    3.81620193e-01
    6.56752112e+01    2.92125751e-01
1  0
    1.64257132e+01    1.00000000e+00
1  0
    7.09302818e+00    1.00000000e+00
1  0
    2.15942851e+00    1.00000000e+00
1  0
    8.47713491e-01    1.00000000e+00
1  0
    1.10794962e-01    1.00000000e+00
1  0
    4.13168043e-02    1.00000000e+00
3  1
    1.95360453e+03    1.93816105e-03
    4.63293141e+02    1.59161967e-02
    1.49674933e+02    7.61491505e-02
3  1
    5.67071120e+01    2.36244305e-01
    2.33410289e+01    4.39788846e-01
    1.00113932e+01    3.83625856e-01
1  1
    4.15640196e+00    1.00000000e+00
1  1
    1.63695826e+00    1.00000000e+00
1  1
    6.03762975e-01    1.00000000e+00
3  2
    3.89664424e+01    2.78840677e-02
    1.07989709e+01    1.48631349e-01
    3.61297484e+00    3.69129587e-01
1  2
    1.21302858e+00    1.00000000e+00
1  2
    3.65239785e-01    1.00000000e+00
1  1
    1.34915000e-01    1.00000000e+00
