17
8 0
  25.882657     -0.010318
  14.037755     0.230364
  9.007794     -0.566551
  2.068350     0.544437
  0.993498     0.540001
  0.471151     0.143115
  0.102489     0.007386
  0.036902     0.001869
8 0
  25.882657     0.000341
  14.037755     -0.047646
  9.007794     0.136465
  2.068350     -0.153371
  0.993498     -0.288555
  0.471151     -0.044212
  0.102489     0.704768
  0.036902     0.415407
8 0
  25.882657     -0.030967
  14.037755     -0.034192
  9.007794     0.383443
  2.068350     -1.259192
  0.993498     -0.098913
  0.471151     1.194321
  0.102489     0.555024
  0.036902     -1.077563
8 0
  25.882657     0.429968
  14.037755     -1.786544
  9.007794     1.482641
  2.068350     2.684004
  0.993498     -6.152490
  0.471151     4.806621
  0.102489     -2.134831
  0.036902     0.805728
1 0
  0.017500     1.000000
7 1
  16.659389     0.007223
  10.450653     -0.070315
  4.183289     0.229161
  2.117962     0.393199
  1.064494     0.361596
  0.514743     0.154139
  0.210442     0.016498
7 1
  16.659389     -0.005560
  10.450653     0.063506
  4.183289     -0.276956
  2.117962     -0.321479
  1.064494     -0.004808
  0.514743     0.330833
  0.210442     0.357095
7 1
  16.659389     0.008185
  10.450653     -0.125348
  4.183289     0.657186
  2.117962     0.505908
  1.064494     -0.773757
  0.514743     -0.592779
  0.210442     0.185315
7 1
  16.659389     0.037533
  10.450653     0.089805
  4.183289     -1.569597
  2.117962     1.106861
  1.064494     1.129157
  0.514743     -1.167998
  0.210442     -0.795499
1 1
  0.105000     1.000000
6 2
  10.232413     0.081591
  4.841151     0.263190
  2.039827     0.342856
  0.840565     0.338326
  0.328485     0.240730
  0.116926     0.088375
6 2
  10.232413     -0.086500
  4.841151     -0.339738
  2.039827     -0.328882
  0.840565     0.130025
  0.328485     0.494941
  0.116926     0.365933
6 2
  10.232413     -0.101424
  4.841151     -0.548492
  2.039827     -0.002091
  0.840565     0.828457
  0.328485     -0.088206
  0.116926     -0.590958
1 2
  0.058000     1.000000
1 3
  1.340407     1.000000
1 3
  4.502410     1.000000
1 4
  3.599562     1.000000
