12
8 0
   25.882657000    -0.010318000 
   14.037755000     0.230364000 
    9.007794000    -0.566551000 
    2.068350000     0.544437000 
    0.993498000     0.540001000 
    0.471151000     0.143115000 
    0.102489000     0.007386000 
    0.036902000     0.001869000 
8 0
   25.882657000    0.000341000 
   14.037755000   -0.047646000 
    9.007794000    0.136465000 
    2.068350000   -0.153371000 
    0.993498000   -0.288555000 
    0.471151000   -0.044212000 
    0.102489000    0.704768000 
    0.036902000    0.415407000 
8 0
   25.882657000   -0.030967000
   14.037755000   -0.034192000
    9.007794000    0.383443000
    2.068350000   -1.259192000
    0.993498000   -0.098913000
    0.471151000    1.194321000
    0.102489000    0.555024000
    0.036902000   -1.077563000
1 0
    0.017500000     1.000000000
7 1
   16.659389000     0.007223000 
   10.450653000    -0.070315000 
    4.183289000     0.229161000 
    2.117962000     0.393199000 
    1.064494000     0.361596000 
    0.514743000     0.154139000 
    0.210442000     0.016498000 
7 1
   16.659389000      -0.005560000  
   10.450653000       0.063506000  
    4.183289000      -0.276956000  
    2.117962000      -0.321479000  
    1.064494000      -0.004808000  
    0.514743000       0.330833000  
    0.210442000       0.357095000  
7 1
   16.659389000        0.008185000
   10.450653000       -0.125348000
    4.183289000        0.657186000
    2.117962000        0.505908000
    1.064494000       -0.773757000
    0.514743000       -0.592779000
    0.210442000        0.185315000
1  1
    0.105000000     1.000000000
6  2
   10.232413000     0.081591000 
    4.841151000     0.263190000 
    2.039827000     0.342856000 
    0.840565000     0.338326000 
    0.328485000     0.240730000 
    0.116926000     0.088375000 
6  2
   10.232413000      -0.086500000
    4.841151000      -0.339738000
    2.039827000      -0.328882000
    0.840565000       0.130025000
    0.328485000       0.494941000
    0.116926000       0.365933000
1 2
    0.058000000       1.000000000
1 3
    2.8398     1.000000000

