23
12  0
    2.22311675e+04    1.54637920e+00
    1.00886253e+04    5.61673000e-01
    4.96144202e+03    4.83065600e+00
    2.33397789e+03    7.21627780e+00
    1.19505816e+03    1.37667481e+01
    6.05754899e+02    1.73953035e+01
    3.12984985e+02    1.35974545e+01
    1.46227042e+02   -1.05288400e-01
    7.31574429e+01   -1.51869390e+00
    3.71905224e+01    1.64954218e+01
    1.87270618e+01    1.12685887e+01
    9.86483560e+00   -5.11272910e+00
1  0
    4.99212540e+00    1.00000000e+00
1  0
    2.53127600e+00    1.00000000e+00
1  0
    1.23217660e+00    1.00000000e+00
1  0
    6.26571500e-01    1.00000000e+00
1  0
    3.21293200e-01    1.00000000e+00
1  0
    1.62796700e-01    1.00000000e+00
1  0
    8.08724000e-02    1.00000000e+00
1  1
    1.90489263e+01    1.00000000e+00
1  1
    5.13643250e+00    1.00000000e+00
1  1
    1.39715340e+00    1.00000000e+00
1  1
    3.82047600e-01    1.00000000e+00
1  1
    1.04654300e-01    1.00000000e+00
1  2
    1.34494385e+01    1.00000000e+00
1  2
    4.66502650e+00    1.00000000e+00
1  2
    1.59536920e+00    1.00000000e+00
1  2
    5.41033100e-01    1.00000000e+00
1  2
    1.82969400e-01    1.00000000e+00
2  3
    4.43007200e+00   -6.69650000e-03
    6.20856400e-01    3.81120000e-03
1  3
    8.84909000e-02    1.00000000e+00
1  4
    1.19744409e+01    1.00000000e+00
1  4
    3.63126780e+00    1.00000000e+00
1  4
    1.09430520e+00    1.00000000e+00
