36
1  0
    6.70923435e+04    1.00000000e+00
1  0
    2.75231847e+04    1.00000000e+00
1  0
    1.15470526e+04    1.00000000e+00
1  0
    4.94997814e+03    1.00000000e+00
1  0
    2.16609605e+03    1.00000000e+00
1  0
    9.66599489e+02    1.00000000e+00
1  0
    4.39371179e+02    1.00000000e+00
1  0
    2.03200344e+02    1.00000000e+00
1  0
    9.54965222e+01    1.00000000e+00
1  0
    4.55464938e+01    1.00000000e+00
1  0
    2.20157586e+01    1.00000000e+00
1  0
    1.07697437e+01    1.00000000e+00
1  0
    5.32388266e+00    1.00000000e+00
1  0
    2.65546368e+00    1.00000000e+00
1  0
    1.33432031e+00    1.00000000e+00
1  0
    6.74359220e-01    1.00000000e+00
1  0
    3.42235720e-01    1.00000000e+00
1  0
    1.74118410e-01    1.00000000e+00
1  0
    8.86597300e-02    1.00000000e+00
1  1
    1.90489263e+01    1.00000000e+00
1  1
    5.13643250e+00    1.00000000e+00
1  1
    1.39715340e+00    1.00000000e+00
1  1
    3.82047600e-01    1.00000000e+00
1  1
    1.04654300e-01    1.00000000e+00
1  2
    1.34494385e+01    1.00000000e+00
1  2
    4.66502650e+00    1.00000000e+00
1  2
    1.59536920e+00    1.00000000e+00
1  2
    5.41033100e-01    1.00000000e+00
1  2
    1.82969400e-01    1.00000000e+00
1  3
    4.43007200e+00    1.00000000e+00
1  3
    6.20856400e-01    1.00000000e+00
1  3
    8.84909000e-02    1.00000000e+00
1  4
    1.66807158e+01    1.00000000e+00
1  4
    5.52572003e+00    1.00000000e+00
1  4
    1.98149628e+00    1.00000000e+00
1  4
    7.30649152e-01    1.00000000e+00
