18
6  0
    3.33800000e+05    8.38050000e-04
    5.01000000e+04    6.24660000e-03
    1.15100000e+04    3.20280000e-02
    3.29200000e+03    1.27090000e-01
    1.08900000e+03    3.90920000e-01
    4.01000000e+02    5.46430000e-01
3  0
    4.01000000e+02    1.80780000e-01
    1.59300000e+02    6.22390000e-01
    6.75900000e+01    2.49530000e-01
1  0
    2.48900000e+01    1.00000000e+00
1  0
    1.06800000e+01    1.00000000e+00
1  0
    3.38600000e+00    1.00000000e+00
1  0
    1.33100000e+00    1.00000000e+00
1  0
    1.85300000e-01    1.00000000e+00
1  0
    6.62100000e-02    1.00000000e+00
3  1
    2.18100000e+03    2.25650000e-02
    5.15400000e+02    1.83630000e-01
    1.64800000e+02    8.59840000e-01
3  1
    6.14000000e+01    3.43450000e-01
    2.49800000e+01    5.05610000e-01
    1.04400000e+01    2.62240000e-01
3  1
    1.04400000e+01    6.41300000e-02
    5.58900000e+00    3.78840000e-01
    2.51700000e+00    6.16690000e-01
1  1
    1.05300000e+00    1.00000000e+00
1  1
    2.91500000e-01    1.00000000e+00
1  1
    1.21000000e-01    1.00000000e+00
1  1
    3.99000000e-02    1.00000000e+00
4  2
    6.71400000e+01    3.09570000e-02
    1.89400000e+01    1.74800000e-01
    6.42600000e+00    4.43460000e-01
    2.19000000e+00    5.67020000e-01
1  2
    6.72500000e-01    1.00000000e+00
1  2
    1.69000000e-01    1.00000000e+00
