39
1  0
    2.60853000e+01    1.00000000e+00
1  0
    1.40276000e+01    1.00000000e+00
1  0
    5.09770000e+00    1.00000000e+00
1  0
    1.44910000e+00    1.00000000e+00
1  0
    6.28467000e-01    1.00000000e+00
1  0
    3.16452000e-01    1.00000000e+00
1  0
    1.84629000e-01    1.00000000e+00
1  0
    8.97634000e-02    1.00000000e+00
1  1
    2.28514000e+01    1.00000000e+00
1  1
    1.50004000e+01    1.00000000e+00
1  1
    6.93356000e+00    1.00000000e+00
1  1
    2.11878000e+00    1.00000000e+00
1  1
    1.03550000e+00    1.00000000e+00
1  1
    4.56427000e-01    1.00000000e+00
1  1
    2.28010000e-01    1.00000000e+00
1  1
    1.14484000e-01    1.00000000e+00
1  2
    2.60041000e+01    1.00000000e+00
1  2
    7.28438000e+00    1.00000000e+00
1  2
    2.06869000e+00    1.00000000e+00
1  2
    1.09827000e+00    1.00000000e+00
1  2
    4.68376000e-01    1.00000000e+00
1  2
    2.19442000e-01    1.00000000e+00
1  2
    1.21315000e-01    1.00000000e+00
1  3
    1.00684000e+01    1.00000000e+00
1  3
    3.53117000e+00    1.00000000e+00
1  3
    1.39210000e+00    1.00000000e+00
1  3
    4.58269000e-01    1.00000000e+00
1  3
    1.93949000e-01    1.00000000e+00
1  4
    2.14825000e+01    1.00000000e+00
1  4
    6.96090000e+00    1.00000000e+00
1  4
    1.14151000e+00    1.00000000e+00
1  4
    4.37649000e-01    1.00000000e+00
1  5
    1.10520000e+00    1.00000000e+00
1  0
    3.33076000e-02    1.00000000e+00
1  1
    3.95248000e-02    1.00000000e+00
1  2
    5.08344000e-02    1.00000000e+00
1  3
    6.91483000e-02    1.00000000e+00
1  4
    1.56178000e-01    1.00000000e+00
1  5
    3.72066000e-01    1.00000000e+00
