32
22  0
    1.08615220e+08    2.40000000e-07
    1.62645400e+07    1.86000000e-06
    3.70011160e+06    9.80000000e-06
    1.04716910e+06    4.15200000e-05
    3.41067570e+05    1.52050000e-04
    1.22771540e+05    5.00770000e-04
    4.76595780e+04    1.51870000e-03
    1.96333540e+04    4.30250000e-03
    8.48873470e+03    1.14523000e-02
    3.82313810e+03    2.85640000e-02
    1.78447550e+03    6.57485000e-02
    8.60053050e+02    1.35289500e-01
    4.26698670e+02    2.34551400e-01
    2.17261610e+02    3.07835100e-01
    1.12969870e+02    2.52994700e-01
    5.94494410e+01    9.60104000e-02
    3.07822560e+01    9.78850000e-03
    1.64232120e+01    5.91200000e-04
    8.75788900e+00   -5.54000000e-05
    4.40962900e+00    1.38000000e-05
    2.24944900e+00   -6.42000000e-05
    1.12611500e+00    1.69000000e-05
22  0
    1.08615220e+08   -7.00000000e-08
    1.62645400e+07   -5.80000000e-07
    3.70011160e+06   -3.03000000e-06
    1.04716910e+06   -1.28700000e-05
    3.41067570e+05   -4.71400000e-05
    1.22771540e+05   -1.55300000e-04
    4.76595780e+04   -4.71800000e-04
    1.96333540e+04   -1.34050000e-03
    8.48873470e+03   -3.59550000e-03
    3.82313810e+03   -9.10160000e-03
    1.78447550e+03   -2.16360000e-02
    8.60053050e+02   -4.73365000e-02
    4.26698670e+02   -9.24997000e-02
    2.17261610e+02   -1.50435100e-01
    1.12969870e+02   -1.72122700e-01
    5.94494410e+01   -4.40179000e-02
    3.07822560e+01    2.97382800e-01
    1.64232120e+01    5.27974800e-01
    8.75788900e+00    3.00890500e-01
    4.40962900e+00    4.58819000e-02
    2.24944900e+00    1.28280000e-03
    1.12611500e+00    1.25880000e-03
22  0
    1.08615220e+08    3.00000000e-08
    1.62645400e+07    2.20000000e-07
    3.70011160e+06    1.16000000e-06
    1.04716910e+06    4.91000000e-06
    3.41067570e+05    1.79800000e-05
    1.22771540e+05    5.92000000e-05
    4.76595780e+04    1.80100000e-04
    1.96333540e+04    5.11400000e-04
    8.48873470e+03    1.37400000e-03
    3.82313810e+03    3.48180000e-03
    1.78447550e+03    8.31690000e-03
    8.60053050e+02    1.83180000e-02
    4.26698670e+02    3.63903000e-02
    2.17261610e+02    6.08083000e-02
    1.12969870e+02    7.32939000e-02
    5.94494410e+01    1.97416000e-02
    3.07822560e+01   -1.61297000e-01
    1.64232120e+01   -4.02194800e-01
    8.75788900e+00   -2.92724800e-01
    4.40962900e+00    2.70694200e-01
    2.24944900e+00    6.35975900e-01
    1.12611500e+00    3.70248900e-01
21  0
    1.62645400e+07   -5.10000000e-08
    3.70011160e+06   -2.70000000e-07
    1.04716910e+06   -1.14200000e-06
    3.41067570e+05   -4.18300000e-06
    1.22771540e+05   -1.37810000e-05
    4.76595780e+04   -4.18820000e-05
    1.96333540e+04   -1.19023000e-04
    8.48873470e+03   -3.19600000e-04
    3.82313810e+03   -8.10700000e-04
    1.78447550e+03   -1.93600000e-03
    8.60053050e+02   -4.27220000e-03
    4.26698670e+02   -8.49450000e-03
    2.17261610e+02   -1.42709000e-02
    1.12969870e+02   -1.72681000e-02
    5.94494410e+01   -4.77820000e-03
    3.07822560e+01    3.94927000e-02
    1.64232120e+01    1.02720000e-01
    8.75788900e+00    7.73529000e-02
    4.40962900e+00   -8.49565000e-02
    2.24944900e+00   -2.21983400e-01
    1.12611500e+00   -2.53208900e-01
1  0
    5.15486000e-01    1.00000000e+00
1  0
    2.42578000e-01    1.00000000e+00
1  0
    1.07086000e-01    1.00000000e+00
1  0
    4.69880000e-02    1.00000000e+00
1  0
    1.73010000e-02    1.00000000e+00
13  1
    3.21521900e+04    2.83000000e-05
    7.60938420e+03    2.52900000e-04
    2.47147440e+03    1.46860000e-03
    9.46063630e+02    6.56270000e-03
    4.01947110e+02    2.38023000e-02
    1.83646880e+02    7.08945000e-02
    8.85332640e+01    1.67638400e-01
    4.42703550e+01    2.95975400e-01
    2.27230830e+01    3.48861000e-01
    1.18231410e+01    2.17549600e-01
    6.04213500e+00    5.20511000e-02
    3.03175400e+00    3.43780000e-03
    1.49336600e+00    9.83300000e-04
13  1
    3.21521900e+04   -1.07000000e-05
    7.60938420e+03   -9.58000000e-05
    2.47147440e+03   -5.58200000e-04
    9.46063630e+02   -2.50400000e-03
    4.01947110e+02   -9.19960000e-03
    1.83646880e+02   -2.79973000e-02
    8.85332640e+01   -6.88746000e-02
    4.42703550e+01   -1.27384300e-01
    2.27230830e+01   -1.58588900e-01
    1.18231410e+01   -4.24968000e-02
    6.04213500e+00    2.44144000e-01
    3.03175400e+00    4.45911100e-01
    1.49336600e+00    3.52952200e-01
13  1
    3.21521900e+04    1.70000000e-06
    7.60938420e+03    1.58000000e-05
    2.47147440e+03    9.08000000e-05
    9.46063630e+02    4.12000000e-04
    4.01947110e+02    1.49840000e-03
    1.83646880e+02    4.62520000e-03
    8.85332640e+01    1.12713000e-02
    4.42703550e+01    2.13212000e-02
    2.27230830e+01    2.59523000e-02
    1.18231410e+01    6.63200000e-03
    6.04213500e+00   -5.01704000e-02
    3.03175400e+00   -8.42977000e-02
    1.49336600e+00   -9.03023000e-02
1  1
    7.09727000e-01    1.00000000e+00
1  1
    2.48593000e-01    1.00000000e+00
1  1
    9.43950000e-02    1.00000000e+00
1  1
    3.58870000e-02    1.00000000e+00
1  1
    1.10500000e-02    1.00000000e+00
9  2
    1.04050460e+03    8.92000000e-05
    3.14597140e+02    8.62500000e-04
    1.22787600e+02    5.00940000e-03
    5.47603690e+01    1.99649000e-02
    2.62989440e+01    5.83214000e-02
    1.32634450e+01    1.31686800e-01
    6.88506500e+00    2.21867600e-01
    3.57952500e+00    2.82505900e-01
    1.83156400e+00    2.83198900e-01
1  2
    9.12909000e-01    1.00000000e+00
1  2
    4.35340000e-01    1.00000000e+00
1  2
    1.88518000e-01    1.00000000e+00
1  2
    7.58000000e-02    1.00000000e+00
1  2
    2.60000000e-02    1.00000000e+00
1  3
    1.34000000e-01    1.00000000e+00
1  3
    2.82600000e-01    1.00000000e+00
1  3
    5.96000000e-01    1.00000000e+00
1  3
    5.11000000e-02    1.00000000e+00
1  4
    2.75000000e-01    1.00000000e+00
1  4
    6.14600000e-01    1.00000000e+00
1  4
    1.14000000e-01    1.00000000e+00
1  5
    4.98600000e-01    1.00000000e+00
1  5
    2.54000000e-01    1.00000000e+00
