62
1  0
    4.52207000e+01    1.00000000e+00
1  0
    3.09283000e+01    1.00000000e+00
1  0
    1.83899000e+01    1.00000000e+00
1  0
    9.82004000e+00    1.00000000e+00
1  0
    6.64333000e+00    1.00000000e+00
1  0
    3.45224000e+00    1.00000000e+00
1  0
    1.91544000e+00    1.00000000e+00
1  0
    1.10503000e+00    1.00000000e+00
1  0
    6.22253000e-01    1.00000000e+00
1  0
    3.45904000e-01    1.00000000e+00
1  0
    2.07931000e-01    1.00000000e+00
1  0
    1.21609000e-01    1.00000000e+00
1  0
    7.21302000e-02    1.00000000e+00
1  1
    3.59793000e+01    1.00000000e+00
1  1
    1.70468000e+01    1.00000000e+00
1  1
    9.42156000e+00    1.00000000e+00
1  1
    5.47839000e+00    1.00000000e+00
1  1
    3.05104000e+00    1.00000000e+00
1  1
    1.91822000e+00    1.00000000e+00
1  1
    1.13211000e+00    1.00000000e+00
1  1
    6.45386000e-01    1.00000000e+00
1  1
    3.99937000e-01    1.00000000e+00
1  1
    2.42964000e-01    1.00000000e+00
1  1
    1.35464000e-01    1.00000000e+00
1  1
    8.09860000e-02    1.00000000e+00
1  2
    2.84511000e+01    1.00000000e+00
1  2
    1.51621000e+01    1.00000000e+00
1  2
    8.70315000e+00    1.00000000e+00
1  2
    4.28338000e+00    1.00000000e+00
1  2
    2.33262000e+00    1.00000000e+00
1  2
    1.26490000e+00    1.00000000e+00
1  2
    7.78806000e-01    1.00000000e+00
1  2
    4.80816000e-01    1.00000000e+00
1  2
    2.96979000e-01    1.00000000e+00
1  2
    1.59947000e-01    1.00000000e+00
1  2
    8.43604000e-02    1.00000000e+00
1  3
    2.19568000e+01    1.00000000e+00
1  3
    1.11301000e+01    1.00000000e+00
1  3
    4.61871000e+00    1.00000000e+00
1  3
    2.48858000e+00    1.00000000e+00
1  3
    1.27083000e+00    1.00000000e+00
1  3
    6.92900000e-01    1.00000000e+00
1  3
    4.58391000e-01    1.00000000e+00
1  3
    2.63029000e-01    1.00000000e+00
1  3
    1.37286000e-01    1.00000000e+00
1  4
    3.41511000e+01    1.00000000e+00
1  4
    1.22310000e+01    1.00000000e+00
1  4
    4.95033000e+00    1.00000000e+00
1  4
    2.41861000e+00    1.00000000e+00
1  4
    1.43986000e+00    1.00000000e+00
1  4
    7.41075000e-01    1.00000000e+00
1  4
    4.22876000e-01    1.00000000e+00
1  4
    2.09973000e-01    1.00000000e+00
1  5
    5.44694000e+00    1.00000000e+00
1  5
    2.45637000e+00    1.00000000e+00
1  5
    1.28735000e+00    1.00000000e+00
1  5
    7.05266000e-01    1.00000000e+00
1  5
    3.86762000e-01    1.00000000e+00
1  6
    2.56765000e+00    1.00000000e+00
1  6
    1.16835000e+00    1.00000000e+00
1  6
    6.51614000e-01    1.00000000e+00
1  7
    1.25951000e+00    1.00000000e+00
