18
10  0
    2.29280000e+04    2.90000000e-05
    3.44337000e+03    2.14000000e-04
    7.80714000e+02    9.57000000e-04
    2.10631000e+02    2.59100000e-03
    4.96280000e+01   -2.65900000e-02
    3.10033000e+01    2.11280000e-01
    1.93680000e+01   -2.96461000e-01
    1.06012000e+01   -2.75927000e-01
    3.39734000e+00    4.62043000e-01
    1.77882000e+00    5.72239000e-01
10  0
    2.29280000e+04   -8.00000000e-06
    3.44337000e+03   -6.00000000e-05
    7.80714000e+02   -2.70000000e-04
    2.10631000e+02   -7.15000000e-04
    4.96280000e+01    6.49900000e-03
    3.10033000e+01   -5.56790000e-02
    1.93680000e+01    8.26360000e-02
    1.06012000e+01    7.38260000e-02
    3.39734000e+00   -1.46011000e-01
    1.77882000e+00   -2.49067000e-01
1  0
    8.93183000e-01    1.00000000e+00
1  0
    2.76680000e-01    1.00000000e+00
1  0
    1.21991000e-01    1.00000000e+00
1  0
    5.17400000e-02    1.00000000e+00
8  1
    4.49184000e+02    1.98000000e-04
    7.35402000e+01    4.52800000e-03
    3.27231000e+01   -1.78910000e-02
    1.79879000e+01   -7.57400000e-02
    5.71947000e+00    2.70064000e-01
    2.90230000e+00    4.45535000e-01
    1.43825000e+00    3.30658000e-01
    6.85165000e-01    9.01940000e-02
8  1
    4.49184000e+02   -3.40000000e-05
    7.35402000e+01   -8.27000000e-04
    3.27231000e+01    3.47100000e-03
    1.79879000e+01    1.29630000e-02
    5.71947000e+00   -5.42150000e-02
    2.90230000e+00   -8.31230000e-02
    1.43825000e+00   -8.63750000e-02
    6.85165000e-01    2.82190000e-02
1  1
    2.43465000e-01    1.00000000e+00
1  1
    9.26680000e-02    1.00000000e+00
1  1
    3.53810000e-02    1.00000000e+00
9  2
    6.38279000e+02    1.59000000e-04
    1.93563000e+02    1.68600000e-03
    7.67492000e+01    1.17310000e-02
    3.59784000e+01    4.16380000e-02
    1.72655000e+01    1.06817000e-01
    8.60835000e+00    2.02841000e-01
    4.32208000e+00    2.83489000e-01
    2.14383000e+00    3.02414000e-01
    1.03830000e+00    2.43498000e-01
1  2
    4.82452000e-01    1.00000000e+00
1  2
    2.04248000e-01    1.00000000e+00
1  2
    8.00000000e-02    1.00000000e+00
1  3
    4.81700000e-01    1.00000000e+00
1  3
    1.88600000e-01    1.00000000e+00
1  4
    4.13900000e-01    1.00000000e+00
