15
18  0
    6.55815730e+06    8.00000000e-06
    9.82025340e+05    6.22000000e-05
    2.23467690e+05    3.27000000e-04
    6.32882910e+04    1.37940000e-03
    2.06429400e+04    4.99930000e-03
    7.45052240e+03    1.60605000e-02
    2.90507440e+03    4.60124000e-02
    1.20421000e+03    1.15222400e-01
    5.24304540e+02    2.37392100e-01
    2.37465630e+02    3.53198900e-01
    1.10578660e+02    2.91550000e-01
    5.13746240e+01    8.12129000e-02
    2.44408460e+01    7.65500000e-04
    1.17685910e+01    1.61240000e-03
    5.34211900e+00   -7.53000000e-04
    2.49503600e+00    3.13400000e-04
    1.09877300e+00   -1.30600000e-04
    2.60180000e-01    5.13000000e-05
18  0
    6.55815730e+06   -2.50000000e-06
    9.82025340e+05   -1.93000000e-05
    2.23467690e+05   -1.01400000e-04
    6.32882910e+04   -4.28100000e-04
    2.06429400e+04   -1.55820000e-03
    7.45052240e+03   -5.04690000e-03
    2.90507440e+03   -1.48056000e-02
    1.20421000e+03   -3.89482000e-02
    5.24304540e+02   -8.96832000e-02
    2.37465630e+02   -1.66407600e-01
    1.10578660e+02   -2.00401000e-01
    5.13746240e+01    1.14943000e-02
    2.44408460e+01    4.95813400e-01
    1.17685910e+01    5.29555000e-01
    5.34211900e+00    1.11018500e-01
    2.49503600e+00   -7.00000000e-04
    1.09877300e+00    2.22830000e-03
    2.60180000e-01   -5.01400000e-04
18  0
    6.55815730e+06    9.00000000e-07
    9.82025340e+05    7.40000000e-06
    2.23467690e+05    3.87000000e-05
    6.32882910e+04    1.63300000e-04
    2.06429400e+04    5.94400000e-04
    7.45052240e+03    1.92920000e-03
    2.90507440e+03    5.66890000e-03
    1.20421000e+03    1.50282000e-02
    5.24304540e+02    3.50222000e-02
    2.37465630e+02    6.71135000e-02
    1.10578660e+02    8.50156000e-02
    5.13746240e+01   -4.72120000e-03
    2.44408460e+01   -3.01673700e-01
    1.17685910e+01   -4.82548900e-01
    5.34211900e+00    8.91695000e-02
    2.49503600e+00    7.28783000e-01
    1.09877300e+00    4.28854200e-01
    2.60180000e-01    2.07249000e-02
18  0
    6.55815730e+06    2.00000000e-07
    9.82025340e+05    1.70000000e-06
    2.23467690e+05    9.00000000e-06
    6.32882910e+04    3.80000000e-05
    2.06429400e+04    1.38200000e-04
    7.45052240e+03    4.48900000e-04
    2.90507440e+03    1.31880000e-03
    1.20421000e+03    3.50160000e-03
    5.24304540e+02    8.16730000e-03
    2.37465630e+02    1.57338000e-02
    1.10578660e+02    2.00284000e-02
    5.13746240e+01   -1.01360000e-03
    2.44408460e+01   -7.50162000e-02
    1.17685910e+01   -1.25798000e-01
    5.34211900e+00    3.00857000e-02
    2.49503600e+00    2.48816900e-01
    1.09877300e+00    2.84370600e-01
    2.60180000e-01   -3.11059400e-01
1  0
    1.27079000e-01    1.00000000e+00
1  0
    5.44080000e-02    1.00000000e+00
11  1
    8.05016740e+03    3.16900000e-04
    1.90753610e+03    2.76480000e-03
    6.18627460e+02    1.51204000e-02
    2.35324170e+02    5.99583000e-02
    9.88996460e+01    1.73312000e-01
    4.42482150e+01    3.41082000e-01
    2.06174290e+01    3.89696700e-01
    9.78051600e+00    1.83981700e-01
    4.44123800e+00    2.18896000e-02
    1.96404500e+00    1.16080000e-03
    8.33578000e-01    2.73500000e-04
11  1
    8.05016740e+03   -1.20300000e-04
    1.90753610e+03   -1.04920000e-03
    6.18627460e+02   -5.81020000e-03
    2.35324170e+02   -2.34345000e-02
    9.88996460e+01   -7.08270000e-02
    4.42482150e+01   -1.46551100e-01
    2.06174290e+01   -1.76966000e-01
    9.78051600e+00    3.63821000e-02
    4.44123800e+00    4.23284800e-01
    1.96404500e+00    4.95258600e-01
    8.33578000e-01    1.79742800e-01
11  1
    8.05016740e+03    2.00000000e-05
    1.90753610e+03    1.68900000e-04
    6.18627460e+02    9.66800000e-04
    2.35324170e+02    3.77970000e-03
    9.88996460e+01    1.19082000e-02
    4.42482150e+01    2.35693000e-02
    2.06174290e+01    3.14233000e-02
    9.78051600e+00   -1.36188000e-02
    4.44123800e+00   -7.34003000e-02
    1.96404500e+00   -1.26478500e-01
    8.33578000e-01    1.58579000e-02
1  1
    1.93445000e-01    1.00000000e+00
1  1
    5.61170000e-02    1.00000000e+00
7  2
    2.44147410e+02    2.02700000e-03
    7.30675950e+01    1.65088000e-02
    2.75920810e+01    7.03823000e-02
    1.15465180e+01    1.91143000e-01
    5.04862800e+00    3.25409200e-01
    2.17846500e+00    3.67819900e-01
    9.00253000e-01    2.74468500e-01
1  2
    3.37327000e-01    1.00000000e+00
1  2
    1.16900000e-01    1.00000000e+00
1  3
    2.88100000e-01    1.00000000e+00
