24
11  0
    5.83040000e+04    9.00000000e-06
    8.75011000e+03    6.90000000e-05
    1.99374000e+03    3.38000000e-04
    5.61211000e+02    1.16400000e-03
    1.69483000e+02    2.76000000e-03
    5.06343000e+01   -3.03200000e-02
    3.16278000e+01    2.10144000e-01
    1.97559000e+01   -2.74581000e-01
    1.08801000e+01   -2.90178000e-01
    3.36573000e+00    4.63966000e-01
    1.78639000e+00    5.55576000e-01
11  0
    5.83040000e+04   -3.00000000e-06
    8.75011000e+03   -1.90000000e-05
    1.99374000e+03   -9.40000000e-05
    5.61211000e+02   -3.31000000e-04
    1.69483000e+02   -7.42000000e-04
    5.06343000e+01    7.35400000e-03
    3.16278000e+01   -5.49410000e-02
    1.97559000e+01    7.59350000e-02
    1.08801000e+01    7.85670000e-02
    3.36573000e+00   -1.49733000e-01
    1.78639000e+00   -2.33001000e-01
1  0
    9.24856000e-01    1.00000000e+00
1  0
    3.85052000e-01    1.00000000e+00
1  0
    1.97438000e-01    1.00000000e+00
1  0
    9.33400000e-02    1.00000000e+00
1  0
    4.30420000e-02    1.00000000e+00
9  1
    1.29185000e+03    3.70000000e-05
    3.04533000e+02    2.53000000e-04
    6.51240000e+01    6.33400000e-03
    3.50808000e+01   -1.90810000e-02
    1.77836000e+01   -7.84410000e-02
    5.95994000e+00    2.36408000e-01
    3.16487000e+00    4.11467000e-01
    1.63855000e+00    3.51388000e-01
    3.40790000e-01    1.15480000e-02
9  1
    1.29185000e+03   -7.00000000e-06
    3.04533000e+02   -4.20000000e-05
    6.51240000e+01   -1.18400000e-03
    3.50808000e+01    3.72600000e-03
    1.77836000e+01    1.33950000e-02
    5.95994000e+00   -4.71750000e-02
    3.16487000e+00   -7.77900000e-02
    1.63855000e+00   -8.24390000e-02
    3.40790000e-01    1.72418000e-01
1  1
    8.19048000e-01    1.00000000e+00
1  1
    1.49812000e-01    1.00000000e+00
1  1
    6.53020000e-02    1.00000000e+00
1  1
    2.81860000e-02    1.00000000e+00
9  2
    9.37397000e+02    6.70000000e-05
    2.84021000e+02    7.10000000e-04
    1.11601000e+02    4.94900000e-03
    5.19844000e+01    2.30450000e-02
    2.54991000e+01    6.24300000e-02
    1.29757000e+01    1.36969000e-01
    6.73280000e+00    2.24660000e-01
    3.48829000e+00    2.83056000e-01
    1.77781000e+00    2.81184000e-01
1  2
    8.82996000e-01    1.00000000e+00
1  2
    4.20277000e-01    1.00000000e+00
1  2
    1.82175000e-01    1.00000000e+00
1  2
    7.36000000e-02    1.00000000e+00
1  3
    6.12900000e-01    1.00000000e+00
1  3
    2.93900000e-01    1.00000000e+00
1  3
    1.40900000e-01    1.00000000e+00
1  4
    6.16400000e-01    1.00000000e+00
1  4
    2.81600000e-01    1.00000000e+00
1  5
    5.14100000e-01    1.00000000e+00
