20
1  0
    2.68800000e+04    1.00000000e+00
1  0
    5.37600000e+03    1.00000000e+00
1  0
    1.34400000e+03    1.00000000e+00
1  0
    3.36000000e+02    1.00000000e+00
1  0
    8.40000000e+01    1.00000000e+00
1  10
    2.62000000e+01    1.00000000e+00
1  10
    2.62000000e+01    1.00000000e+00
1  10
    5.25000000e+00    1.00000000e+00
1  10
    5.25000000e+00    1.00000000e+00
1  10
    1.31000000e+00    1.00000000e+00
1  10
    1.31000000e+00    1.00000000e+00
1  10
    3.30000000e-01    1.00000000e+00
1  10
    3.30000000e-01    1.00000000e+00
1  10
    8.20000000e-02    1.00000000e+00
1  10
    8.20000000e-02    1.00000000e+00
1  2
    2.62000000e+01    1.00000000e+00
1  2
    5.25000000e+00    1.00000000e+00
1  2
    1.31000000e+00    1.00000000e+00
1  2
    3.30000000e-01    1.00000000e+00
1  2
    8.20000000e-02    1.00000000e+00
