25
11  0
    6.62380203e+06    7.90913261e-06
    9.87904071e+05    6.18357274e-05
    2.24132059e+05    3.26363225e-04
    6.33151929e+04    1.38103650e-03
    2.06113127e+04    5.01537721e-03
    7.42916725e+03    1.61309368e-02
    2.89420717e+03    4.62408272e-02
    1.19899158e+03    1.15790996e-01
    5.21820038e+02    2.38348408e-01
    2.36275492e+02    3.53742560e-01
    1.09983957e+02    2.90557219e-01
4  0
    2.10125873e+03    8.30396115e-03
    6.50970225e+02    8.22541277e-02
    2.50224384e+02    3.80217175e-01
    1.08176166e+02    7.45035947e-01
1  0
    5.10574867e+01    1.00000000e+00
1  0
    2.36474745e+01    1.00000000e+00
1  0
    1.13617011e+01    1.00000000e+00
1  0
    5.01781359e+00    1.00000000e+00
1  0
    2.41026750e+00    1.00000000e+00
1  0
    1.07410467e+00    1.00000000e+00
1  0
    2.57450758e-01    1.00000000e+00
1  0
    1.21752275e-01    1.00000000e+00
1  0
    5.23605990e-02    1.00000000e+00
9  1
    1.47117505e+04    1.11309906e-04
    3.48214517e+03    9.84959211e-04
    1.13021867e+03    5.58541821e-03
    4.31540934e+02    2.36824130e-02
    1.82417236e+02    7.82115872e-02
    8.27067536e+01    1.95038299e-01
    3.92281288e+01    3.41319885e-01
    1.92019799e+01    3.57186651e-01
    9.50569667e+00    1.63959551e-01
2  1
    9.26156130e+01   -8.58482842e-02
    3.37501482e+01   -3.94350195e-01
4  1
    7.34822830e+00    3.79416066e-01
    3.78133848e+00    7.13062919e-01
    2.31451831e+00    4.32100015e-01
    8.03468597e-01    2.58381228e-01
1  1
    1.54237101e+00    1.00000000e+00
1  1
    3.29102396e-01    1.00000000e+00
1  1
    1.18340888e-01    1.00000000e+00
1  1
    4.16278777e-02    1.00000000e+00
7  2
    3.63495652e+02    8.74022993e-04
    1.09017496e+02    7.67519341e-03
    4.18664307e+01    3.63889753e-02
    1.78792799e+01    1.13251830e-01
    8.12018937e+00    2.37708813e-01
    3.73606114e+00    3.33060604e-01
    1.68268125e+00    3.31306138e-01
1  2
    7.26557905e-01    1.00000000e+00
1  2
    2.84985851e-01    1.00000000e+00
1  2
    1.12000000e-01    1.00000000e+00
1  3
    1.81000000e-01    1.00000000e+00
1  3
    4.71000000e-01    1.00000000e+00
1  4
    4.03200000e-01    1.00000000e+00
