16
8  0
    4.35548663e+05    2.36463296e-04
    6.52895890e+04    1.83352718e-03
    1.48587843e+04    9.53718631e-03
    4.20597347e+03    3.88034125e-02
    1.36964164e+03    1.26616048e-01
    4.92303489e+02    3.01753103e-01
    1.91419232e+02    4.35439342e-01
    7.58405587e+01    2.32823638e-01
4  0
    4.74308106e+02   -2.67437080e-02
    1.47102976e+02   -1.26546575e-01
    2.39825994e+01    5.88403468e-01
    1.02982301e+01    5.63242716e-01
2  0
    1.60503814e+01   -2.45164395e-01
    2.69884688e+00    7.45780496e-01
1  0
    1.14285887e+00    1.00000000e+00
1  0
    2.02176523e-01    1.00000000e+00
1  0
    7.19801520e-02    1.00000000e+00
6  1
    2.43201711e+03    2.24340659e-03
    5.76120496e+02    1.83422653e-02
    1.85115844e+02    8.72796972e-02
    6.92465726e+01    2.56848684e-01
    2.78181078e+01    4.23983781e-01
    1.14202299e+01    2.57013400e-01
3  1
    4.28196615e+01   -1.93265191e-02
    6.38859010e+00    3.15713869e-01
    2.66989933e+00    5.76177928e-01
1  1
    1.07817838e+00    1.00000000e+00
1  1
    2.27965594e-01    1.00000000e+00
1  1
    6.28362348e-02    1.00000000e+00
5  2
    1.03923318e+02    1.14646137e-02
    3.03710944e+01    7.36257474e-02
    1.08720781e+01    2.35051074e-01
    4.15491380e+00    4.03185635e-01
    1.53456591e+00    4.08247482e-01
1  2
    5.11142638e-01    1.00000000e+00
1  2
    3.06220000e-01    1.00000000e+00
1  2
    1.13913090e-01    1.00000000e+00
1  3
    3.09960950e-01    1.00000000e+00
