21
10  0
    1.80505000e+06    5.43298000e-05
    2.70366000e+05    4.22268000e-04
    6.15411000e+04    2.21517000e-03
    1.74327000e+04    9.28164000e-03
    5.68551000e+03    3.29994000e-02
    2.05171000e+03    1.00534000e-01
    8.00936000e+02    2.51086000e-01
    3.26977000e+02    4.77296000e-01
    1.39204000e+02    5.00000000e-01
    6.11113000e+01    1.84145000e-01
4  0
    4.85635000e+02   -2.20742000e-02
    1.48805000e+02   -1.06959000e-01
    2.38471000e+01    5.00000000e-01
    1.01604000e+01    4.84763000e-01
2  0
    1.63921000e+01   -1.61715000e-01
    2.72039000e+00    5.00000000e-01
1  0
    1.13879000e+00    1.00000000e+00
1  0
    2.40315000e-01    1.00000000e+00
1  0
    8.25281000e-02    1.00000000e+00
5  1
    4.20363000e+04    1.32963000e-04
    6.46712000e+03    2.68530000e-03
    1.53214000e+03    2.42823000e-02
    4.94748000e+02    1.31521000e-01
    1.88104000e+02    5.00000000e-01
1  1
    7.85990000e+01    1.00000000e+00
1  1
    3.46964000e+01    1.00000000e+00
1  1
    1.57313000e+01    1.00000000e+00
1  1
    7.04987000e+00    1.00000000e+00
1  1
    3.11078000e+00    1.00000000e+00
1  1
    1.29728000e+00    1.00000000e+00
1  1
    4.58200000e-01    1.00000000e+00
1  1
    1.47291000e-01    1.00000000e+00
1  1
    4.44410000e-02    1.00000000e+00
6  2
    2.39441000e+02    2.99429000e-03
    7.13774000e+01    2.41885000e-02
    2.68134000e+01    1.06315000e-01
    1.10305000e+01    2.84390000e-01
    4.77555000e+00    4.62433000e-01
    2.01929000e+00    5.00000000e-01
1  2
    8.06636000e-01    1.00000000e+00
1  2
    2.90407000e-01    1.00000000e+00
1  2
    1.08000000e-01    1.00000000e+00
1  3
    3.60000000e-01    1.00000000e+00
