15
6  0
    8.80370000e+04    1.84792000e-03
    1.32193000e+04    1.41672000e-02
    3.00821000e+03    7.03411000e-02
    8.49555000e+02    2.45170000e-01
    2.76627000e+02    5.00000000e-01
    9.54021000e+01    3.93020000e-01
4  0
    1.83188000e+02   -8.04690000e-02
    2.19560000e+01    5.00000000e-01
    9.85114000e+00    3.78451000e-01
    3.48510000e+00    4.22634000e-02
2  0
    2.60742000e+00    5.00000000e-01
    1.03643000e+00    2.54718000e-01
1  0
    1.88486000e-01    1.00000000e+00
1  0
    6.63103000e-02    1.00000000e+00
5  1
    1.47583000e+04    2.24515000e-04
    2.27051000e+03    4.42538000e-03
    5.36782000e+02    3.77145000e-02
    1.72852000e+02    1.73937000e-01
    6.45850000e+01    5.00000000e-01
1  1
    2.61086000e+01    1.00000000e+00
1  1
    1.10052000e+01    1.00000000e+00
1  1
    3.96779000e+00    1.00000000e+00
1  1
    1.40669000e+00    1.00000000e+00
1  1
    2.99200000e-01    1.00000000e+00
1  1
    7.33630000e-02    1.00000000e+00
5  2
    1.01281000e+02    1.53819000e-02
    2.94141000e+01    1.00582000e-01
    1.04458000e+01    3.12506000e-01
    3.96319000e+00    5.10719000e-01
    1.42815000e+00    5.00000000e-01
1  2
    4.53687000e-01    1.00000000e+00
1  2
    1.51000000e-01    1.00000000e+00
