35
15  0
    3.16454000e+07    1.92012000e-06
    4.76898000e+06    1.46894000e-05
    1.10544000e+06    7.50697000e-05
    3.18783000e+05    3.10634000e-04
    1.05534000e+05    1.11298000e-03
    3.86045000e+04    3.57876000e-03
    1.52173000e+04    1.05863000e-02
    6.36250000e+03    2.89779000e-02
    2.79861000e+03    7.25159000e-02
    1.28526000e+03    1.64063000e-01
    6.19428000e+02    3.04944000e-01
    3.19524000e+02    4.41187000e-01
    1.70649000e+02    5.00000000e-01
    9.06396000e+01    3.51330000e-01
    4.66522000e+01    9.14836000e-02
7  0
    2.19255000e+03   -1.11990000e-03
    6.80287000e+02   -1.12270000e-02
    2.64005000e+02   -5.00528000e-02
    1.17373000e+02   -1.00756000e-01
    2.82286000e+01    3.47097000e-01
    1.47736000e+01    5.00000000e-01
    8.03099000e+00    2.50864000e-01
5  0
    1.08370000e+02    5.24593000e-03
    2.93518000e+01   -6.69699000e-02
    1.48911000e+01   -2.92848000e-01
    7.94753000e+00   -1.95660000e-01
    4.39441000e+00    5.00000000e-01
1  0
    2.14158000e+00    1.00000000e+00
1  0
    9.93990000e-01    1.00000000e+00
1  0
    2.97252000e-01    1.00000000e+00
1  0
    1.32411000e-01    1.00000000e+00
1  0
    5.51476000e-02    1.00000000e+00
7  1
    4.14131000e+05    9.28380000e-06
    6.37124000e+04    1.85394000e-04
    1.55716000e+04    1.62036000e-03
    5.19527000e+03    9.02879000e-03
    2.03604000e+03    3.98676000e-02
    8.84048000e+02    1.48078000e-01
    4.06486000e+02    5.00000000e-01
1  1
    1.95069000e+02    1.00000000e+00
1  1
    9.73028000e+01    1.00000000e+00
1  1
    4.99982000e+01    1.00000000e+00
1  1
    2.64611000e+01    1.00000000e+00
1  1
    1.41223000e+01    1.00000000e+00
1  1
    7.54815000e+00    1.00000000e+00
1  1
    3.83231000e+00    1.00000000e+00
1  1
    1.90617000e+00    1.00000000e+00
1  1
    9.15088000e-01    1.00000000e+00
1  1
    3.82376000e-01    1.00000000e+00
1  1
    1.63052000e-01    1.00000000e+00
1  1
    6.71207000e-02    1.00000000e+00
1  1
    2.57405000e-02    1.00000000e+00
8  2
    7.63505000e+02    3.17407000e-04
    2.32292000e+02    2.95694000e-03
    8.95005000e+01    1.69557000e-02
    3.88819000e+01    6.48522000e-02
    1.88641000e+01    1.60929000e-01
    9.59165000e+00    3.21013000e-01
    4.97432000e+00    4.54513000e-01
    2.56034000e+00    5.00000000e-01
1  2
    1.29003000e+00    1.00000000e+00
1  2
    6.28041000e-01    1.00000000e+00
1  2
    2.91268000e-01    1.00000000e+00
1  2
    1.23759000e-01    1.00000000e+00
1  2
    5.60000000e-02    1.00000000e+00
1  3
    5.25000000e+00    1.00000000e+00
1  3
    1.55000000e+00    1.00000000e+00
1  3
    4.50000000e-01    1.00000000e+00
1  3
    1.82000000e-01    1.00000000e+00
1  4
    1.40000000e+00    1.00000000e+00
1  4
    3.50000000e-01    1.00000000e+00
1  5
    5.20000000e-01    1.00000000e+00
