18
12  0
    2.21188686e+04    3.63121480e+00
    1.15631894e+04   -1.13720030e+00
    6.06690737e+03    8.71003930e+00
    3.06416299e+03    7.99124510e+00
    1.58232947e+03    2.07576561e+01
    7.85531967e+02    2.20229881e+01
    4.20574656e+02    1.58971216e+01
    2.18367819e+02   -1.87219450e+00
    1.07815190e+02   -1.10962600e-01
    5.14202463e+01    2.43297099e+01
    2.71061684e+01    1.08281431e+01
    1.34767963e+01   -7.23006030e+00
1  0
    6.61212510e+00    1.00000000e+00
1  0
    3.31689500e+00    1.00000000e+00
1  0
    1.53683550e+00    1.00000000e+00
1  0
    8.02970200e-01    1.00000000e+00
1  0
    3.74646000e-01    1.00000000e+00
1  0
    1.92452700e-01    1.00000000e+00
1  0
    8.94794000e-02    1.00000000e+00
2  1
    6.48165130e+00    1.00000000e+00
    1.99905990e+00    1.00000000e+00
1  1
    6.50846100e-01    1.00000000e+00
1  1
    2.19217200e-01    1.00000000e+00
1  1
    7.46963000e-02    1.00000000e+00
3  2
    2.33115125e+01   -2.62500000e-03
    6.57788780e+00    2.00621000e-02
    1.87346060e+00   -1.69174000e-02
1  2
    5.36594400e-01    1.00000000e+00
1  2
    1.53980300e-01    1.00000000e+00
2  3
    2.03653770e+00   -1.25990000e-03
    5.06310600e-01    3.28550000e-03
1  3
    1.25750000e-01    1.00000000e+00
1  4
    9.82556700e-01    1.00000000e+00
