33
1  0
    8.94919003e+04    1.00000000e+00
1  0
    3.27635408e+04    1.00000000e+00
1  0
    1.24568531e+04    1.00000000e+00
1  0
    4.91391757e+03    1.00000000e+00
1  0
    2.00895573e+03    1.00000000e+00
1  0
    8.50122888e+02    1.00000000e+00
1  0
    3.71816568e+02    1.00000000e+00
1  0
    1.67801583e+02    1.00000000e+00
1  0
    7.79980462e+01    1.00000000e+00
1  0
    3.72654323e+01    1.00000000e+00
1  0
    1.82596477e+01    1.00000000e+00
1  0
    9.15351499e+00    1.00000000e+00
1  0
    4.68228898e+00    1.00000000e+00
1  0
    2.43721819e+00    1.00000000e+00
1  0
    1.28712414e+00    1.00000000e+00
1  0
    6.87546880e-01    1.00000000e+00
1  0
    3.70304550e-01    1.00000000e+00
1  0
    2.00435610e-01    1.00000000e+00
1  0
    1.08670790e-01    1.00000000e+00
1  1
    6.48165130e+00    1.00000000e+00
1  1
    1.99905990e+00    1.00000000e+00
1  1
    6.50846100e-01    1.00000000e+00
1  1
    2.19217200e-01    1.00000000e+00
1  1
    7.46963000e-02    1.00000000e+00
1  2
    6.50000000e+00    1.00000000e+00
1  2
    1.70000000e+00    1.00000000e+00
1  2
    6.20000000e-01    1.00000000e+00
1  2
    2.50000000e-01    1.00000000e+00
1  2
    1.00000000e-01    1.00000000e+00
1  3
    2.03653770e+00    1.00000000e+00
1  3
    5.06310600e-01    1.00000000e+00
1  3
    1.25750000e-01    1.00000000e+00
1  4
    9.82556700e-01    1.00000000e+00
