34
6  0
    1.71712825e+05    4.48151589e-05
    2.59109329e+04    3.42205673e-04
    5.95903328e+03    1.68850974e-03
    1.70359810e+03    6.15850596e-03
    5.61543085e+02    1.44804945e-02
    1.96423180e+02    1.93508785e-02
1  0
    4.47550014e+01    1.00000000e+00
1  0
    3.01529999e+01    1.00000000e+00
1  0
    1.60055829e+01    1.00000000e+00
1  0
    3.90241936e+00    1.00000000e+00
1  0
    1.96628012e+00    1.00000000e+00
1  0
    7.84913340e-01    1.00000000e+00
1  0
    3.50631770e-01    1.00000000e+00
1  0
    7.75335984e-02    1.00000000e+00
1  0
    3.70707688e-02    1.00000000e+00
1  0
    1.49789118e-02    1.00000000e+00
3  1
    2.77810890e+01    4.66049130e-02
    1.24853070e+01   -2.47731130e-01
    7.71728140e+00    4.10424110e-04
9  1
    3.78664665e+03    6.91559699e-05
    1.03926583e+03    4.09600092e-04
    3.67631391e+02    1.97306987e-03
    1.29466003e+02    7.05259458e-03
    3.55707670e+01    3.40640984e-02
    2.89006011e+01    9.09163163e-03
    1.38088785e+01   -2.97948062e-01
    7.56245725e+00    3.17558258e-01
    3.74948322e+00    6.50335841e-01
1  1
    1.85171153e+00    1.00000000e+00
1  1
    8.80999195e-01    1.00000000e+00
1  1
    4.06526745e-01    1.00000000e+00
1  1
    1.76509164e-01    1.00000000e+00
1  1
    6.70000000e-02    1.00000000e+00
1  1
    3.00000000e-02    1.00000000e+00
6  2
    6.28776953e+02    2.48613217e-04
    2.04626862e+02    1.82773921e-03
    8.33130782e+01    8.66009393e-03
    3.55554357e+01    2.91111976e-02
    1.20052374e+01    7.91498352e-02
    6.44462919e+00    3.76215361e-01
1  2
    3.26086623e+00    1.00000000e+00
1  2
    1.56602739e+00    1.00000000e+00
1  2
    6.44701225e-01    1.00000000e+00
1  2
    2.40048949e-01    1.00000000e+00
1  2
    8.11800809e-02    1.00000000e+00
6  3
    1.63882440e+02    3.99436470e-03
    5.97121830e+01    4.07088720e-02
    2.75081930e+01    1.73102550e-01
    1.31353060e+01    3.79116610e-01
    6.29316570e+00    5.94747030e-01
    2.92745750e+00    6.75092200e-01
1  3
    1.35001750e+00    1.00000000e+00
1  3
    1.06663310e+00    1.00000000e+00
1  3
    5.22059890e-01    1.00000000e+00
1  3
    2.08325990e-01    1.00000000e+00
4  4
    2.08882000e+01    2.70730000e-02
    9.52330000e+00    9.41740000e-02
    4.34760000e+00    2.05201000e-01
    1.92410000e+00    4.03979000e-01
1  4
    7.92600000e-01    1.00000000e+00
1  4
    2.85500000e-01    1.00000000e+00
1  5
    2.40000000e+00    1.00000000e+00
