67
1  0
    1.07736957e+07    1.00000000e+00
1  0
    4.68240874e+06    1.00000000e+00
1  0
    2.07817250e+06    1.00000000e+00
1  0
    9.41668857e+05    1.00000000e+00
1  0
    4.35517120e+05    1.00000000e+00
1  0
    2.05531161e+05    1.00000000e+00
1  0
    9.89416321e+04    1.00000000e+00
1  0
    4.85692119e+04    1.00000000e+00
1  0
    2.43031742e+04    1.00000000e+00
1  0
    1.23911501e+04    1.00000000e+00
1  0
    6.43458676e+03    1.00000000e+00
1  0
    3.40165760e+03    1.00000000e+00
1  0
    1.82981999e+03    1.00000000e+00
1  0
    1.00103018e+03    1.00000000e+00
1  0
    5.56629631e+02    1.00000000e+00
1  0
    3.14420701e+02    1.00000000e+00
1  0
    1.80307132e+02    1.00000000e+00
1  0
    1.04903256e+02    1.00000000e+00
1  0
    6.18789300e+01    1.00000000e+00
1  0
    3.69797701e+01    1.00000000e+00
1  0
    2.23732802e+01    1.00000000e+00
1  0
    1.36931269e+01    1.00000000e+00
1  0
    8.47098819e+00    1.00000000e+00
1  0
    5.29252591e+00    1.00000000e+00
1  0
    3.33669941e+00    1.00000000e+00
1  0
    2.12086734e+00    1.00000000e+00
1  0
    1.35787465e+00    1.00000000e+00
1  0
    8.74891600e-01    1.00000000e+00
1  0
    5.66745440e-01    1.00000000e+00
1  0
    3.68761150e-01    1.00000000e+00
1  0
    2.40770960e-01    1.00000000e+00
1  0
    1.57593750e-01    1.00000000e+00
1  0
    1.03304850e-01    1.00000000e+00
1  0
    6.77513900e-02    1.00000000e+00
1  1
    8.13307670e+00    1.00000000e+00
1  1
    3.69014830e+00    1.00000000e+00
1  1
    1.68022550e+00    1.00000000e+00
1  1
    7.67165100e-01    1.00000000e+00
1  1
    3.50968000e-01    1.00000000e+00
1  1
    1.60753800e-01    1.00000000e+00
1  1
    7.36592000e-02    1.00000000e+00
1  2
    2.69037934e+01    1.00000000e+00
1  2
    1.01245154e+01    1.00000000e+00
1  2
    3.82855150e+00    1.00000000e+00
1  2
    1.45323130e+00    1.00000000e+00
1  2
    5.53108400e-01    1.00000000e+00
1  2
    2.10859100e-01    1.00000000e+00
1  3
    9.76968790e+00    1.00000000e+00
1  3
    3.69048880e+00    1.00000000e+00
1  3
    1.29113180e+00    1.00000000e+00
1  3
    5.37585700e-01    1.00000000e+00
1  3
    2.47301200e-01    1.00000000e+00
1  3
    1.05042000e-01    1.00000000e+00
1  4
    1.10027328e+01    1.00000000e+00
1  4
    4.34699552e+00    1.00000000e+00
1  4
    1.88083481e+00    1.00000000e+00
1  4
    8.73130010e-01    1.00000000e+00
1  4
    4.23873500e-01    1.00000000e+00
1  4
    2.08962360e-01    1.00000000e+00
1  5
    1.28799103e+01    1.00000000e+00
1  5
    2.77564810e+00    1.00000000e+00
1  5
    6.00360300e-01    1.00000000e+00
1  6
    4.14692912e+01    1.00000000e+00
1  6
    1.64965837e+01    1.00000000e+00
1  6
    6.62153400e+00    1.00000000e+00
1  6
    2.67225820e+00    1.00000000e+00
1  6
    1.08040390e+00    1.00000000e+00
