18
6  0
    3.57500000e+05    8.38980000e-04
    5.36700000e+04    6.26350000e-03
    1.23000000e+04    3.20360000e-02
    3.51200000e+03    1.27510000e-01
    1.16100000e+03    3.91650000e-01
    4.28000000e+02    5.45280000e-01
3  0
    4.28000000e+02    1.81600000e-01
    1.70000000e+02    6.22480000e-01
    7.20600000e+01    2.48720000e-01
1  0
    2.66900000e+01    1.00000000e+00
1  0
    1.15000000e+01    1.00000000e+00
1  0
    3.74200000e+00    1.00000000e+00
1  0
    1.49900000e+00    1.00000000e+00
1  0
    2.29200000e-01    1.00000000e+00
1  0
    8.67500000e-02    1.00000000e+00
3  1
    2.34500000e+03    2.25140000e-02
    5.54200000e+02    1.83350000e-01
    1.77300000e+02    8.60030000e-01
3  1
    6.61300000e+01    3.43060000e-01
    2.69000000e+01    5.06520000e-01
    1.12600000e+01    2.61410000e-01
3  1
    1.12600000e+01    6.72460000e-02
    6.11600000e+00    3.72380000e-01
    2.81900000e+00    6.17630000e-01
1  1
    1.21100000e+00    1.00000000e+00
1  1
    3.56800000e-01    1.00000000e+00
1  1
    1.62100000e-01    1.00000000e+00
1  1
    6.08400000e-02    1.00000000e+00
4  2
    7.48400000e+01    3.03900000e-02
    2.12300000e+01    1.73190000e-01
    7.29700000e+00    4.40900000e-01
    2.54900000e+00    5.65320000e-01
1  2
    8.16500000e-01    1.00000000e+00
1  2
    2.28000000e-01    1.00000000e+00
