12
6  0
    2.61174000e+03    6.56000000e-04
    3.90030000e+02    3.59500000e-03
    3.42279000e+01    1.00126000e-01
    1.51072000e+01   -4.34959000e-01
    2.92774000e+00    7.35500000e-01
    1.27159000e+00    4.58592000e-01
6  0
    2.61174000e+03   -2.01000000e-04
    3.90030000e+02   -1.17600000e-03
    3.42279000e+01   -2.91870000e-02
    1.51072000e+01    1.34027000e-01
    2.92774000e+00   -2.95806000e-01
    1.27159000e+00   -3.08730000e-01
1  0
    2.62497000e-01    1.00000000e+00
1  0
    9.43060000e-02    1.00000000e+00
1  0
    3.10000000e-02    1.00000000e+00
6  1
    1.08379000e+02    2.67800000e-03
    2.26697000e+01   -8.07630000e-02
    5.36897000e+00    3.98676000e-01
    2.36025000e+00    5.23026000e-01
    1.00458000e+00    1.98456000e-01
    2.60840000e-01    7.40400000e-03
6  1
    1.08379000e+02   -4.61000000e-04
    2.26697000e+01    1.66580000e-02
    5.36897000e+00   -9.17910000e-02
    2.36025000e+00   -1.48559000e-01
    1.00458000e+00    3.08000000e-04
    2.60840000e-01    5.38550000e-01
1  1
    7.92270000e-02    1.00000000e+00
1  1
    2.32000000e-02    1.00000000e+00
6  2
    9.88248000e+01    1.30960000e-02
    3.20078000e+01    8.11490000e-02
    1.18456000e+01    2.43246000e-01
    4.62772000e+00    4.01474000e-01
    1.75844000e+00    4.02437000e-01
    6.09192000e-01    1.78540000e-01
1  2
    2.42500000e-01    1.00000000e+00
1  2
    7.80000000e-02    1.00000000e+00
