25
18  0
    1.23605070e+07    3.90000000e-06
    1.85069780e+06    3.05000000e-05
    4.21131420e+05    1.60500000e-04
    1.19278260e+05    6.77600000e-04
    3.89122770e+04    2.46370000e-03
    1.40486820e+04    7.98350000e-03
    5.48069920e+03    2.33774000e-02
    2.27420550e+03    6.15742000e-02
    9.92241290e+02    1.41507600e-01
    4.50999660e+02    2.64694200e-01
    2.11820240e+02    3.48325700e-01
    1.01411020e+02    2.45419600e-01
    4.69140900e+01    5.35646000e-02
    2.35089500e+01   -1.83800000e-03
    1.16813110e+01    1.80490000e-03
    5.43452600e+00   -8.47600000e-04
    2.60880800e+00    3.66800000e-04
    1.19844200e+00   -1.54200000e-04
18  0
    1.23605070e+07   -1.20000000e-06
    1.85069780e+06   -9.50000000e-06
    4.21131420e+05   -4.99000000e-05
    1.19278260e+05   -2.10900000e-04
    3.89122770e+04   -7.68600000e-04
    1.40486820e+04   -2.50250000e-03
    5.48069920e+03   -7.42590000e-03
    2.27420550e+03   -2.01249000e-02
    9.92241290e+02   -4.92986000e-02
    4.50999660e+02   -1.04868300e-01
    2.11820240e+02   -1.78327500e-01
    1.01411020e+02   -1.78958100e-01
    4.69140900e+01    8.73842000e-02
    2.35089500e+01    5.27092000e-01
    1.16813110e+01    4.67955100e-01
    5.43452600e+00    8.92206000e-02
    2.60880800e+00   -3.42300000e-04
    1.19844200e+00    1.91440000e-03
18  0
    1.23605070e+07    5.00000000e-07
    1.85069780e+06    3.70000000e-06
    4.21131420e+05    1.92000000e-05
    1.19278260e+05    8.13000000e-05
    3.89122770e+04    2.96500000e-04
    1.40486820e+04    9.64800000e-04
    5.48069920e+03    2.87150000e-03
    2.27420550e+03    7.79730000e-03
    9.92241290e+02    1.92922000e-02
    4.50999660e+02    4.16200000e-02
    2.11820240e+02    7.35368000e-02
    1.01411020e+02    7.78320000e-02
    4.69140900e+01   -4.23582000e-02
    2.35089500e+01   -3.44753700e-01
    1.16813110e+01   -4.45671300e-01
    5.43452600e+00    1.51154400e-01
    2.60880800e+00    7.17429500e-01
    1.19844200e+00    4.03563400e-01
18  0
    1.23605070e+07   -1.00000000e-07
    1.85069780e+06   -9.00000000e-07
    4.21131420e+05   -4.90000000e-06
    1.19278260e+05   -2.08000000e-05
    3.89122770e+04   -7.61000000e-05
    1.40486820e+04   -2.47200000e-04
    5.48069920e+03   -7.37300000e-04
    2.27420550e+03   -1.99810000e-03
    9.92241290e+02   -4.96400000e-03
    4.50999660e+02   -1.06930000e-02
    2.11820240e+02   -1.90843000e-02
    1.01411020e+02   -2.01643000e-02
    4.69140900e+01    1.08362000e-02
    2.35089500e+01    9.62110000e-02
    1.16813110e+01    1.27997900e-01
    5.43452600e+00   -5.06065000e-02
    2.60880800e+00   -2.85291700e-01
    1.19844200e+00   -3.06535900e-01
1  0
    3.29808000e-01    1.00000000e+00
1  0
    1.55433000e-01    1.00000000e+00
1  0
    6.69130000e-02    1.00000000e+00
1  0
    2.63900000e-02    1.00000000e+00
13  1
    2.40174660e+04    5.31000000e-05
    5.68571750e+03    4.72000000e-04
    1.84648590e+03    2.71870000e-03
    7.06249810e+02    1.19145000e-02
    2.99456100e+02    4.17625000e-02
    1.36439040e+02    1.16589400e-01
    6.53901550e+01    2.45833800e-01
    3.23937350e+01    3.59126100e-01
    1.64156160e+01    2.97792900e-01
    8.28778700e+00    1.01770800e-01
    4.11263400e+00    9.40720000e-03
    1.99885400e+00    1.43500000e-03
    9.44291000e-01    3.54000000e-05
13  1
    2.40174660e+04   -2.04000000e-05
    5.68571750e+03   -1.81800000e-04
    1.84648590e+03   -1.04910000e-03
    7.06249810e+02   -4.63920000e-03
    2.99456100e+02   -1.65090000e-02
    1.36439040e+02   -4.76609000e-02
    6.53901550e+01   -1.04967800e-01
    3.23937350e+01   -1.63374500e-01
    1.64156160e+01   -1.18099800e-01
    8.28778700e+00    1.42017800e-01
    4.11263400e+00    4.27432400e-01
    1.99885400e+00    4.25616700e-01
    9.44291000e-01    1.58203400e-01
13  1
    2.40174660e+04    4.00000000e-06
    5.68571750e+03    3.57000000e-05
    1.84648590e+03    2.08000000e-04
    7.06249810e+02    9.12100000e-04
    2.99456100e+02    3.28230000e-03
    1.36439040e+02    9.41390000e-03
    6.53901550e+01    2.10917000e-02
    3.23937350e+01    3.25000000e-02
    1.64156160e+01    2.39972000e-02
    8.28778700e+00   -3.71186000e-02
    4.11263400e+00   -9.88130000e-02
    1.99885400e+00   -1.23565900e-01
    9.44291000e-01   -1.10133000e-02
1  1
    3.41211000e-01    1.00000000e+00
1  1
    1.34350000e-01    1.00000000e+00
1  1
    5.17350000e-02    1.00000000e+00
1  1
    1.85500000e-02    1.00000000e+00
9  2
    8.64674110e+02    1.64500000e-04
    2.61037630e+02    1.56540000e-03
    1.01770300e+02    8.79540000e-03
    4.51166410e+01    3.31852000e-02
    2.14306860e+01    9.19537000e-02
    1.06598610e+01    1.89201700e-01
    5.39228700e+00    2.80589200e-01
    2.70449700e+00    3.11747400e-01
    1.32854400e+00    2.55419700e-01
1  2
    6.26452000e-01    1.00000000e+00
1  2
    2.66013000e-01    1.00000000e+00
1  2
    1.06300000e-01    1.00000000e+00
1  2
    3.97000000e-02    1.00000000e+00
1  3
    5.49200000e-01    1.00000000e+00
1  3
    2.19000000e-01    1.00000000e+00
1  3
    8.84000000e-02    1.00000000e+00
1  4
    4.68100000e-01    1.00000000e+00
1  4
    2.14300000e-01    1.00000000e+00
