33
1  0
    2.70221000e+01    1.00000000e+00
1  0
    1.46583000e+01    1.00000000e+00
1  0
    5.74653000e+00    1.00000000e+00
1  0
    1.74081000e+00    1.00000000e+00
1  0
    8.59269000e-01    1.00000000e+00
1  0
    4.67627000e-01    1.00000000e+00
1  0
    2.43560000e-01    1.00000000e+00
1  0
    1.14683000e-01    1.00000000e+00
1  1
    2.70545000e+01    1.00000000e+00
1  1
    1.73419000e+01    1.00000000e+00
1  1
    7.04974000e+00    1.00000000e+00
1  1
    2.12091000e+00    1.00000000e+00
1  1
    1.12423000e+00    1.00000000e+00
1  1
    5.53981000e-01    1.00000000e+00
1  1
    2.87497000e-01    1.00000000e+00
1  1
    1.64295000e-01    1.00000000e+00
1  2
    2.78519000e+01    1.00000000e+00
1  2
    8.10623000e+00    1.00000000e+00
1  2
    2.48924000e+00    1.00000000e+00
1  2
    1.28452000e+00    1.00000000e+00
1  2
    5.88468000e-01    1.00000000e+00
1  2
    3.00501000e-01    1.00000000e+00
1  2
    1.49046000e-01    1.00000000e+00
1  3
    1.13387000e+01    1.00000000e+00
1  3
    4.16676000e+00    1.00000000e+00
1  3
    1.73445000e+00    1.00000000e+00
1  3
    5.74683000e-01    1.00000000e+00
1  3
    2.64500000e-01    1.00000000e+00
1  4
    2.46987000e+01    1.00000000e+00
1  4
    8.24522000e+00    1.00000000e+00
1  4
    1.43729000e+00    1.00000000e+00
1  4
    5.36983000e-01    1.00000000e+00
1  5
    1.36613000e+00    1.00000000e+00
