24
11  0
    6.62480000e+04    1.30000000e-05
    9.99424000e+03    9.60000000e-05
    2.27514000e+03    4.79000000e-04
    6.40951000e+02    1.67200000e-03
    2.00286000e+02    3.81600000e-03
    5.25937000e+01   -2.20560000e-02
    3.28540000e+01    2.04650000e-01
    2.05236000e+01   -3.13558000e-01
    1.08875000e+01   -2.59320000e-01
    4.20061000e+00    3.01794000e-01
    2.37105000e+00    5.83288000e-01
11  0
    6.62480000e+04   -4.00000000e-06
    9.99424000e+03   -3.10000000e-05
    2.27514000e+03   -1.50000000e-04
    6.40951000e+02   -5.38000000e-04
    2.00286000e+02   -1.17500000e-03
    5.25937000e+01    5.35500000e-03
    3.28540000e+01   -5.84210000e-02
    2.05236000e+01    9.52160000e-02
    1.08875000e+01    7.94140000e-02
    4.20061000e+00   -1.07783000e-01
    2.37105000e+00   -2.46070000e-01
1  0
    1.23865000e+00    1.00000000e+00
1  0
    5.52495000e-01    1.00000000e+00
1  0
    2.89367000e-01    1.00000000e+00
1  0
    1.32536000e-01    1.00000000e+00
1  0
    5.93990000e-02    1.00000000e+00
9  1
    1.37948000e+03    4.30000000e-05
    3.23535000e+02    3.08000000e-04
    7.22644000e+01    5.31900000e-03
    3.13340000e+01   -2.84140000e-02
    1.78983000e+01   -7.23920000e-02
    6.91150000e+00    1.98071000e-01
    3.78067000e+00    3.94970000e-01
    1.98810000e+00    3.76438000e-01
    4.40505000e-01    1.62550000e-02
9  1
    1.37948000e+03   -1.00000000e-05
    3.23535000e+02   -6.50000000e-05
    7.22644000e+01   -1.16900000e-03
    3.13340000e+01    6.58100000e-03
    1.78983000e+01    1.49130000e-02
    6.91150000e+00   -4.86600000e-02
    3.78067000e+00   -9.13690000e-02
    1.98810000e+00   -1.05925000e-01
    4.40505000e-01    1.89084000e-01
1  1
    1.00905000e+00    1.00000000e+00
1  1
    2.01810000e-01    1.00000000e+00
1  1
    9.06810000e-02    1.00000000e+00
1  1
    3.97480000e-02    1.00000000e+00
9  2
    1.09649000e+03    5.90000000e-05
    3.32652000e+02    6.19000000e-04
    1.30539000e+02    4.25200000e-03
    6.00855000e+01    2.09790000e-02
    2.98203000e+01    5.82370000e-02
    1.52103000e+01    1.32200000e-01
    7.93461000e+00    2.22907000e-01
    4.12993000e+00    2.86204000e-01
    2.12165000e+00    2.86928000e-01
1  2
    1.06733000e+00    1.00000000e+00
1  2
    5.14934000e-01    1.00000000e+00
1  2
    2.23160000e-01    1.00000000e+00
1  2
    9.24000000e-02    1.00000000e+00
1  3
    6.77100000e-01    1.00000000e+00
1  3
    3.34700000e-01    1.00000000e+00
1  3
    1.65500000e-01    1.00000000e+00
1  4
    6.99800000e-01    1.00000000e+00
1  4
    3.22000000e-01    1.00000000e+00
1  5
    5.96600000e-01    1.00000000e+00
