46
1  0
    4.97802546e+01    1.00000000e+00
1  0
    3.31868364e+01    1.00000000e+00
1  0
    1.49499917e+01    1.00000000e+00
1  0
    7.66850865e+00    1.00000000e+00
1  0
    3.95539678e+00    1.00000000e+00
1  0
    2.41247903e+00    1.00000000e+00
1  0
    1.05094009e+00    1.00000000e+00
1  0
    6.98345810e-01    1.00000000e+00
1  0
    3.02526820e-01    1.00000000e+00
1  0
    2.02113180e-01    1.00000000e+00
1  0
    8.88420500e-02    1.00000000e+00
1  1
    4.69247306e+01    1.00000000e+00
1  1
    2.65003409e+01    1.00000000e+00
1  1
    6.76492432e+00    1.00000000e+00
1  1
    3.64583692e+00    1.00000000e+00
1  1
    1.97288356e+00    1.00000000e+00
1  1
    1.13086236e+00    1.00000000e+00
1  1
    5.77952090e-01    1.00000000e+00
1  1
    3.10486540e-01    1.00000000e+00
1  1
    1.46540310e-01    1.00000000e+00
1  1
    7.72095600e-02    1.00000000e+00
1  2
    1.16863304e+02    1.00000000e+00
1  2
    2.90022533e+01    1.00000000e+00
1  2
    9.93996623e+00    1.00000000e+00
1  2
    3.86378106e+00    1.00000000e+00
1  2
    2.45886861e+00    1.00000000e+00
1  2
    8.67257880e-01    1.00000000e+00
1  2
    5.48390500e-01    1.00000000e+00
1  2
    2.74048490e-01    1.00000000e+00
1  2
    1.33426440e-01    1.00000000e+00
1  3
    7.44875421e+01    1.00000000e+00
1  3
    1.14577930e+01    1.00000000e+00
1  3
    6.30256513e+00    1.00000000e+00
1  3
    1.85621378e+00    1.00000000e+00
1  3
    7.61173390e-01    1.00000000e+00
1  3
    4.34024370e-01    1.00000000e+00
1  3
    2.05754950e-01    1.00000000e+00
1  4
    2.36152188e+01    1.00000000e+00
1  4
    8.17252310e+00    1.00000000e+00
1  4
    1.98358355e+00    1.00000000e+00
1  4
    7.25760390e-01    1.00000000e+00
1  4
    3.67057410e-01    1.00000000e+00
1  5
    3.83015515e+00    1.00000000e+00
1  5
    1.51426366e+00    1.00000000e+00
1  5
    6.18110440e-01    1.00000000e+00
1  6
    1.42743429e+00    1.00000000e+00
