18
10  0
    2.51517000e+04    4.20000000e-05
    3.78538000e+03    3.15000000e-04
    8.60478000e+02    1.41800000e-03
    2.35982000e+02    3.81900000e-03
    5.16460000e+01   -1.76720000e-02
    3.22696000e+01    2.01442000e-01
    2.01619000e+01   -3.25843000e-01
    1.08084000e+01   -2.42577000e-01
    3.83655000e+00    4.15118000e-01
    2.03924000e+00    5.93123000e-01
10  0
    2.51517000e+04   -1.30000000e-05
    3.78538000e+03   -9.90000000e-05
    8.60478000e+02   -4.52000000e-04
    2.35982000e+02   -1.20000000e-03
    5.16460000e+01    4.25700000e-03
    3.22696000e+01   -5.81880000e-02
    2.01619000e+01    1.00267000e-01
    1.08084000e+01    7.25920000e-02
    3.83655000e+00   -1.45883000e-01
    2.03924000e+00   -2.88103000e-01
1  0
    1.03163000e+00    1.00000000e+00
1  0
    3.47090000e-01    1.00000000e+00
1  0
    1.55401000e-01    1.00000000e+00
1  0
    6.64650000e-02    1.00000000e+00
8  1
    4.66318000e+02    2.47000000e-04
    7.94790000e+01    4.46400000e-03
    3.17888000e+01   -2.09550000e-02
    1.94127000e+01   -7.12630000e-02
    6.13330000e+00    2.82760000e-01
    3.08141000e+00    4.59700000e-01
    1.51653000e+00    3.19537000e-01
    7.15912000e-01    7.16560000e-02
8  1
    4.66318000e+02   -5.20000000e-05
    7.94790000e+01   -1.00100000e-03
    3.17888000e+01    5.14500000e-03
    1.94127000e+01    1.43770000e-02
    6.13330000e+00   -6.87950000e-02
    3.08141000e+00   -1.08256000e-01
    1.51653000e+00   -1.01148000e-01
    7.15912000e-01    5.49850000e-02
1  1
    2.91143000e-01    1.00000000e+00
1  1
    1.19015000e-01    1.00000000e+00
1  1
    4.76750000e-02    1.00000000e+00
9  2
    7.45717000e+02    1.40000000e-04
    2.26111000e+02    1.47300000e-03
    8.91353000e+01    1.02010000e-02
    4.17727000e+01    3.91790000e-02
    2.00914000e+01    1.01935000e-01
    1.00889000e+01    1.99325000e-01
    5.10867000e+00    2.83169000e-01
    2.56276000e+00    3.06858000e-01
    1.26082000e+00    2.45270000e-01
1  2
    5.95846000e-01    1.00000000e+00
1  2
    2.53835000e-01    1.00000000e+00
1  2
    1.02100000e-01    1.00000000e+00
1  3
    5.51700000e-01    1.00000000e+00
1  3
    2.21400000e-01    1.00000000e+00
1  4
    4.78900000e-01    1.00000000e+00
