26
1  0
    2.05390000e+01    1.00000000e+00
1  0
    1.33951000e+01    1.00000000e+00
1  0
    6.95868000e+00    1.00000000e+00
1  0
    2.12778000e+00    1.00000000e+00
1  0
    9.83310000e-01    1.00000000e+00
1  0
    6.08065000e-01    1.00000000e+00
1  0
    2.31427000e-01    1.00000000e+00
1  0
    1.58583000e-01    1.00000000e+00
1  1
    2.39443000e+01    1.00000000e+00
1  1
    1.46921000e+01    1.00000000e+00
1  1
    7.40336000e+00    1.00000000e+00
1  1
    2.16557000e+00    1.00000000e+00
1  1
    9.69943000e-01    1.00000000e+00
1  1
    4.17162000e-01    1.00000000e+00
1  1
    1.93909000e-01    1.00000000e+00
1  2
    3.00622000e+01    1.00000000e+00
1  2
    7.21596000e+00    1.00000000e+00
1  2
    2.55150000e+00    1.00000000e+00
1  2
    1.06771000e+00    1.00000000e+00
1  2
    4.25755000e-01    1.00000000e+00
1  2
    1.69759000e-01    1.00000000e+00
1  3
    9.91617000e+00    1.00000000e+00
1  3
    1.39397000e+00    1.00000000e+00
1  3
    4.24586000e-01    1.00000000e+00
1  4
    1.17320000e+01    1.00000000e+00
1  4
    8.96716000e-01    1.00000000e+00
