62
1  0
    5.25830000e+01    1.00000000e+00
1  0
    3.59626000e+01    1.00000000e+00
1  0
    2.13838000e+01    1.00000000e+00
1  0
    1.14194000e+01    1.00000000e+00
1  0
    7.69627000e+00    1.00000000e+00
1  0
    4.00134000e+00    1.00000000e+00
1  0
    2.22167000e+00    1.00000000e+00
1  0
    1.30498000e+00    1.00000000e+00
1  0
    7.58946000e-01    1.00000000e+00
1  0
    4.30873000e-01    1.00000000e+00
1  0
    2.56674000e-01    1.00000000e+00
1  0
    1.45797000e-01    1.00000000e+00
1  0
    8.42470000e-02    1.00000000e+00
1  1
    4.10591000e+01    1.00000000e+00
1  1
    1.94644000e+01    1.00000000e+00
1  1
    1.09290000e+01    1.00000000e+00
1  1
    6.41605000e+00    1.00000000e+00
1  1
    3.54882000e+00    1.00000000e+00
1  1
    2.22192000e+00    1.00000000e+00
1  1
    1.30233000e+00    1.00000000e+00
1  1
    7.40783000e-01    1.00000000e+00
1  1
    4.62240000e-01    1.00000000e+00
1  1
    2.82769000e-01    1.00000000e+00
1  1
    1.57119000e-01    1.00000000e+00
1  1
    9.42944000e-02    1.00000000e+00
1  2
    3.30839000e+01    1.00000000e+00
1  2
    1.76426000e+01    1.00000000e+00
1  2
    1.01563000e+01    1.00000000e+00
1  2
    4.95351000e+00    1.00000000e+00
1  2
    2.70429000e+00    1.00000000e+00
1  2
    1.45479000e+00    1.00000000e+00
1  2
    8.92825000e-01    1.00000000e+00
1  2
    5.64726000e-01    1.00000000e+00
1  2
    3.57310000e-01    1.00000000e+00
1  2
    1.93141000e-01    1.00000000e+00
1  2
    9.60841000e-02    1.00000000e+00
1  3
    3.03127000e+01    1.00000000e+00
1  3
    1.33125000e+01    1.00000000e+00
1  3
    5.71569000e+00    1.00000000e+00
1  3
    3.18746000e+00    1.00000000e+00
1  3
    1.49672000e+00    1.00000000e+00
1  3
    7.99287000e-01    1.00000000e+00
1  3
    5.39487000e-01    1.00000000e+00
1  3
    3.23592000e-01    1.00000000e+00
1  3
    1.70128000e-01    1.00000000e+00
1  4
    4.01979000e+01    1.00000000e+00
1  4
    1.46066000e+01    1.00000000e+00
1  4
    6.01661000e+00    1.00000000e+00
1  4
    2.92239000e+00    1.00000000e+00
1  4
    1.56329000e+00    1.00000000e+00
1  4
    8.39918000e-01    1.00000000e+00
1  4
    5.04640000e-01    1.00000000e+00
1  4
    2.61412000e-01    1.00000000e+00
1  5
    6.36229000e+00    1.00000000e+00
1  5
    2.81655000e+00    1.00000000e+00
1  5
    1.49547000e+00    1.00000000e+00
1  5
    8.43581000e-01    1.00000000e+00
1  5
    4.49570000e-01    1.00000000e+00
1  6
    3.17533000e+00    1.00000000e+00
1  6
    1.45363000e+00    1.00000000e+00
1  6
    7.85939000e-01    1.00000000e+00
1  7
    1.51874000e+00    1.00000000e+00
