25
11  0
    7.23305603e+06    7.66387515e-06
    1.08288617e+06    5.96036014e-05
    2.46481470e+05    3.13190880e-04
    6.98624270e+04    1.31940516e-03
    2.28158097e+04    4.77360992e-03
    8.24653693e+03    1.53192505e-02
    3.21993673e+03    4.39008707e-02
    1.33657437e+03    1.10285736e-01
    5.82877375e+02    2.29126305e-01
    2.64595114e+02    3.47792592e-01
    1.23778233e+02    2.99687222e-01
4  0
    2.31110558e+03    7.50330847e-03
    7.16270899e+02    7.47783866e-02
    2.75453309e+02    3.50928823e-01
    1.18932926e+02    7.20559897e-01
1  0
    5.84356991e+01    1.00000000e+00
1  0
    2.62615760e+01    1.00000000e+00
1  0
    1.26648807e+01    1.00000000e+00
1  0
    5.72695485e+00    1.00000000e+00
1  0
    2.75550232e+00    1.00000000e+00
1  0
    1.24328868e+00    1.00000000e+00
1  0
    3.31071838e-01    1.00000000e+00
1  0
    1.59640814e-01    1.00000000e+00
1  0
    6.84631789e-02    1.00000000e+00
9  1
    1.65557111e+04    1.01993704e-04
    3.91499037e+03    9.05041905e-04
    1.26947665e+03    5.15584908e-03
    4.84354378e+02    2.20103357e-02
    2.04649858e+02    7.34347988e-02
    9.27910321e+01    1.86089553e-01
    4.40550603e+01    3.33309819e-01
    2.16013199e+01    3.62297762e-01
    1.07321692e+01    1.77651863e-01
2  1
    1.00889340e+02   -1.11461821e-01
    3.66402547e+01   -5.23243243e-01
4  1
    8.03432241e+00    3.14847633e-01
    4.56134383e+00    3.87377448e-01
    3.17948822e+00    5.00343536e-01
    9.26120415e-01    2.26567079e-01
1  1
    1.79770409e+00    1.00000000e+00
1  1
    4.13868654e-01    1.00000000e+00
1  1
    1.58307987e-01    1.00000000e+00
1  1
    5.78770359e-02    1.00000000e+00
7  2
    4.20995659e+02    7.82121922e-04
    1.26362098e+02    6.95601238e-03
    4.86614735e+01    3.37121883e-02
    2.08803255e+01    1.07172912e-01
    9.54182294e+00    2.31610301e-01
    4.43536539e+00    3.33909543e-01
    2.02854219e+00    3.37206764e-01
1  2
    8.94849353e-01    1.00000000e+00
1  2
    3.57860743e-01    1.00000000e+00
1  2
    1.40000000e-01    1.00000000e+00
1  3
    5.49200000e-01    1.00000000e+00
1  3
    2.19000000e-01    1.00000000e+00
1  4
    4.68100000e-01    1.00000000e+00
