20
1  0
    3.60320000e+04    1.00000000e+00
1  0
    7.20600000e+03    1.00000000e+00
1  0
    1.80200000e+03    1.00000000e+00
1  0
    4.50000000e+02    1.00000000e+00
1  0
    1.13000000e+02    1.00000000e+00
1  0
    3.52000000e+01    1.00000000e+00
1  1
    3.52000000e+01    1.00000000e+00
1  0
    7.04000000e+00    1.00000000e+00
1  1
    7.04000000e+00    1.00000000e+00
1  0
    1.76000000e+00    1.00000000e+00
1  1
    1.76000000e+00    1.00000000e+00
1  0
    4.40000000e-01    1.00000000e+00
1  1
    4.40000000e-01    1.00000000e+00
1  0
    1.10000000e-01    1.00000000e+00
1  1
    1.10000000e-01    1.00000000e+00
1  2
    3.52000000e+01    1.00000000e+00
1  2
    7.04000000e+00    1.00000000e+00
1  2
    1.76000000e+00    1.00000000e+00
1  2
    4.40000000e-01    1.00000000e+00
1  2
    1.10000000e-01    1.00000000e+00
