15
6  0
    9.40750000e+04    1.84313000e-03
    1.41259000e+04    1.41311000e-02
    3.21453000e+03    7.01809000e-02
    9.07858000e+02    2.44816000e-01
    2.95690000e+02    5.00000000e-01
    1.02033000e+02    3.94240000e-01
4  0
    1.95700000e+02   -8.01708000e-02
    2.35087000e+01    5.00000000e-01
    1.05661000e+01    3.75364000e-01
    3.70547000e+00    4.26290000e-02
2  0
    2.81813000e+00    5.00000000e-01
    1.14053000e+00    2.48797000e-01
1  0
    2.30928000e-01    1.00000000e+00
1  0
    8.27973000e-02    1.00000000e+00
5  1
    1.61091000e+04    2.20354000e-04
    2.47832000e+03    4.34781000e-03
    5.86047000e+02    3.71371000e-02
    1.88847000e+02    1.72234000e-01
    7.06328000e+01    5.00000000e-01
1  1
    2.86084000e+01    1.00000000e+00
1  1
    1.20892000e+01    1.00000000e+00
1  1
    4.37604000e+00    1.00000000e+00
1  1
    1.57638000e+00    1.00000000e+00
1  1
    3.42973000e-01    1.00000000e+00
1  1
    9.38118000e-02    1.00000000e+00
5  2
    1.17163000e+02    1.38385000e-02
    3.41547000e+01    9.28186000e-02
    1.22438000e+01    2.96360000e-01
    4.71988000e+00    5.02921000e-01
    1.74982000e+00    5.00000000e-01
1  2
    5.81837000e-01    1.00000000e+00
1  2
    1.94000000e-01    1.00000000e+00
