Ge nelec 10
Ge ul
2      1.0000000              0.0000000        
Ge S
2     27.2422250            370.2360900        
2      7.4679480              9.2146290        
Ge P
2     45.5679910             99.1350340        
2     45.5175050            198.2714540        
2     18.2457690             28.3881210        
2     17.6510780             56.8034710        
Ge D
2     52.7605980            -17.9670850        
2     53.1366630            -26.8155390        
2     14.5640790             -1.3838930        
2     12.6318570             -2.0726630        
2      3.9230420              0.0803340        
2      3.7387740              0.2385290        
Ge F
2     11.4073780             -0.7056800        
2     18.4290540             -2.4759510        
