35
15  0
    3.88092000e+07    1.54241000e-06
    5.78589000e+06    1.20350000e-05
    1.31771000e+06    6.31098000e-05
    3.74207000e+05    2.65695000e-04
    1.22471000e+05    9.64129000e-04
    4.44222000e+04    3.12636000e-03
    1.74290000e+04    9.26794000e-03
    7.28557000e+03    2.52865000e-02
    3.21747000e+03    6.29630000e-02
    1.48544000e+03    1.42640000e-01
    7.18489000e+02    2.70909000e-01
    3.66247000e+02    4.19955000e-01
    1.90404000e+02    5.00000000e-01
    9.87728000e+01    3.54111000e-01
    5.00871000e+01    9.02102000e-02
7  0
    2.33713000e+03   -1.12794000e-03
    7.25190000e+02   -1.13075000e-02
    2.81451000e+02   -5.04523000e-02
    1.25175000e+02   -1.01319000e-01
    3.03532000e+01    3.44505000e-01
    1.59781000e+01    5.00000000e-01
    8.72620000e+00    2.56462000e-01
5  0
    1.19569000e+02    5.32542000e-03
    3.07469000e+01   -7.50446000e-02
    1.58637000e+01   -3.04726000e-01
    8.61415000e+00   -1.94957000e-01
    4.75753000e+00    5.00000000e-01
1  0
    2.35783000e+00    1.00000000e+00
1  0
    1.11463000e+00    1.00000000e+00
1  0
    3.65255000e-01    1.00000000e+00
1  0
    1.67765000e-01    1.00000000e+00
1  0
    7.06099000e-02    1.00000000e+00
7  1
    4.65296000e+05    8.87956000e-06
    7.15840000e+04    1.79028000e-04
    1.71570000e+04    1.63101000e-03
    5.65772000e+03    9.22536000e-03
    2.21120000e+03    4.05509000e-02
    9.64941000e+02    1.48730000e-01
    4.46114000e+02    5.00000000e-01
1  1
    2.14851000e+02    1.00000000e+00
1  1
    1.07216000e+02    1.00000000e+00
1  1
    5.50585000e+01    1.00000000e+00
1  1
    2.91099000e+01    1.00000000e+00
1  1
    1.55343000e+01    1.00000000e+00
1  1
    8.31049000e+00    1.00000000e+00
1  1
    4.23935000e+00    1.00000000e+00
1  1
    2.12714000e+00    1.00000000e+00
1  1
    1.03296000e+00    1.00000000e+00
1  1
    4.35532000e-01    1.00000000e+00
1  1
    1.95151000e-01    1.00000000e+00
1  1
    8.47058000e-02    1.00000000e+00
1  1
    3.41510000e-02    1.00000000e+00
8  2
    8.56149000e+02    3.07904000e-04
    2.60629000e+02    2.88782000e-03
    1.00470000e+02    1.66866000e-02
    4.37719000e+01    6.44032000e-02
    2.11956000e+01    1.65378000e-01
    1.06872000e+01    3.36843000e-01
    5.53545000e+00    4.71604000e-01
    2.90662000e+00    5.00000000e-01
1  2
    1.53037000e+00    1.00000000e+00
1  2
    7.80763000e-01    1.00000000e+00
1  2
    3.76174000e-01    1.00000000e+00
1  2
    1.63099000e-01    1.00000000e+00
1  2
    7.30000000e-02    1.00000000e+00
1  3
    5.78000000e+00    1.00000000e+00
1  3
    1.70000000e+00    1.00000000e+00
1  3
    5.00000000e-01    1.00000000e+00
1  3
    2.00000000e-01    1.00000000e+00
1  4
    1.54000000e+00    1.00000000e+00
1  4
    3.80000000e-01    1.00000000e+00
1  5
    5.20000000e-01    1.00000000e+00
