33
1  0
    9.21887506e+04    1.00000000e+00
1  0
    3.41226401e+04    1.00000000e+00
1  0
    1.31076733e+04    1.00000000e+00
1  0
    5.22053629e+03    1.00000000e+00
1  0
    2.15342908e+03    1.00000000e+00
1  0
    9.18794558e+02    1.00000000e+00
1  0
    4.04900657e+02    1.00000000e+00
1  0
    1.83997150e+02    1.00000000e+00
1  0
    8.60627136e+01    1.00000000e+00
1  0
    4.13510602e+01    1.00000000e+00
1  0
    2.03643375e+01    1.00000000e+00
1  0
    1.02548719e+01    1.00000000e+00
1  0
    5.26689114e+00    1.00000000e+00
1  0
    2.75143541e+00    1.00000000e+00
1  0
    1.45779991e+00    1.00000000e+00
1  0
    7.81030020e-01    1.00000000e+00
1  0
    4.21814600e-01    1.00000000e+00
1  0
    2.28917720e-01    1.00000000e+00
1  0
    1.24434500e-01    1.00000000e+00
1  1
    7.68220720e+00    1.00000000e+00
1  1
    2.41526410e+00    1.00000000e+00
1  1
    7.83462600e-01    1.00000000e+00
1  1
    2.59074900e-01    1.00000000e+00
1  1
    8.62290000e-02    1.00000000e+00
1  2
    6.07389200e+00    1.00000000e+00
1  2
    1.99565480e+00    1.00000000e+00
1  2
    7.03865300e-01    1.00000000e+00
1  2
    2.59699000e-01    1.00000000e+00
1  2
    9.73145000e-02    1.00000000e+00
1  3
    2.42748280e+00    1.00000000e+00
1  3
    7.00672900e-01    1.00000000e+00
1  3
    2.01900000e-01    1.00000000e+00
1  4
    8.99460500e-01    1.00000000e+00
