20
9  0
    4.72896140e+02    1.59245092e-04
    1.33632830e+02    7.00450513e-04
    3.00147520e+01    4.37030936e-03
    8.52208600e+00    1.74241831e-02
    2.78844700e+00    6.04319367e-02
    1.00398700e+00    1.69921730e-01
    3.89402000e-01    3.49773660e-01
    1.59817000e-01    4.02640537e-01
    6.69620000e-02    1.39332107e-01
1  0
    1.93722800e+00    1.00000000e+00
1  0
    4.98930000e-01    1.00000000e+00
1  0
    1.85373000e-01    1.00000000e+00
1  0
    7.15140000e-02    1.00000000e+00
1  0
    2.88130000e-02    1.00000000e+00
1  0
    1.05760000e-02    1.00000000e+00
1  1
    5.46839600e+00    1.00000000e+00
1  1
    1.84368100e+00    1.00000000e+00
1  1
    7.06853000e-01    1.00000000e+00
1  1
    2.53388000e-01    1.00000000e+00
1  1
    9.08328000e-02    1.00000000e+00
1  2
    2.70322500e+00    1.00000000e+00
1  2
    9.45248000e-01    1.00000000e+00
1  2
    4.10916000e-01    1.00000000e+00
1  2
    1.78632000e-01    1.00000000e+00
1  3
    2.83290300e+00    1.00000000e+00
1  3
    1.03051200e+00    1.00000000e+00
1  3
    3.74864500e-01    1.00000000e+00
1  4
    1.47688548e+00    1.00000000e+00
