9
8  0
    4.01999813e+02    2.00000000e-05
    6.02394250e+01   -5.93000000e-04
    1.37419230e+01    1.33360000e-02
    3.89974100e+00    4.36140000e-02
    1.28562100e+00    1.43743000e-01
    4.64053000e-01    3.30360000e-01
    1.81390000e-01    4.35644000e-01
    7.26920000e-02    1.76927000e-01
1  0
    3.90302000e-01    1.00000000e+00
1  0
    1.10205000e-01    1.00000000e+00
1  0
    2.28540000e-02    1.00000000e+00
1  1
    7.83745000e-01    1.00000000e+00
1  1
    2.35358000e-01    1.00000000e+00
1  1
    6.95200000e-02    1.00000000e+00
1  2
    5.63614000e-01    1.00000000e+00
1  2
    1.73044000e-01    1.00000000e+00
