54   
18    0 
     284997.23     0.00000013
     13941.053     0.00000289   
     3471.4437     0.00000572    
     1903.1627     0.00001753    
     623.29320     0.00007214    
     290.36042     0.00012056  
     126.58232     0.00052484   
     44.692572     0.00201573   
     16.002336     0.00686535   
     6.0810380     0.00000000   
     2.4762650     0.00000000    
     1.0766620     0.00000000    
     0.4884070     0.00000000   
     0.2293090     0.00000000 
     0.1114810     0.00000000   
     0.0550120     0.00000000   
     0.0199860     0.00000000    
     0.0066100     0.00000000 
 1    0 
     6.0810380     0.00000000   
 1    0 
     2.4762650     0.00000000    
 1    0 
     1.0766620     0.00000000    
 1    0 
     0.4884070     0.00000000   
 1    0 
     0.2293090     0.00000000 
 1    0 
     0.1114810     0.00000000   
 1    0 
     0.0550120     0.00000000   
 1    0
     0.0199860     0.00000000    
 1    0
     0.0066100     0.00000000 
 1    1 
     21.701825     1.0000000E+00     
 1    1 
     10.296109     1.0000000E+00    
 1    1 
     4.8848364     1.0000000E+00    
 1    1 
     2.3175382     1.0000000E+00    
 1    1 
     1.0995216     1.0000000E+00    
 1    1 
     0.5216517     1.0000000E+00    
 1    1 
     0.2474899     1.0000000E+00            
 1    1            
     0.1174179     1.0000000E+00                
 1    1
     0.0417400     1.0000000E+00   
 1    2 
     18.015632     1.0000000E+00         
 1    2 
     9.1122145     1.0000000E+00    
 1    2 
     4.6089116     1.0000000E+00    
 1    2 
     2.3311639     1.0000000E+00    
 1    2 
     1.1790908     1.0000000E+00    
 1    2 
     0.5963781     1.0000000E+00    
 1    2
     0.3016450     1.0000000E+00     
 1    2
     0.10386       1.0000000E+00                                                                                  
 1    3 
     15.107851     1.0000000E+00    
 1    3 
     7.8761055     1.0000000E+00    
 1    3 
     4.1060133     1.0000000E+00    
 1    3 
     2.1405688     1.0000000E+00    
 1    3 
     1.1159327     1.0000000E+00    
 1    3
     0.5817640     1.0000000E+00    
 1    3
     0.1995700     1.0000000E+00     
 1    4 
     8.3774603     1.0000000E+00    
 1    4 
     4.6929685     1.0000000E+00    
 1    4 
     2.6289535     1.0000000E+00    
 1    4 
     1.4727131     1.0000000E+00    
 1    4
     0.8249990     1.0000000E+00             
 1    4
     0.2865700     1.0000000E+00    
 1    5 
     7.1115284     1.0000000E+00    
 1    5 
     4.0718537     1.0000000E+00    
 1    5 
     2.3314247     1.0000000E+00    
 1    5 
     1.3349058     1.0000000E+00    
 1    5 
     0.4504600     1.0000000E+00    
 1    6 
     6.0325318     1.0000000E+00    
 1    6
     3.0007400     1.0000000E+00    
 1    6
     1.4926470     1.0000000E+00    
 1    6 
     0.5682600     1.0000000E+00    
 1    7 
     5.8740000     1.0000000E+00    
 1    7 
     2.9440000     1.0000000E+00        
 1    7
     0.8798700     1.0000000E+00    
 1    8
     3.5934340     1.0000000E+00    
 1    8
     1.1082500     1.0000000E+00    
