27 
5    0 
  1776.7755600  1.12288667E-03
   254.0177120  9.49349637E-03
    54.6980390  5.34391973E-02
    15.0183440  2.26185103E-01
     4.9150780  7.79385428E-01
 1    0 
     1.7949240     1.0000000E+00    
 1    0 
     0.7107160     1.0000000E+00    
 1    0 
     0.3048020     1.0000000E+00    
 1    0 
     0.1380460     1.0000000E+00    
 1    0 
     0.0621570     1.0000000E+00    
 1    0 
     0.0189000     1.0000000E+00    
 1    1 
     8.6490000     1.0000000E+00    
 1    1 
     3.4300000     1.0000000E+00    
 1    1 
     1.3600000     1.0000000E+00    
 1    1 
     0.5390000     1.0000000E+00    
 1    1 
     0.2140000     1.0000000E+00    
 1    1 
     0.0670000     1.0000000E+00    
 1    2 
     4.4530000     1.0000000E+00    
 1    2 
     1.9580000     1.0000000E+00    
 1    2 
     0.8610000     1.0000000E+00    
 1    2 
     0.3780000     1.0000000E+00    
 1    2 
     0.1260000     1.0000000E+00    
 1    3 
     4.1000000     1.0000000E+00    
 1    3 
     1.7800000     1.0000000E+00    
 1    3 
     0.7730000     1.0000000E+00    
 1    3 
     0.2450000     1.0000000E+00    
 1    4 
     3.1990000     1.0000000E+00    
 1    4 
     1.3260000     1.0000000E+00    
 1    4 
     0.4070000     1.0000000E+00    
 1    5 
     2.6530000     1.0000000E+00    
 1    5 
     0.6820000     1.0000000E+00    
