28
1  0
    1.95510000e+01    1.00000000e+00
1  0
    4.72330000e+00    1.00000000e+00
1  0
    2.24914000e+00    1.00000000e+00
1  0
    1.04736000e+00    1.00000000e+00
1  0
    5.30888000e-01    1.00000000e+00
1  0
    2.28558000e-01    1.00000000e+00
1  0
    1.25743000e-01    1.00000000e+00
1  1
    1.03080000e+01    1.00000000e+00
1  1
    4.36718000e+00    1.00000000e+00
1  1
    1.77239000e+00    1.00000000e+00
1  1
    7.52381000e-01    1.00000000e+00
1  1
    3.68305000e-01    1.00000000e+00
1  1
    1.97423000e-01    1.00000000e+00
1  2
    5.55417000e+00    1.00000000e+00
1  2
    2.35436000e+00    1.00000000e+00
1  2
    1.15391000e+00    1.00000000e+00
1  2
    6.98252000e-01    1.00000000e+00
1  2
    4.08455000e-01    1.00000000e+00
1  3
    4.98725000e+00    1.00000000e+00
1  3
    2.22061000e+00    1.00000000e+00
1  3
    1.10619000e+00    1.00000000e+00
1  3
    6.62869000e-01    1.00000000e+00
1  4
    3.87796000e+00    1.00000000e+00
1  4
    1.73870000e+00    1.00000000e+00
1  4
    1.03160000e+00    1.00000000e+00
1  5
    3.19509000e+00    1.00000000e+00
1  5
    1.60783000e+00    1.00000000e+00
1  6
    3.22928000e+00    1.00000000e+00
