28
14  0
    2.76251614e+03    2.20000000e-05
    1.21185844e+03    6.00000000e-06
    5.31617120e+02    9.44000000e-05
    2.33209386e+02    1.79400000e-04
    1.02304113e+02    5.84500000e-04
    4.48786889e+01    1.55910000e-03
    1.96873484e+01    4.38830000e-03
    8.63643073e+00    1.20863000e-02
    3.78862274e+00    3.25303000e-02
    1.66199008e+00    8.40580000e-02
    7.29080520e-01    1.93424700e-01
    3.19832480e-01    3.51064100e-01
    1.40303860e-01    3.58782200e-01
    6.15483900e-02    1.06089900e-01
1  0
    3.78862274e+00    1.00000000e+00
1  0
    1.66199008e+00    1.00000000e+00
1  0
    7.29080520e-01    1.00000000e+00
1  0
    3.19832480e-01    1.00000000e+00
1  0
    1.40303860e-01    1.00000000e+00
1  0
    6.15483900e-02    1.00000000e+00
1  1
    8.15364800e+00    1.00000000e+00
1  1
    3.86227500e+00    1.00000000e+00
1  1
    1.82950800e+00    1.00000000e+00
1  1
    8.66614000e-01    1.00000000e+00
1  1
    4.10503000e-01    1.00000000e+00
1  1
    1.94450000e-01    1.00000000e+00
1  2
    6.03483300e+00    1.00000000e+00
1  2
    3.05695800e+00    1.00000000e+00
1  2
    1.54850900e+00    1.00000000e+00
1  2
    7.84401000e-01    1.00000000e+00
1  2
    3.97340000e-01    1.00000000e+00
1  3
    5.89474000e+00    1.00000000e+00
1  3
    2.90294000e+00    1.00000000e+00
1  3
    1.42959000e+00    1.00000000e+00
1  3
    7.04020000e-01    1.00000000e+00
1  4
    4.62267400e+00    1.00000000e+00
1  4
    2.17112600e+00    1.00000000e+00
1  4
    1.01971000e+00    1.00000000e+00
1  5
    4.22370600e+00    1.00000000e+00
1  5
    1.70506000e+00    1.00000000e+00
1  6
    3.41400000e+00    1.00000000e+00
