H nelec 0
H ul
1 60.00000000 1.00000000
2 16.51633070 -1409.02067592
2 14.39470215 2697.63579141
2 13.76638984 -1696.87121811
2 19.15076103 407.29339157
3 30.39107835 60.00000000
H s
2 15.93559394 -1303.44337017
2 30.09332550 1296.82386667
2 13.07856398 245.27584792
2 18.74989172 1972.50163511
2 24.36495860 -1794.75497259
2 34.81947185 -422.68061564
H p
2 14.78266017 -6382.70601319
2 14.91535982 6466.89935521
2 22.81480303 57.48963725
2 19.78502480 -260.64087161
2 11.27254357 75.32205767
2 22.93003744 38.95952271
