10 
 3    0 
    82.6400000     2.0060000E-03    
    12.4100000     1.5343000E-02    
     2.8240000     7.5579000E-02    
 1    0 
     0.7977000     1.0000000E+00    
 1    0 
     0.2581000     1.0000000E+00    
 1    0 
     0.0898900     1.0000000E+00    
 1    1 
     2.2920000     1.0000000E+00    
 1    1 
     0.8380000     1.0000000E+00    
 1    1 
     0.2920000     1.0000000E+00    
 1    2 
     2.0620000     1.0000000E+00    
 1    2 
     0.6620000     1.0000000E+00    
 1    3 
     1.3970000     1.0000000E+00    
