17
7  0
    3.00996000e+03    9.94949000e-05
    4.51373000e+02    7.72617000e-04
    1.02806000e+02    4.05930000e-03
    2.91474000e+01    1.70977000e-02
    9.52878000e+00    6.15690000e-02
    3.45638000e+00    1.92015000e-01
    1.35638000e+00    5.00000000e-01
1  0
    5.61300000e-01    1.00000000e+00
1  0
    2.41026000e-01    1.00000000e+00
1  0
    1.04273000e-01    1.00000000e+00
1  0
    4.39734000e-02    1.00000000e+00
2  1
    1.80000000e+02    3.52640000e-02
    3.00000000e+01    5.00000000e-01
1  1
    6.60000000e+00    1.00000000e+00
1  1
    2.10000000e+00    1.00000000e+00
1  1
    9.50000000e-01    1.00000000e+00
1  1
    4.50000000e-01    1.00000000e+00
1  1
    1.50000000e-01    1.00000000e+00
1  2
    2.10000000e+00    1.00000000e+00
1  2
    7.00000000e-01    1.00000000e+00
1  2
    3.00000000e-01    1.00000000e+00
1  3
    2.50000000e+00    1.00000000e+00
1  3
    9.00000000e-01    1.00000000e+00
1  4
    3.20000000e+00    1.00000000e+00
