35
14  0
    8.46621100e+03    2.56800000e-05
    3.24543000e+03    1.20500000e-05
    1.48090100e+03    1.33480000e-04
    6.13327300e+02    2.28470000e-04
    2.82604400e+02    8.42990000e-04
    1.16954400e+02    2.14387000e-03
    5.44878200e+01    5.68210000e-03
    2.28232000e+01    1.80972700e-02
    9.34666900e+00    4.97928400e-02
    3.89956400e+00    1.19562500e-01
    1.64414100e+00    2.34270300e-01
    6.96886000e-01    3.44324400e-01
    2.97874000e-01    3.08100500e-01
    1.26590000e-01    9.03835500e-02
1  0
    9.34666900e+00    1.00000000e+00
1  0
    3.89956400e+00    1.00000000e+00
1  0
    1.64414100e+00    1.00000000e+00
1  0
    6.96886000e-01    1.00000000e+00
1  0
    2.97874000e-01    1.00000000e+00
1  0
    1.26590000e-01    1.00000000e+00
1  0
    5.38000000e-02    1.00000000e+00
1  1
    2.20393800e+01    1.00000000e+00
1  1
    9.55972500e+00    1.00000000e+00
1  1
    4.14659400e+00    1.00000000e+00
1  1
    1.79861200e+00    1.00000000e+00
1  1
    7.80160000e-01    1.00000000e+00
1  1
    3.38400000e-01    1.00000000e+00
1  1
    1.46780000e-01    1.00000000e+00
1  2
    1.70478700e+01    1.00000000e+00
1  2
    7.55077900e+00    1.00000000e+00
1  2
    3.34436400e+00    1.00000000e+00
1  2
    1.48127300e+00    1.00000000e+00
1  2
    6.56080000e-01    1.00000000e+00
1  2
    2.90590000e-01    1.00000000e+00
1  3
    1.42406200e+01    1.00000000e+00
1  3
    6.10112300e+00    1.00000000e+00
1  3
    2.61391100e+00    1.00000000e+00
1  3
    1.11988100e+00    1.00000000e+00
1  3
    4.79790000e-01    1.00000000e+00
1  4
    1.10945500e+01    1.00000000e+00
1  4
    4.47106400e+00    1.00000000e+00
1  4
    1.80182200e+00    1.00000000e+00
1  4
    7.26130000e-01    1.00000000e+00
1  5
    7.57785500e+00    1.00000000e+00
1  5
    3.01086000e+00    1.00000000e+00
1  5
    1.19629000e+00    1.00000000e+00
1  6
    4.93627400e+00    1.00000000e+00
1  6
    1.97451000e+00    1.00000000e+00
