25
4  0
    1.14500000e+03    3.59000000e-04
    1.71700000e+02    2.77100000e-03
    3.90700000e+01    1.42510000e-02
    1.10400000e+01    5.55660000e-02
1  0
    3.56600000e+00    1.00000000e+00
1  0
    1.24000000e+00    1.00000000e+00
1  0
    4.47300000e-01    1.00000000e+00
1  0
    1.64000000e-01    1.00000000e+00
1  0
    4.66400000e-02    1.00000000e+00
1  0
    1.33000000e-02    1.00000000e+00
1  1
    1.01530000e+01    1.00000000e+00
1  1
    3.62700000e+00    1.00000000e+00
1  1
    1.29600000e+00    1.00000000e+00
1  1
    4.63000000e-01    1.00000000e+00
1  1
    1.40000000e-01    1.00000000e+00
1  1
    4.23000000e-02    1.00000000e+00
1  2
    7.66600000e+00    1.00000000e+00
1  2
    2.64700000e+00    1.00000000e+00
1  2
    9.14000000e-01    1.00000000e+00
1  2
    2.89200000e-01    1.00000000e+00
1  2
    9.15000000e-02    1.00000000e+00
1  3
    5.41100000e+00    1.00000000e+00
1  3
    1.70700000e+00    1.00000000e+00
1  3
    5.34500000e-01    1.00000000e+00
1  3
    1.67000000e-01    1.00000000e+00
1  4
    3.43000000e+00    1.00000000e+00
1  4
    7.89900000e-01    1.00000000e+00
1  4
    1.82000000e-01    1.00000000e+00
