10
5  0
    1.14464708e+03    3.58615786e-04
    1.71645967e+02    2.77254345e-03
    3.90660563e+01    1.42418922e-02
    1.10514020e+01    5.54573523e-02
    3.57255745e+00    1.61705118e-01
1  0
    1.24294160e+00    1.00000000e+00
1  0
    4.48076687e-01    1.00000000e+00
1  0
    1.64115791e-01    1.00000000e+00
1  1
    5.99400000e+00    1.00000000e+00
1  1
    1.74500000e+00    1.00000000e+00
1  1
    5.60000000e-01    1.00000000e+00
1  2
    4.29900000e+00    1.00000000e+00
1  2
    1.22300000e+00    1.00000000e+00
1  3
    2.68000000e+00    1.00000000e+00
