37
5  0
    4.78500000e+03    6.00000000e-07
    7.17000000e+02    4.70000000e-06
    1.63200000e+02    2.44000000e-05
    4.62600000e+01    1.01200000e-04
    1.51000000e+01    3.48600000e-04
1  0
    5.43700000e+00    1.00000000e+00
1  0
    2.08800000e+00    1.00000000e+00
1  0
    8.29700000e-01    1.00000000e+00
1  0
    3.36600000e-01    1.00000000e+00
1  0
    1.36900000e-01    1.00000000e+00
1  0
    4.47300000e-02    1.00000000e+00
1  1
    1.00000000 1.00000000
1  1
    2.00000000 1.00000000
1  1
    3.00000000 1.00000000
1  1
    4.00000000 1.00000000
1  2
    1.00000000 1.00000000
1  2
    3.00000000 1.00000000
1  2
    2.00000000 1.00000000
1  3
    2.00000000 1.00000000
1  3
    1.00000000 1.00000000
1  3
    4.00000000 1.00000000
1  4
    2.00000000 1.00000000
1  4
    1.00000000 1.00000000
1  4
    4.00000000 1.00000000
1  5
    2.00000000 1.00000000
1  5
    1.00000000 1.00000000
1  6
    3.00000000 1.00000000
1  6
    1.00000000 1.00000000
1  7
    3.00000000 1.00000000
1  8
    3.00000000 1.00000000
1  1
    0.40000000 1.00000000
1  1
    0.50000000 1.00000000
1  2
    0.30000000 1.00000000
1  3
    0.40000000 1.00000000
1  3
    0.20000000 1.00000000
1  4
    0.40000000 1.00000000
1  5
    0.50000000 1.00000000
1  6
    0.50000000 1.00000000
1  7
    0.70000000 1.00000000
1  8
    0.70000000 1.00000000
1  9
    0.70000000 1.00000000
