17
7  0
    8.77224000e+03    1.12016000e-04
    1.31420000e+03    8.70431000e-04
    2.99180000e+02    4.56768000e-03
    8.47866000e+01    1.91446000e-02
    2.76895000e+01    6.79676000e-02
    1.00123000e+01    2.04755000e-01
    3.89571000e+00    5.00000000e-01
1  0
    1.58365000e+00    1.00000000e+00
1  0
    6.57655000e-01    1.00000000e+00
1  0
    2.64806000e-01    1.00000000e+00
1  0
    1.05914000e-01    1.00000000e+00
2  1
    2.43000000e+02    3.03650000e-02
    4.05000000e+01    5.00000000e-01
1  1
    8.90000000e+00    1.00000000e+00
1  1
    2.85000000e+00    1.00000000e+00
1  1
    1.30000000e+00    1.00000000e+00
1  1
    6.00000000e-01    1.00000000e+00
1  1
    2.00000000e-01    1.00000000e+00
1  2
    3.70000000e+00    1.00000000e+00
1  2
    1.20000000e+00    1.00000000e+00
1  2
    5.00000000e-01    1.00000000e+00
1  3
    4.10000000e+00    1.00000000e+00
1  3
    1.50000000e+00    1.00000000e+00
1  4
    4.65000000e+00    1.00000000e+00
