11
6  0
    2.16842000e+03    4.00235000e-04
    3.25139000e+02    3.10446000e-03
    7.40268000e+01    1.61687000e-02
    2.09838000e+01    6.56967000e-02
    6.84741000e+00    2.10258000e-01
    2.44009000e+00    5.00000000e-01
1  0
    9.02695000e-01    1.00000000e+00
1  0
    3.33189000e-01    1.00000000e+00
1  0
    1.24147000e-01    1.00000000e+00
2  1
    6.42000000e+01    1.94830000e-02
    1.07000000e+01    5.00000000e-01
1  1
    2.55000000e+00    1.00000000e+00
1  1
    9.00000000e-01    1.00000000e+00
1  1
    3.30000000e-01    1.00000000e+00
1  2
    3.20000000e+00    1.00000000e+00
1  2
    1.07000000e+00    1.00000000e+00
1  3
    3.20000000e+00    1.00000000e+00
