16
7  0
    2.92650000e+01    2.94330000e-02
    1.83491000e+01   -1.98734000e-01
    1.15257000e+01    4.35933000e-01
    4.38599000e+00   -7.73097000e-01
    8.91080000e-01    8.67758000e-01
    4.05740000e-01    4.20292000e-01
    9.50670000e-02    1.31930000e-02
7  0
    2.92650000e+01   -9.07700000e-03
    1.83491000e+01    6.11920000e-02
    1.15257000e+01   -1.35474000e-01
    4.38599000e+00    2.53047000e-01
    8.91080000e-01   -3.69932000e-01
    4.05740000e-01   -3.31443000e-01
    9.50670000e-02    6.57799000e-01
7  0
    2.92650000e+01    3.09420000e-02
    1.83491000e+01   -1.63177000e-01
    1.15257000e+01    3.10005000e-01
    4.38599000e+00   -5.28942000e-01
    8.91080000e-01    1.25624400e+00
    4.05740000e-01   -4.97026000e-01
    9.50670000e-02   -1.81028400e+00
1  0
    3.58680000e-02    1.00000000e+00
1  0
    1.35000000e-02    1.00000000e+00
6  1
    7.11996000e+00    1.78613000e-01
    4.60182000e+00   -5.08550000e-01
    2.90046000e+00    1.81206000e-01
    9.37791000e-01    6.36437000e-01
    3.91500000e-01    4.34884000e-01
    1.07152000e-01    4.42170000e-02
6  1
    7.11996000e+00   -4.85910000e-02
    4.60182000e+00    1.39859000e-01
    2.90046000e+00   -4.62230000e-02
    9.37791000e-01   -2.28294000e-01
    3.91500000e-01   -1.57563000e-01
    1.07152000e-01    5.28819000e-01
6  1
    7.11996000e+00   -6.58780000e-02
    4.60182000e+00    1.87146000e-01
    2.90046000e+00   -4.88380000e-02
    9.37791000e-01   -3.61518000e-01
    3.91500000e-01   -1.74334000e-01
    1.07152000e-01    9.19041000e-01
1  1
    3.67710000e-02    1.00000000e+00
1  1
    1.26000000e-02    1.00000000e+00
5  2
    7.49827000e+00    1.44910000e-02
    4.69618000e+00   -5.29680000e-02
    1.06360000e+00    2.38044000e-01
    4.18821000e-01    4.35275000e-01
    1.54566000e-01    4.24420000e-01
5  2
    7.49827000e+00   -1.65460000e-02
    4.69618000e+00    6.18730000e-02
    1.06360000e+00   -3.16741000e-01
    4.18821000e-01   -5.27412000e-01
    1.54566000e-01    3.42866000e-01
1  2
    5.26440000e-02    1.00000000e+00
1  2
    1.79000000e-02    1.00000000e+00
1  3
    2.70000000e-01    1.00000000e+00
1  3
    8.24000000e-02    1.00000000e+00
