29
13  0
    7.24389000e+01    1.16300000e-03
    4.52162000e+01   -1.14520000e-02
    2.82220000e+01    7.39620000e-02
    1.76385000e+01   -3.24356000e-01
    1.10226000e+01    7.37386000e-01
    6.88490000e+00   -4.92042000e-01
    3.54013000e+00   -5.50331000e-01
    1.91143000e+00    6.80400000e-03
    1.11084000e+00    5.48762000e-01
    6.21072000e-01    5.89033000e-01
    3.31736000e-01    2.06005000e-01
    1.18580000e-01    8.80100000e-03
    5.48520000e-02   -3.08000000e-03
13  0
    7.24389000e+01   -2.44000000e-04
    4.52162000e+01    2.79800000e-03
    2.82220000e+01   -2.02250000e-02
    1.76385000e+01    9.43500000e-02
    1.10226000e+01   -2.21997000e-01
    6.88490000e+00    1.51467000e-01
    3.54013000e+00    1.83198000e-01
    1.91143000e+00   -3.73400000e-03
    1.11084000e+00   -2.01992000e-01
    6.21072000e-01   -3.34396000e-01
    3.31736000e-01   -1.99734000e-01
    1.18580000e-01    3.91646000e-01
    5.48520000e-02    6.45071000e-01
13  0
    7.24389000e+01    1.21800000e-03
    4.52162000e+01   -4.63500000e-03
    2.82220000e+01   -5.58700000e-03
    1.76385000e+01    9.92940000e-02
    1.10226000e+01   -2.81002000e-01
    6.88490000e+00    1.44831000e-01
    3.54013000e+00    4.84714000e-01
    1.91143000e+00   -2.88891000e-01
    1.11084000e+00    7.37130000e-02
    6.21072000e-01   -1.64596600e+00
    3.31736000e-01    9.78350000e-01
    1.18580000e-01    1.92387000e+00
    5.48520000e-02   -1.29657600e+00
13  0
    7.24389000e+01    1.65700000e-03
    4.52162000e+01   -5.97900000e-03
    2.82220000e+01   -1.18030000e-02
    1.76385000e+01    1.60653000e-01
    1.10226000e+01   -4.54185000e-01
    6.88490000e+00    2.55778000e-01
    3.54013000e+00    7.46035000e-01
    1.91143000e+00   -2.39935000e-01
    1.11084000e+00   -8.58020000e-01
    6.21072000e-01   -2.53540000e+00
    3.31736000e-01    4.95336400e+00
    1.18580000e-01   -2.71892100e+00
    5.48520000e-02   -3.50778000e-01
13  0
    7.24389000e+01   -1.89520000e-02
    4.52162000e+01    1.12614000e-01
    2.82220000e+01   -3.79158000e-01
    1.76385000e+01    9.69596000e-01
    1.10226000e+01   -1.80534100e+00
    6.88490000e+00    1.79936400e+00
    3.54013000e+00   -1.21360500e+00
    1.91143000e+00    4.34875300e+00
    1.11084000e+00   -1.05038250e+01
    6.21072000e-01    9.85516800e+00
    3.31736000e-01   -2.52655400e+00
    1.18580000e-01   -3.61170600e+00
    5.48520000e-02    5.31890200e+00
1  0
    2.51920000e-02    1.00000000e+00
1  0
    1.16000000e-02    1.00000000e+00
10  1
    2.75515000e+01    4.31300000e-03
    1.72296000e+01   -3.66020000e-02
    1.07808000e+01    1.16070000e-01
    4.83795000e+00   -2.92628000e-01
    1.19140000e+00    4.42038000e-01
    6.00708000e-01    4.78066000e-01
    3.07411000e-01    2.12214000e-01
    1.56227000e-01    3.27530000e-02
    7.60330000e-02    4.80700000e-03
    3.73420000e-02   -2.13000000e-04
10  1
    2.75515000e+01   -1.03400000e-03
    1.72296000e+01    9.49900000e-03
    1.07808000e+01   -3.14490000e-02
    4.83795000e+00    8.27700000e-02
    1.19140000e+00   -1.40030000e-01
    6.00708000e-01   -1.92574000e-01
    3.07411000e-01   -8.65620000e-02
    1.56227000e-01    2.06906000e-01
    7.60330000e-02    4.68429000e-01
    3.73420000e-02    3.98856000e-01
10  1
    2.75515000e+01   -1.44800000e-03
    1.72296000e+01    1.36000000e-02
    1.07808000e+01   -4.54180000e-02
    4.83795000e+00    1.20098000e-01
    1.19140000e+00   -2.03258000e-01
    6.00708000e-01   -2.94145000e-01
    3.07411000e-01   -1.27619000e-01
    1.56227000e-01    5.05844000e-01
    7.60330000e-02    5.78336000e-01
    3.73420000e-02    1.17842000e-01
10  1
    2.75515000e+01   -3.24600000e-03
    1.72296000e+01    2.72840000e-02
    1.07808000e+01   -8.75310000e-02
    4.83795000e+00    2.31686000e-01
    1.19140000e+00   -4.71930000e-01
    6.00708000e-01   -8.20652000e-01
    3.07411000e-01    1.14409800e+00
    1.56227000e-01    9.14516000e-01
    7.60330000e-02   -9.77753000e-01
    3.73420000e-02   -3.06625000e-01
10  1
    2.75515000e+01    9.38800000e-03
    1.72296000e+01   -5.85180000e-02
    1.07808000e+01    1.60614000e-01
    4.83795000e+00   -4.09539000e-01
    1.19140000e+00    1.51839200e+00
    6.00708000e-01   -4.58673000e-01
    3.07411000e-01   -2.65769900e+00
    1.56227000e-01    3.06028700e+00
    7.60330000e-02   -6.21940000e-01
    3.73420000e-02   -6.28915000e-01
1  1
    1.81300000e-02    1.00000000e+00
1  1
    8.80000000e-03    1.00000000e+00
9  2
    4.72322000e+01    1.70000000e-05
    1.31047000e+01   -8.77000000e-04
    7.50501000e+00    1.55100000e-02
    4.51806000e+00   -5.73800000e-02
    1.26696000e+00    1.45356000e-01
    6.27116000e-01    2.84309000e-01
    3.01560000e-01    3.47622000e-01
    1.41160000e-01    3.05493000e-01
    6.42070000e-02    1.63234000e-01
9  2
    4.72322000e+01    7.00000000e-06
    1.31047000e+01    5.75000000e-04
    7.50501000e+00   -1.65460000e-02
    4.51806000e+00    6.60740000e-02
    1.26696000e+00   -1.87900000e-01
    6.27116000e-01   -3.97545000e-01
    3.01560000e-01   -2.77359000e-01
    1.41160000e-01    3.36223000e-01
    6.42070000e-02    5.47192000e-01
9  2
    4.72322000e+01   -3.30000000e-05
    1.31047000e+01   -3.78000000e-04
    7.50501000e+00    2.20450000e-02
    4.51806000e+00   -9.47120000e-02
    1.26696000e+00    3.49724000e-01
    6.27116000e-01    6.02432000e-01
    3.01560000e-01   -5.24869000e-01
    1.41160000e-01   -7.98499000e-01
    6.42070000e-02    6.04264000e-01
9  2
    4.72322000e+01    6.97000000e-04
    1.31047000e+01   -1.10350000e-02
    7.50501000e+00    6.68960000e-02
    4.51806000e+00   -1.83977000e-01
    1.26696000e+00    8.01320000e-01
    6.27116000e-01    2.43022000e-01
    3.01560000e-01   -1.88399900e+00
    1.41160000e-01    1.64257800e+00
    6.42070000e-02   -9.95440000e-02
1  2
    2.77910000e-02    1.00000000e+00
1  2
    1.20000000e-02    1.00000000e+00
1  3
    8.14100000e-01    1.00000000e+00
1  3
    2.96400000e-01    1.00000000e+00
1  3
    1.07900000e-01    1.00000000e+00
1  3
    3.69000000e-02    1.00000000e+00
1  4
    7.04700000e-01    1.00000000e+00
1  4
    2.22600000e-01    1.00000000e+00
1  4
    7.29000000e-02    1.00000000e+00
1  5
    4.28200000e-01    1.00000000e+00
1  5
    1.34800000e-01    1.00000000e+00
