37
1  0
    5.18576000e+00    1.00000000e+00
1  0
    3.12561000e+00    1.00000000e+00
1  0
    1.92523000e+00    1.00000000e+00
1  0
    1.28401000e+00    1.00000000e+00
1  0
    5.12308000e-01    1.00000000e+00
1  0
    2.79621000e-01    1.00000000e+00
1  0
    1.22806000e-01    1.00000000e+00
1  0
    7.33994000e-02    1.00000000e+00
1  1
    6.90260000e+00    1.00000000e+00
1  1
    3.39208000e+00    1.00000000e+00
1  1
    1.98579000e+00    1.00000000e+00
1  1
    9.88891000e-01    1.00000000e+00
1  1
    3.94055000e-01    1.00000000e+00
1  1
    1.77895000e-01    1.00000000e+00
1  1
    1.05558000e-01    1.00000000e+00
1  1
    7.03569000e-02    1.00000000e+00
1  2
    4.95898000e+00    1.00000000e+00
1  2
    3.22360000e+00    1.00000000e+00
1  2
    1.85091000e+00    1.00000000e+00
1  2
    8.11149000e-01    1.00000000e+00
1  2
    3.20297000e-01    1.00000000e+00
1  2
    1.59797000e-01    1.00000000e+00
1  2
    7.83137000e-02    1.00000000e+00
1  3
    3.18550000e+00    1.00000000e+00
1  3
    2.01144000e+00    1.00000000e+00
1  3
    8.19444000e-01    1.00000000e+00
1  3
    4.17214000e-01    1.00000000e+00
1  3
    2.55566000e-01    1.00000000e+00
1  3
    1.57939000e-01    1.00000000e+00
1  4
    1.38614000e+00    1.00000000e+00
1  4
    7.14629000e-01    1.00000000e+00
1  4
    4.07035000e-01    1.00000000e+00
1  4
    1.75174000e-01    1.00000000e+00
1  5
    1.08268000e+00    1.00000000e+00
1  5
    5.47449000e-01    1.00000000e+00
1  5
    3.06824000e-01    1.00000000e+00
1  6
    6.56452000e-01    1.00000000e+00
