17
9  0
    2.65042000e+01    3.20170000e-02
    1.65840000e+01   -2.58338000e-01
    1.03831000e+01    7.41958000e-01
    6.49550000e+00   -5.97246000e-01
    3.46431000e+00   -4.67433000e-01
    9.86200000e-01    7.81438000e-01
    4.57828000e-01    5.33756000e-01
    1.32118000e-01    3.63800000e-02
    6.69670000e-02   -1.36480000e-02
9  0
    2.65042000e+01   -9.22000000e-03
    1.65840000e+01    7.66750000e-02
    1.03831000e+01   -2.25641000e-01
    6.49550000e+00    1.85568000e-01
    3.46431000e+00    1.56549000e-01
    9.86200000e-01   -3.11417000e-01
    4.57828000e-01   -3.94523000e-01
    1.32118000e-01    2.03483000e-01
    6.69670000e-02    6.86296000e-01
9  0
    2.65042000e+01   -5.18700000e-03
    1.65840000e+01    7.80690000e-02
    1.03831000e+01   -2.63341000e-01
    6.49550000e+00    1.63173000e-01
    3.46431000e+00    4.12145000e-01
    9.86200000e-01   -9.27919000e-01
    4.57828000e-01   -3.55285000e-01
    1.32118000e-01    2.59011100e+00
    6.69670000e-02   -1.28771300e+00
9  0
    2.65042000e+01    2.66200000e-02
    1.65840000e+01   -5.10920000e-02
    1.03831000e+01   -1.33860000e-02
    6.49550000e+00   -2.49396000e-01
    3.46431000e+00    1.13772300e+00
    9.86200000e-01   -3.29197400e+00
    4.57828000e-01    3.09529600e+00
    1.32118000e-01    5.23381000e-01
    6.69670000e-02   -2.98176900e+00
1  0
    2.90100000e-02    1.00000000e+00
8  1
    1.52724000e+01   -2.49160000e-02
    9.57035000e+00    1.34967000e-01
    5.03618000e+00   -3.14528000e-01
    1.15215000e+00    4.76604000e-01
    5.62401000e-01    4.84191000e-01
    2.74204000e-01    1.84494000e-01
    1.20505000e-01    1.86390000e-02
    5.28120000e-02    1.50400000e-03
8  1
    1.52724000e+01    6.61400000e-03
    9.57035000e+00   -3.69260000e-02
    5.03618000e+00    8.87770000e-02
    1.15215000e+00   -1.51417000e-01
    5.62401000e-01   -2.04152000e-01
    2.74204000e-01   -4.01350000e-02
    1.20505000e-01    3.66326000e-01
    5.28120000e-02    5.62696000e-01
8  1
    1.52724000e+01    9.41700000e-03
    9.57035000e+00   -5.30870000e-02
    5.03618000e+00    1.28287000e-01
    1.15215000e+00   -2.17008000e-01
    5.62401000e-01   -3.25122000e-01
    2.74204000e-01   -4.65100000e-03
    1.20505000e-01    7.34343000e-01
    5.28120000e-02    3.84998000e-01
8  1
    1.52724000e+01    1.90460000e-02
    9.57035000e+00   -1.03953000e-01
    5.03618000e+00    2.51027000e-01
    1.15215000e+00   -5.28963000e-01
    5.62401000e-01   -8.00657000e-01
    2.74204000e-01    1.65109800e+00
    1.20505000e-01    1.19508000e-01
    5.28120000e-02   -9.59023000e-01
1  1
    2.28910000e-02    1.00000000e+00
7  2
    1.19756000e+01   -1.47800000e-03
    7.47998000e+00    1.87080000e-02
    4.67383000e+00   -5.80870000e-02
    1.17503000e+00    1.82334000e-01
    5.28350000e-01    3.48664000e-01
    2.27757000e-01    3.93350000e-01
    9.41690000e-02    2.77223000e-01
7  2
    1.19756000e+01    1.23900000e-03
    7.47998000e+00   -2.02160000e-02
    4.67383000e+00    6.69450000e-02
    1.17503000e+00   -2.39256000e-01
    5.28350000e-01   -4.73677000e-01
    2.27757000e-01   -8.43030000e-02
    9.41690000e-02    6.33330000e-01
7  2
    1.19756000e+01   -3.13300000e-03
    7.47998000e+00    3.34770000e-02
    4.67383000e+00   -1.03809000e-01
    1.17503000e+00    4.71682000e-01
    5.28350000e-01    5.19189000e-01
    2.27757000e-01   -1.09174600e+00
    9.41690000e-02    8.41200000e-03
1  2
    3.66310000e-02    1.00000000e+00
1  3
    5.52100000e-01    1.00000000e+00
1  3
    1.60500000e-01    1.00000000e+00
1  4
    3.57900000e-01    1.00000000e+00
