30
15  0
    1.27748000e+02   -2.65000000e-04
    7.94716000e+01    1.86000000e-03
    4.54455000e+01   -1.36810000e-02
    2.83815000e+01    7.89220000e-02
    1.77268000e+01   -3.29426000e-01
    1.10709000e+01    7.34146000e-01
    6.89459000e+00   -4.83541000e-01
    3.54864000e+00   -5.52667000e-01
    1.96697000e+00   -4.82600000e-03
    1.18967000e+00    4.29513000e-01
    7.22518000e-01    5.70533000e-01
    4.16445000e-01    3.11526000e-01
    2.30805000e-01    4.87760000e-02
    1.03799000e-01    1.46500000e-03
    4.97170000e-02   -1.43700000e-03
15  0
    1.27748000e+02    5.00000000e-05
    7.94716000e+01   -4.02000000e-04
    4.54455000e+01    3.45600000e-03
    2.83815000e+01   -2.19560000e-02
    1.77268000e+01    9.67560000e-02
    1.10709000e+01   -2.22762000e-01
    6.89459000e+00    1.51150000e-01
    3.54864000e+00    1.80240000e-01
    1.96697000e+00    8.15500000e-03
    1.18967000e+00   -1.68152000e-01
    7.22518000e-01   -2.61393000e-01
    4.16445000e-01   -2.84120000e-01
    2.30805000e-01   -3.98000000e-03
    1.03799000e-01    4.69096000e-01
    4.97170000e-02    5.81182000e-01
15  0
    1.27748000e+02   -2.15000000e-04
    7.94716000e+01    1.32700000e-03
    4.54455000e+01   -8.28100000e-03
    2.83815000e+01    4.37050000e-02
    1.77268000e+01   -1.78480000e-01
    1.10709000e+01    4.05401000e-01
    6.89459000e+00   -2.88666000e-01
    3.54864000e+00   -2.80959000e-01
    1.96697000e+00   -1.23897000e-01
    1.18967000e+00    5.06493000e-01
    7.22518000e-01    4.80897000e-01
    4.16445000e-01    9.24808000e-01
    2.30805000e-01   -1.66137200e+00
    1.03799000e-01   -1.15163500e+00
    4.97170000e-02    1.22812200e+00
15  0
    1.27748000e+02   -2.05000000e-04
    7.94716000e+01    6.50000000e-04
    4.54455000e+01    2.35100000e-03
    2.83815000e+01   -3.94250000e-02
    1.77268000e+01    2.19768000e-01
    1.10709000e+01   -5.44025000e-01
    6.89459000e+00    3.55848000e-01
    3.54864000e+00    6.15769000e-01
    1.96697000e+00   -4.35280000e-02
    1.18967000e+00   -6.28580000e-01
    7.22518000e-01   -2.66449800e+00
    4.16445000e-01    2.66777500e+00
    2.30805000e-01    2.29013900e+00
    1.03799000e-01   -3.59990400e+00
    4.97170000e-02    6.09706000e-01
15  0
    1.27748000e+02   -4.36000000e-04
    7.94716000e+01    1.77700000e-03
    4.54455000e+01   -1.51500000e-03
    2.83815000e+01   -3.27300000e-02
    1.77268000e+01    2.22895000e-01
    1.10709000e+01   -5.72391000e-01
    6.89459000e+00    3.43933000e-01
    3.54864000e+00    7.81405000e-01
    1.96697000e+00    4.62606000e-01
    1.18967000e+00   -2.78206600e+00
    7.22518000e-01   -3.12167900e+00
    4.16445000e-01    1.16688260e+01
    2.30805000e-01   -9.70368200e+00
    1.03799000e-01    1.90653900e+00
    4.97170000e-02    2.49881800e+00
15  0
    1.27748000e+02   -6.53900000e-03
    7.94716000e+01    3.30230000e-02
    4.54455000e+01   -1.31956000e-01
    2.83815000e+01    3.96538000e-01
    1.77268000e+01   -1.01364200e+00
    1.10709000e+01    1.94583800e+00
    6.89459000e+00   -1.78721300e+00
    3.54864000e+00    2.40874000e-01
    1.96697000e+00   -4.11013000e+00
    1.18967000e+00    1.74671040e+01
    7.22518000e-01   -2.33039300e+01
    4.16445000e-01    1.19257810e+01
    2.30805000e-01    1.70636600e+00
    1.03799000e-01   -7.75785400e+00
    4.97170000e-02    7.23224000e+00
1  0
    2.37700000e-02    1.00000000e+00
12  1
    4.14467000e+01   -6.08000000e-04
    2.58855000e+01    7.21000000e-03
    1.61691000e+01   -5.05390000e-02
    1.01016000e+01    1.82476000e-01
    6.31071000e+00   -2.02188000e-01
    3.83653000e+00   -1.66792000e-01
    1.39932000e+00    3.02054000e-01
    7.67608000e-01    4.67586000e-01
    4.11558000e-01    3.22353000e-01
    2.11118000e-01    9.02090000e-02
    9.81670000e-02    8.24200000e-03
    4.53820000e-02    1.00900000e-03
12  1
    4.14467000e+01    1.31000000e-04
    2.58855000e+01   -1.78600000e-03
    1.61691000e+01    1.34610000e-02
    1.01016000e+01   -5.03600000e-02
    6.31071000e+00    5.74720000e-02
    3.83653000e+00    4.70140000e-02
    1.39932000e+00   -9.29890000e-02
    7.67608000e-01   -1.67866000e-01
    4.11558000e-01   -1.54601000e-01
    2.11118000e-01    7.49170000e-02
    9.81670000e-02    4.27867000e-01
    4.53820000e-02    4.99779000e-01
12  1
    4.14467000e+01    1.55000000e-04
    2.58855000e+01   -2.41100000e-03
    1.61691000e+01    1.90800000e-02
    1.01016000e+01   -7.23590000e-02
    6.31071000e+00    8.25170000e-02
    3.83653000e+00    6.94090000e-02
    1.39932000e+00   -1.38491000e-01
    7.67608000e-01   -2.38851000e-01
    4.11558000e-01   -2.69635000e-01
    2.11118000e-01    2.55988000e-01
    9.81670000e-02    7.08989000e-01
    4.53820000e-02    2.47747000e-01
12  1
    4.14467000e+01    3.50000000e-04
    2.58855000e+01   -4.75900000e-03
    1.61691000e+01    3.61480000e-02
    1.01016000e+01   -1.36673000e-01
    6.31071000e+00    1.59146000e-01
    3.83653000e+00    1.28127000e-01
    1.39932000e+00   -2.67718000e-01
    7.67608000e-01   -7.96562000e-01
    4.11558000e-01    1.23884000e-01
    2.11118000e-01    1.62124700e+00
    9.81670000e-02   -5.56755000e-01
    4.53820000e-02   -6.69103000e-01
12  1
    4.14467000e+01    7.80000000e-04
    2.58855000e+01   -8.44500000e-03
    1.61691000e+01    5.88600000e-02
    1.01016000e+01   -2.21205000e-01
    6.31071000e+00    2.68355000e-01
    3.83653000e+00    2.07714000e-01
    1.39932000e+00   -7.71139000e-01
    7.67608000e-01   -1.42538900e+00
    4.11558000e-01    3.47371400e+00
    2.11118000e-01   -1.57096200e+00
    9.81670000e-02   -1.14571000e+00
    4.53820000e-02    1.25100600e+00
12  1
    4.14467000e+01    1.61090000e-02
    2.58855000e+01   -7.74960000e-02
    1.61691000e+01    1.64493000e-01
    1.01016000e+01   -1.56102000e-01
    6.31071000e+00    2.45926000e-01
    3.83653000e+00   -9.02918000e-01
    1.39932000e+00    3.40508600e+00
    7.67608000e-01   -3.52554900e+00
    4.11558000e-01   -6.18997000e-01
    2.11118000e-01    3.91597000e+00
    9.81670000e-02   -3.92428300e+00
    4.53820000e-02    1.82895500e+00
1  1
    2.06860000e-02    1.00000000e+00
10  2
    3.55394000e+01    4.30000000e-05
    1.52305000e+01   -6.50000000e-04
    7.77467000e+00    1.23910000e-02
    4.37365000e+00   -5.63170000e-02
    1.41617000e+00    9.28900000e-02
    8.37910000e-01    1.79940000e-01
    4.65675000e-01    2.78378000e-01
    2.39770000e-01    3.17723000e-01
    1.17720000e-01    2.61822000e-01
    5.57830000e-02    1.26283000e-01
10  2
    3.55394000e+01   -1.50000000e-05
    1.52305000e+01    5.19000000e-04
    7.77467000e+00   -1.36520000e-02
    4.37365000e+00    6.57540000e-02
    1.41617000e+00   -1.20602000e-01
    8.37910000e-01   -2.42453000e-01
    4.65675000e-01   -3.68365000e-01
    2.39770000e-01   -1.00552000e-01
    1.17720000e-01    4.22644000e-01
    5.57830000e-02    4.76140000e-01
10  2
    3.55394000e+01   -9.20000000e-05
    1.52305000e+01   -2.70000000e-05
    7.77467000e+00    1.72170000e-02
    4.37365000e+00   -9.33910000e-02
    1.41617000e+00    2.12746000e-01
    8.37910000e-01    4.65575000e-01
    4.65675000e-01    2.67385000e-01
    2.39770000e-01   -8.33201000e-01
    1.17720000e-01   -4.28552000e-01
    5.57830000e-02    6.53041000e-01
10  2
    3.55394000e+01    4.28000000e-04
    1.52305000e+01   -1.69300000e-03
    7.77467000e+00   -1.80860000e-02
    4.37365000e+00    1.21275000e-01
    1.41617000e+00   -3.06463000e-01
    8.37910000e-01   -1.03954800e+00
    4.65675000e-01    1.14823500e+00
    2.39770000e-01    8.68136000e-01
    1.17720000e-01   -1.65577000e+00
    5.57830000e-02    4.44594000e-01
10  2
    3.55394000e+01    2.69000000e-04
    1.52305000e+01   -2.65500000e-03
    7.77467000e+00    4.89690000e-02
    4.37365000e+00   -2.52827000e-01
    1.41617000e+00    1.39188100e+00
    8.37910000e-01   -1.41445000e-01
    4.65675000e-01   -2.68958200e+00
    2.39770000e-01    3.12432300e+00
    1.17720000e-01   -1.35265900e+00
    5.57830000e-02   -4.20650000e-01
1  2
    2.51140000e-02    1.00000000e+00
1  3
    1.08070000e+00    1.00000000e+00
1  3
    4.60000000e-01    1.00000000e+00
1  3
    1.95800000e-01    1.00000000e+00
1  3
    8.34000000e-02    1.00000000e+00
1  4
    1.09980000e+00    1.00000000e+00
1  4
    4.17500000e-01    1.00000000e+00
1  4
    1.58500000e-01    1.00000000e+00
1  5
    7.69400000e-01    1.00000000e+00
1  5
    2.78100000e-01    1.00000000e+00
1  6
    5.04200000e-01    1.00000000e+00
