20
4  0
    2.40000000e+01    1.93694486e-01
    1.60000000e+01   -3.50646308e+00
    1.44000000e+01    4.30825810e+00
    1.03045047e+01   -9.10458097e-01
1  0
    3.83727978e+00    1.00000000e+00
1  0
    9.46490280e-01    1.00000000e+00
1  0
    4.43979313e-01    1.00000000e+00
1  0
    1.36560094e-01    1.00000000e+00
1  0
    6.65497325e-02    1.00000000e+00
1  0
    2.87191101e-02    1.00000000e+00
4  1
    1.70000000e+01   -3.03164919e-02
    1.17380721e+01    1.01392797e-01
    4.92039672e+00   -2.82279247e-01
    1.12517261e+00    5.20320085e-01
1  1
    5.42201141e-01    1.00000000e+00
1  1
    2.56594479e-01    1.00000000e+00
1  1
    1.00000000e-01    1.00000000e+00
1  1
    4.17000000e-02    1.00000000e+00
3  2
    6.96447753e+00    9.06069524e-02
    5.72752276e+00   -1.64598997e-01
    1.15033054e+00    5.13757183e-01
1  2
    4.75594830e-01    1.00000000e+00
1  2
    1.87744148e-01    1.00000000e+00
1  2
    6.84394881e-02    1.00000000e+00
1  3
    8.03870000e-01    1.00000000e+00
1  3
    3.15470000e-01    1.00000000e+00
1  3
    1.23800000e-01    1.00000000e+00
1  4
    2.90360000e-01    1.00000000e+00
