Hf nelec 60
Hf ul
2      1.00000000             0.00000000       
Hf S
2     10.24885600           478.23740400       
4     10.72912700             0.38802400       
2      1.96485600            -1.07123200       
Hf P
2      8.68346200           101.04681800       
2      7.91692000           212.19776100       
4      9.37924300             0.13264600       
4      8.24420900             0.45310800       
2      1.59668600            -0.40791400       
2      1.71028100            -0.56181700       
Hf D
2      5.18955700            43.11546700       
2      5.25322900            65.93473200       
4      5.93787100             0.02591200       
4      5.71290600             0.03374100       
2      1.01485600            -0.28057900       
2      0.47371200            -0.08484900       
Hf F
2      1.91260800             4.81180100       
2      1.88074000             6.41857400       
Hf G
2      2.72418000            -4.63658500       
2      2.70895300            -5.76728800       
