23
4  0
    2.27379198e+01    3.38676700e-01
    1.39893113e+01   -1.81520670e+00
    8.39440930e+00    4.07264850e+00
    4.93788770e+00   -3.12626430e+00
1  0
    2.84740690e+00    1.00000000e+00
1  0
    1.70861160e+00    1.00000000e+00
1  0
    1.00506560e+00    1.00000000e+00
1  0
    5.09025200e-01    1.00000000e+00
1  0
    2.00500700e-01    1.00000000e+00
1  0
    1.20336900e-01    1.00000000e+00
1  0
    7.07864000e-02    1.00000000e+00
1  1
    8.68761590e+00    1.00000000e+00
1  1
    2.95205440e+00    1.00000000e+00
1  1
    9.88228300e-01    1.00000000e+00
1  1
    3.27900300e-01    1.00000000e+00
1  1
    1.08480400e-01    1.00000000e+00
1  2
    5.38532470e+00    1.00000000e+00
1  2
    1.89100420e+00    1.00000000e+00
1  2
    7.05432200e-01    1.00000000e+00
1  2
    2.73392300e-01    1.00000000e+00
1  2
    1.07345400e-01    1.00000000e+00
2  3
    1.58562770e+00   -1.63882000e-02
    5.02569000e-01    7.07720000e-03
1  3
    1.80695300e-01    1.00000000e+00
1  4
    1.51431930e+00    1.00000000e+00
1  4
    6.16940600e-01    1.00000000e+00
1  4
    2.49773500e-01    1.00000000e+00
