52
1  0
    1.53833351e+07    1.00000000e+00
1  0
    6.19476229e+06    1.00000000e+00
1  0
    2.56015872e+06    1.00000000e+00
1  0
    1.08568885e+06    1.00000000e+00
1  0
    4.72340017e+05    1.00000000e+00
1  0
    2.10773129e+05    1.00000000e+00
1  0
    9.64432679e+04    1.00000000e+00
1  0
    4.52369893e+04    1.00000000e+00
1  0
    2.17436534e+04    1.00000000e+00
1  0
    1.07058830e+04    1.00000000e+00
1  0
    5.39733072e+03    1.00000000e+00
1  0
    2.78482585e+03    1.00000000e+00
1  0
    1.46978955e+03    1.00000000e+00
1  0
    7.93058103e+02    1.00000000e+00
1  0
    4.37200445e+02    1.00000000e+00
1  0
    2.46089292e+02    1.00000000e+00
1  0
    1.41328424e+02    1.00000000e+00
1  0
    8.27477399e+01    1.00000000e+00
1  0
    4.93531131e+01    1.00000000e+00
1  0
    2.99587349e+01    1.00000000e+00
1  0
    1.84917706e+01    1.00000000e+00
1  0
    1.15945105e+01    1.00000000e+00
1  0
    7.37727063e+00    1.00000000e+00
1  0
    4.75814040e+00    1.00000000e+00
1  0
    3.10731447e+00    1.00000000e+00
1  0
    2.05224026e+00    1.00000000e+00
1  0
    1.36910467e+00    1.00000000e+00
1  0
    9.21434170e-01    1.00000000e+00
1  0
    6.24813010e-01    1.00000000e+00
1  0
    4.26304400e-01    1.00000000e+00
1  0
    2.92272980e-01    1.00000000e+00
1  0
    2.01077320e-01    1.00000000e+00
1  0
    1.38625580e-01    1.00000000e+00
1  0
    9.56370300e-02    1.00000000e+00
1  1
    8.68761590e+00    1.00000000e+00
1  1
    2.95205440e+00    1.00000000e+00
1  1
    9.88228300e-01    1.00000000e+00
1  1
    3.27900300e-01    1.00000000e+00
1  1
    1.08480400e-01    1.00000000e+00
1  2
    5.38532470e+00    1.00000000e+00
1  2
    1.89100420e+00    1.00000000e+00
1  2
    7.05432200e-01    1.00000000e+00
1  2
    2.73392300e-01    1.00000000e+00
1  2
    1.07345400e-01    1.00000000e+00
1  3
    1.58562770e+00    1.00000000e+00
1  3
    5.02569000e-01    1.00000000e+00
1  3
    1.80695300e-01    1.00000000e+00
1  4
    1.55945605e+01    1.00000000e+00
1  4
    4.65851311e+00    1.00000000e+00
1  4
    1.65378563e+00    1.00000000e+00
1  4
    6.61916340e-01    1.00000000e+00
1  4
    2.76680510e-01    1.00000000e+00
