40
1  0
    7.63257000e+00    1.00000000e+00
1  0
    4.87019000e+00    1.00000000e+00
1  0
    3.36107000e+00    1.00000000e+00
1  0
    2.36291000e+00    1.00000000e+00
1  0
    1.20870000e+00    1.00000000e+00
1  0
    5.67213000e-01    1.00000000e+00
1  0
    2.62979000e-01    1.00000000e+00
1  0
    1.28970000e-01    1.00000000e+00
1  1
    1.14137000e+01    1.00000000e+00
1  1
    5.88041000e+00    1.00000000e+00
1  1
    3.42781000e+00    1.00000000e+00
1  1
    2.18422000e+00    1.00000000e+00
1  1
    1.05064000e+00    1.00000000e+00
1  1
    5.10168000e-01    1.00000000e+00
1  1
    2.32924000e-01    1.00000000e+00
1  1
    1.04444000e-01    1.00000000e+00
1  2
    4.86777000e+00    1.00000000e+00
1  2
    3.42373000e+00    1.00000000e+00
1  2
    2.08393000e+00    1.00000000e+00
1  2
    9.62937000e-01    1.00000000e+00
1  2
    5.08633000e-01    1.00000000e+00
1  2
    2.36478000e-01    1.00000000e+00
1  3
    7.51871000e+00    1.00000000e+00
1  3
    3.27273000e+00    1.00000000e+00
1  3
    1.77964000e+00    1.00000000e+00
1  3
    1.00908000e+00    1.00000000e+00
1  3
    4.36090000e-01    1.00000000e+00
1  3
    2.31459000e-01    1.00000000e+00
1  4
    1.93022000e+00    1.00000000e+00
1  4
    2.65775000e+00    1.00000000e+00
1  4
    7.24875000e-01    1.00000000e+00
1  4
    3.88772000e-01    1.00000000e+00
1  5
    1.56526000e+00    1.00000000e+00
1  5
    2.71995000e+00    1.00000000e+00
1  0
    6.56249000e-02    1.00000000e+00
1  1
    5.52692000e-02    1.00000000e+00
1  2
    1.26098000e-01    1.00000000e+00
1  3
    1.29034000e-01    1.00000000e+00
1  4
    1.90232000e-01    1.00000000e+00
1  5
    8.06215000e-01    1.00000000e+00
