29
13  0
    8.63081000e+03    9.00000000e-06
    1.28326000e+03    6.60000000e-05
    2.83307000e+02    2.51000000e-04
    3.46635000e+01    1.49190000e-02
    2.15638000e+01   -1.36211000e-01
    1.34091000e+01    4.61366000e-01
    7.82027000e+00   -3.69646000e-01
    4.88534000e+00   -6.29382000e-01
    1.76714000e+00    6.76410000e-01
    9.64921000e-01    6.27835000e-01
    4.91862000e-01    1.40345000e-01
    2.11477000e-01    4.30100000e-03
    9.13810000e-02    2.37000000e-04
13  0
    8.63081000e+03    4.00000000e-06
    1.28326000e+03    2.50000000e-05
    2.83307000e+02    9.70000000e-05
    3.46635000e+01    5.15200000e-03
    2.15638000e+01   -4.84270000e-02
    1.34091000e+01    1.72608000e-01
    7.82027000e+00   -1.64616000e-01
    4.88534000e+00   -2.16879000e-01
    1.76714000e+00    3.33315000e-01
    9.64921000e-01    3.79526000e-01
    4.91862000e-01    9.69840000e-02
    2.11477000e-01   -3.98608000e-01
    9.13810000e-02   -6.16761000e-01
13  0
    8.63081000e+03    8.00000000e-06
    1.28326000e+03    5.50000000e-05
    2.83307000e+02    2.39000000e-04
    3.46635000e+01    1.01900000e-02
    2.15638000e+01   -1.02019000e-01
    1.34091000e+01    3.77467000e-01
    7.82027000e+00   -3.52389000e-01
    4.88534000e+00   -5.79887000e-01
    1.76714000e+00    1.22865100e+00
    9.64921000e-01    1.10107900e+00
    4.91862000e-01   -1.85112300e+00
    2.11477000e-01   -8.24302000e-01
    9.13810000e-02    9.52640000e-01
13  0
    8.63081000e+03    1.30000000e-05
    1.28326000e+03    6.50000000e-05
    2.83307000e+02    4.17000000e-04
    3.46635000e+01    7.07800000e-03
    2.15638000e+01   -1.05824000e-01
    1.34091000e+01    4.41889000e-01
    7.82027000e+00   -2.90904000e-01
    4.88534000e+00   -1.29069300e+00
    1.76714000e+00    4.53112500e+00
    9.64921000e-01   -3.14261300e+00
    4.91862000e-01   -2.18644500e+00
    2.11477000e-01    3.50308000e+00
    9.13810000e-02   -9.78636000e-01
13  0
    8.63081000e+03    9.00000000e-06
    1.28326000e+03   -5.59000000e-04
    2.83307000e+02    1.70000000e-03
    3.46635000e+01   -2.08109000e-01
    2.15638000e+01    1.12011600e+00
    1.34091000e+01   -2.96397900e+00
    7.82027000e+00    4.54638500e+00
    4.88534000e+00   -1.79656700e+00
    1.76714000e+00   -7.52971700e+00
    9.64921000e-01    1.43323400e+01
    4.91862000e-01   -1.14744850e+01
    2.11477000e-01    4.74799600e+00
    9.13810000e-02   -3.55655000e-01
1  0
    3.96610000e-02    1.00000000e+00
1  0
    1.72000000e-02    1.00000000e+00
10  1
    3.82938000e+01    2.64100000e-03
    2.39271000e+01   -2.12850000e-02
    1.49555000e+01    7.78820000e-02
    6.31536000e+00   -2.99629000e-01
    1.89775000e+00    4.79616000e-01
    1.02149000e+00    4.70465000e-01
    5.51879000e-01    1.98510000e-01
    2.92697000e-01    3.70840000e-02
    1.30492000e-01    3.86800000e-03
    5.86130000e-02   -9.00000000e-06
10  1
    3.82938000e+01   -2.97000000e-04
    2.39271000e+01    4.16700000e-03
    1.49555000e+01   -1.92670000e-02
    6.31536000e+00    8.49230000e-02
    1.89775000e+00   -1.68565000e-01
    1.02149000e+00   -1.61875000e-01
    5.51879000e-01   -7.44770000e-02
    2.92697000e-01    1.72128000e-01
    1.30492000e-01    4.33895000e-01
    5.86130000e-02    4.39899000e-01
10  1
    3.82938000e+01   -1.16200000e-03
    2.39271000e+01    1.08590000e-02
    1.49555000e+01   -4.40970000e-02
    6.31536000e+00    1.88124000e-01
    1.89775000e+00   -4.08597000e-01
    1.02149000e+00   -3.91155000e-01
    5.51879000e-01    9.07750000e-02
    2.92697000e-01    6.71112000e-01
    1.30492000e-01    4.20681000e-01
    5.86130000e-02    3.15370000e-02
10  1
    3.82938000e+01   -4.59300000e-03
    2.39271000e+01    2.82990000e-02
    1.49555000e+01   -9.04990000e-02
    6.31536000e+00    3.63966000e-01
    1.89775000e+00   -1.17774600e+00
    1.02149000e+00   -2.06362000e-01
    5.51879000e-01    1.61609900e+00
    2.92697000e-01    2.24300000e-03
    1.30492000e-01   -8.51863000e-01
    5.86130000e-02   -1.48756000e-01
10  1
    3.82938000e+01   -7.53200000e-03
    2.39271000e+01    1.04010000e-02
    1.49555000e+01    6.57390000e-02
    6.31536000e+00   -5.28310000e-01
    1.89775000e+00    3.13740500e+00
    1.02149000e+00   -3.91422400e+00
    5.51879000e-01    4.36826000e-01
    2.92697000e-01    1.98160000e+00
    1.30492000e-01   -9.44414000e-01
    5.86130000e-02   -3.38574000e-01
1  1
    2.60970000e-02    1.00000000e+00
1  1
    1.16000000e-02    1.00000000e+00
9  2
    7.01490000e+01    8.70000000e-05
    2.16955000e+01   -6.17000000e-04
    1.34986000e+01    9.58800000e-03
    6.70478000e+00   -6.72710000e-02
    2.19200000e+00    2.02997000e-01
    1.21715000e+00    3.33123000e-01
    6.60971000e-01    3.26812000e-01
    3.48882000e-01    2.28316000e-01
    1.77063000e-01    1.04417000e-01
9  2
    7.01490000e+01   -2.17000000e-04
    2.16955000e+01    2.00400000e-03
    1.34986000e+01   -1.61650000e-02
    6.70478000e+00    1.02723000e-01
    2.19200000e+00   -4.03239000e-01
    1.21715000e+00   -5.52316000e-01
    6.60971000e-01    1.24276000e-01
    3.48882000e-01    5.17071000e-01
    1.77063000e-01    3.49325000e-01
9  2
    7.01490000e+01   -7.19000000e-04
    2.16955000e+01    8.86600000e-03
    1.34986000e+01   -3.84430000e-02
    6.70478000e+00    1.78518000e-01
    2.19200000e+00   -9.95952000e-01
    1.21715000e+00   -9.97170000e-02
    6.60971000e-01    1.37259700e+00
    3.48882000e-01   -1.54402000e-01
    1.77063000e-01   -6.75106000e-01
9  2
    7.01490000e+01   -2.39600000e-03
    2.16955000e+01    3.14370000e-02
    1.34986000e+01   -4.51680000e-02
    6.70478000e+00   -1.68111000e-01
    2.19200000e+00    2.46746500e+00
    1.21715000e+00   -3.51555600e+00
    6.60971000e-01    1.20211500e+00
    3.48882000e-01    1.05350600e+00
    1.77063000e-01   -7.52919000e-01
1  2
    8.42580000e-02    1.00000000e+00
1  2
    4.01000000e-02    1.00000000e+00
1  3
    2.05850000e+00    1.00000000e+00
1  3
    8.84900000e-01    1.00000000e+00
1  3
    3.80400000e-01    1.00000000e+00
1  3
    1.48600000e-01    1.00000000e+00
1  4
    2.10630000e+00    1.00000000e+00
1  4
    7.88000000e-01    1.00000000e+00
1  4
    3.60600000e-01    1.00000000e+00
1  5
    1.38670000e+00    1.00000000e+00
1  5
    6.54100000e-01    1.00000000e+00
