16
7  0
    4.14804000e+01    1.00720000e-02
    2.25328000e+01   -1.14781000e-01
    1.40790000e+01    3.56408000e-01
    5.72474000e+00   -8.48443000e-01
    1.47948000e+00    9.40596000e-01
    6.88266000e-01    4.35329000e-01
    1.64181000e-01    1.31780000e-02
7  0
    4.14804000e+01    2.03200000e-03
    2.25328000e+01   -3.23140000e-02
    1.40790000e+01    1.15350000e-01
    5.72474000e+00   -3.17763000e-01
    1.47948000e+00    5.13523000e-01
    6.88266000e-01    2.50050000e-01
    1.64181000e-01   -6.48841000e-01
7  0
    4.14804000e+01    2.18280000e-02
    2.25328000e+01   -1.55564000e-01
    1.40790000e+01    3.86025000e-01
    5.72474000e+00   -8.96104000e-01
    1.47948000e+00    2.33219500e+00
    6.88266000e-01   -1.59766000e+00
    1.64181000e-01   -1.05364600e+00
1  0
    5.72230000e-02    1.00000000e+00
1  0
    1.99000000e-02    1.00000000e+00
6  1
    1.05805000e+01    1.28692000e-01
    6.80539000e+00   -3.60842000e-01
    1.79016000e+00    5.64117000e-01
    8.62261000e-01    5.00274000e-01
    3.75277000e-01    1.13785000e-01
    1.28421000e-01    2.93900000e-03
6  1
    1.05805000e+01   -3.44430000e-02
    6.80539000e+00    1.00929000e-01
    1.79016000e+00   -1.92439000e-01
    8.62261000e-01   -1.96069000e-01
    3.75277000e-01    1.04204000e-01
    1.28421000e-01    5.87387000e-01
6  1
    1.05805000e+01    7.14680000e-02
    6.80539000e+00   -2.10859000e-01
    1.79016000e+00    4.45204000e-01
    8.62261000e-01    3.91608000e-01
    3.75277000e-01   -6.67083000e-01
    1.28421000e-01   -6.19574000e-01
1  1
    4.34470000e-02    1.00000000e+00
1  1
    1.47000000e-02    1.00000000e+00
5  2
    1.15841000e+01    1.67290000e-02
    7.24879000e+00   -6.95580000e-02
    1.93662000e+00    3.03437000e-01
    8.98748000e-01    4.54878000e-01
    3.86931000e-01    3.36808000e-01
5  2
    1.15841000e+01   -2.49840000e-02
    7.24879000e+00    1.04103000e-01
    1.93662000e+00   -6.16986000e-01
    8.98748000e-01   -3.53826000e-01
    3.86931000e-01    6.87280000e-01
1  2
    1.50466000e-01    1.00000000e+00
1  2
    5.85000000e-02    1.00000000e+00
1  3
    9.97400000e-01    1.00000000e+00
1  3
    4.37700000e-01    1.00000000e+00
