69
1  0
    1.67916000e+01    1.00000000e+00
1  0
    9.74471000e+00    1.00000000e+00
1  0
    6.62153000e+00    1.00000000e+00
1  0
    4.58120000e+00    1.00000000e+00
1  0
    2.56481000e+00    1.00000000e+00
1  0
    1.42800000e+00    1.00000000e+00
1  0
    8.77032000e-01    1.00000000e+00
1  0
    5.55274000e-01    1.00000000e+00
1  0
    3.36398000e-01    1.00000000e+00
1  0
    1.43238000e-01    1.00000000e+00
1  0
    6.24848000e-02    1.00000000e+00
1  0
    3.03122000e-02    1.00000000e+00
1  1
    1.04702000e+01    1.00000000e+00
1  1
    6.53001000e+00    1.00000000e+00
1  1
    5.10978000e+00    1.00000000e+00
1  1
    4.05896000e+00    1.00000000e+00
1  1
    2.36464000e+00    1.00000000e+00
1  1
    1.35976000e+00    1.00000000e+00
1  1
    7.86285000e-01    1.00000000e+00
1  1
    4.46651000e-01    1.00000000e+00
1  1
    2.45947000e-01    1.00000000e+00
1  1
    1.41983000e-01    1.00000000e+00
1  1
    7.23711000e-02    1.00000000e+00
1  1
    3.54028000e-02    1.00000000e+00
1  2
    1.27289000e+01    1.00000000e+00
1  2
    7.68564000e+00    1.00000000e+00
1  2
    5.37724000e+00    1.00000000e+00
1  2
    3.57449000e+00    1.00000000e+00
1  2
    1.99694000e+00    1.00000000e+00
1  2
    1.37560000e+00    1.00000000e+00
1  2
    7.36746000e-01    1.00000000e+00
1  2
    4.46113000e-01    1.00000000e+00
1  2
    2.39375000e-01    1.00000000e+00
1  2
    1.41373000e-01    1.00000000e+00
1  2
    6.99285000e-02    1.00000000e+00
1  3
    1.50890000e+01    1.00000000e+00
1  3
    8.82311000e+00    1.00000000e+00
1  3
    5.33039000e+00    1.00000000e+00
1  3
    3.65248000e+00    1.00000000e+00
1  3
    2.11889000e+00    1.00000000e+00
1  3
    1.36563000e+00    1.00000000e+00
1  3
    7.79322000e-01    1.00000000e+00
1  3
    4.68577000e-01    1.00000000e+00
1  3
    2.39417000e-01    1.00000000e+00
1  3
    1.19995000e-01    1.00000000e+00
1  4
    1.40465000e+01    1.00000000e+00
1  4
    8.32521000e+00    1.00000000e+00
1  4
    5.75571000e+00    1.00000000e+00
1  4
    3.54061000e+00    1.00000000e+00
1  4
    2.12827000e+00    1.00000000e+00
1  4
    1.27432000e+00    1.00000000e+00
1  4
    7.11062000e-01    1.00000000e+00
1  4
    4.32321000e-01    1.00000000e+00
1  4
    1.81397000e-01    1.00000000e+00
1  5
    8.10260000e+00    1.00000000e+00
1  5
    4.96698000e+00    1.00000000e+00
1  5
    3.18778000e+00    1.00000000e+00
1  5
    2.09662000e+00    1.00000000e+00
1  5
    1.11092000e+00    1.00000000e+00
1  5
    5.78764000e-01    1.00000000e+00
1  6
    4.92326000e+00    1.00000000e+00
1  6
    3.56874000e+00    1.00000000e+00
1  6
    2.00877000e+00    1.00000000e+00
1  6
    9.77106000e-01    1.00000000e+00
1  7
    4.84959000e+00    1.00000000e+00
1  7
    3.06698000e+00    1.00000000e+00
1  7
    1.43092000e+00    1.00000000e+00
1  8
    5.04776000e+00    1.00000000e+00
1  8
    2.62608000e+00    1.00000000e+00
