54
1  0
    7.12719000e+00    1.00000000e+00
1  0
    4.96900000e+00    1.00000000e+00
1  0
    3.39629000e+00    1.00000000e+00
1  0
    2.16120000e+00    1.00000000e+00
1  0
    1.08331000e+00    1.00000000e+00
1  0
    4.38545000e-01    1.00000000e+00
1  0
    2.18766000e-01    1.00000000e+00
1  0
    1.11380000e-01    1.00000000e+00
1  0
    4.97652000e-02    1.00000000e+00
1  0
    2.93873000e-02    1.00000000e+00
1  1
    8.78127000e+00    1.00000000e+00
1  1
    5.29126000e+00    1.00000000e+00
1  1
    3.59981000e+00    1.00000000e+00
1  1
    2.08499000e+00    1.00000000e+00
1  1
    1.08072000e+00    1.00000000e+00
1  1
    5.53989000e-01    1.00000000e+00
1  1
    2.55639000e-01    1.00000000e+00
1  1
    1.49351000e-01    1.00000000e+00
1  1
    7.89386000e-02    1.00000000e+00
1  1
    3.96166000e-02    1.00000000e+00
1  2
    5.23388000e+00    1.00000000e+00
1  2
    3.83810000e+00    1.00000000e+00
1  2
    2.90591000e+00    1.00000000e+00
1  2
    1.65395000e+00    1.00000000e+00
1  2
    8.11128000e-01    1.00000000e+00
1  2
    3.83519000e-01    1.00000000e+00
1  2
    2.25182000e-01    1.00000000e+00
1  2
    1.24184000e-01    1.00000000e+00
1  2
    6.69592000e-02    1.00000000e+00
1  3
    6.55625000e+00    1.00000000e+00
1  3
    3.49226000e+00    1.00000000e+00
1  3
    2.27481000e+00    1.00000000e+00
1  3
    1.12630000e+00    1.00000000e+00
1  3
    6.78631000e-01    1.00000000e+00
1  3
    2.80527000e-01    1.00000000e+00
1  3
    1.12750000e-01    1.00000000e+00
1  4
    1.04403000e+01    1.00000000e+00
1  4
    4.90140000e+00    1.00000000e+00
1  4
    2.90318000e+00    1.00000000e+00
1  4
    1.57262000e+00    1.00000000e+00
1  4
    6.85197000e-01    1.00000000e+00
1  4
    3.27443000e-01    1.00000000e+00
1  5
    3.79405000e+00    1.00000000e+00
1  5
    2.49962000e+00    1.00000000e+00
1  5
    1.02283000e+00    1.00000000e+00
1  6
    3.93772000e+00    1.00000000e+00
1  6
    2.12362000e+00    1.00000000e+00
1  0
    1.47032000e-02    1.00000000e+00
1  1
    1.98510000e-02    1.00000000e+00
1  2
    3.35531000e-02    1.00000000e+00
1  3
    5.70254000e-02    1.00000000e+00
1  4
    1.66938000e-01    1.00000000e+00
1  5
    5.20887000e-01    1.00000000e+00
1  6
    1.08282000e+00    1.00000000e+00
