58
1  0
    1.76758000e+01    1.00000000e+00
1  0
    1.00349000e+01    1.00000000e+00
1  0
    6.45822000e+00    1.00000000e+00
1  0
    4.29158000e+00    1.00000000e+00
1  0
    2.51513000e+00    1.00000000e+00
1  0
    1.73336000e+00    1.00000000e+00
1  0
    9.57826000e-01    1.00000000e+00
1  0
    4.38545000e-01    1.00000000e+00
1  0
    2.18766000e-01    1.00000000e+00
1  0
    1.11380000e-01    1.00000000e+00
1  0
    4.97652000e-02    1.00000000e+00
1  0
    2.93873000e-02    1.00000000e+00
1  1
    1.88319000e+01    1.00000000e+00
1  1
    1.09730000e+01    1.00000000e+00
1  1
    7.17276000e+00    1.00000000e+00
1  1
    4.80981000e+00    1.00000000e+00
1  1
    3.04705000e+00    1.00000000e+00
1  1
    2.08499000e+00    1.00000000e+00
1  1
    1.08072000e+00    1.00000000e+00
1  1
    5.53989000e-01    1.00000000e+00
1  1
    2.55639000e-01    1.00000000e+00
1  1
    1.49351000e-01    1.00000000e+00
1  1
    7.89386000e-02    1.00000000e+00
1  1
    3.96166000e-02    1.00000000e+00
1  2
    1.83022000e+01    1.00000000e+00
1  2
    1.11819000e+01    1.00000000e+00
1  2
    6.22638000e+00    1.00000000e+00
1  2
    3.94576000e+00    1.00000000e+00
1  2
    2.57558000e+00    1.00000000e+00
1  2
    1.65395000e+00    1.00000000e+00
1  2
    8.11128000e-01    1.00000000e+00
1  2
    3.83519000e-01    1.00000000e+00
1  2
    2.25182000e-01    1.00000000e+00
1  2
    1.24184000e-01    1.00000000e+00
1  2
    6.69592000e-02    1.00000000e+00
1  3
    1.30863000e+01    1.00000000e+00
1  3
    7.29676000e+00    1.00000000e+00
1  3
    5.32566000e+00    1.00000000e+00
1  3
    3.60977000e+00    1.00000000e+00
1  3
    2.19181000e+00    1.00000000e+00
1  3
    1.12630000e+00    1.00000000e+00
1  3
    6.78631000e-01    1.00000000e+00
1  3
    2.80527000e-01    1.00000000e+00
1  3
    1.12750000e-01    1.00000000e+00
1  4
    1.12381000e+01    1.00000000e+00
1  4
    6.32222000e+00    1.00000000e+00
1  4
    4.20725000e+00    1.00000000e+00
1  4
    2.28882000e+00    1.00000000e+00
1  4
    1.33809000e+00    1.00000000e+00
1  4
    6.85197000e-01    1.00000000e+00
1  4
    3.27443000e-01    1.00000000e+00
1  5
    7.59534000e+00    1.00000000e+00
1  5
    4.25139000e+00    1.00000000e+00
1  5
    2.16454000e+00    1.00000000e+00
1  5
    1.02283000e+00    1.00000000e+00
1  6
    7.69686000e+00    1.00000000e+00
1  6
    4.28406000e+00    1.00000000e+00
1  6
    2.12362000e+00    1.00000000e+00
