17
9  0
    9.83058000e+01    1.03300000e-03
    1.96406000e+01   -1.06382000e-01
    1.23397000e+01    5.32073000e-01
    7.74782000e+00   -5.22324000e-01
    4.86291000e+00   -5.37321000e-01
    1.57719000e+00    8.84788000e-01
    7.52926000e-01    5.13834000e-01
    2.35112000e-01    2.94070000e-02
    1.03968000e-01   -6.15900000e-03
9  0
    9.83058000e+01   -3.56000000e-04
    1.96406000e+01    3.79090000e-02
    1.23397000e+01   -2.00013000e-01
    7.74782000e+00    2.24093000e-01
    4.86291000e+00    1.79374000e-01
    1.57719000e+00   -4.50833000e-01
    7.52926000e-01   -3.39055000e-01
    2.35112000e-01    2.93414000e-01
    1.03968000e-01    6.44628000e-01
9  0
    9.83058000e+01   -2.17000000e-04
    1.96406000e+01   -4.40670000e-02
    1.23397000e+01    2.87695000e-01
    7.74782000e+00   -1.89476000e-01
    4.86291000e+00   -7.80704000e-01
    1.57719000e+00    2.17560400e+00
    7.52926000e-01   -8.86584000e-01
    2.35112000e-01   -1.87491700e+00
    1.03968000e-01    1.24705300e+00
9  0
    9.83058000e+01   -2.09300000e-03
    1.96406000e+01    1.55783000e-01
    1.23397000e+01   -7.95141000e-01
    7.74782000e+00    9.97054000e-01
    4.86291000e+00    5.92861000e-01
    1.57719000e+00   -4.40719700e+00
    7.52926000e-01    5.28983700e+00
    2.35112000e-01   -2.88663300e+00
    1.03968000e-01    3.15874000e-01
1  0
    4.34000000e-02    1.00000000e+00
8  1
    2.14065000e+01   -1.28370000e-02
    1.33929000e+01    8.65310000e-02
    6.51021000e+00   -3.08041000e-01
    1.82222000e+00    5.32794000e-01
    9.26507000e-01    4.82207000e-01
    4.55082000e-01    1.54695000e-01
    1.92760000e-01    1.32010000e-02
    7.86890000e-02    5.85000000e-04
8  1
    2.14065000e+01    2.66900000e-03
    1.33929000e+01   -2.18770000e-02
    6.51021000e+00    8.65390000e-02
    1.82222000e+00   -1.84768000e-01
    9.26507000e-01   -1.77395000e-01
    4.55082000e-01    9.77000000e-04
    1.92760000e-01    3.53603000e-01
    7.86890000e-02    5.43582000e-01
8  1
    2.14065000e+01    6.14000000e-03
    1.33929000e+01   -4.80560000e-02
    6.51021000e+00    1.89106000e-01
    1.82222000e+00   -4.38119000e-01
    9.26507000e-01   -4.32193000e-01
    4.55082000e-01    4.57057000e-01
    1.92760000e-01    6.95357000e-01
    7.86890000e-02    1.42016000e-01
8  1
    2.14065000e+01    1.30140000e-02
    1.33929000e+01   -8.90970000e-02
    6.51021000e+00    3.48020000e-01
    1.82222000e+00   -1.21844700e+00
    9.26507000e-01    1.23228000e-01
    4.55082000e-01    1.62843800e+00
    1.92760000e-01   -7.82451000e-01
    7.86890000e-02   -5.11254000e-01
1  1
    3.17290000e-02    1.00000000e+00
7  2
    8.69881000e+01    5.80000000e-05
    1.19913000e+01    1.27790000e-02
    6.93648000e+00   -6.89630000e-02
    2.08641000e+00    2.41563000e-01
    1.07664000e+00    3.87858000e-01
    5.31153000e-01    3.45441000e-01
    2.48808000e-01    1.91509000e-01
7  2
    8.69881000e+01    5.00000000e-05
    1.19913000e+01    1.92460000e-02
    6.93648000e+00   -1.03487000e-01
    2.08641000e+00    4.84769000e-01
    1.07664000e+00    5.06951000e-01
    5.31153000e-01   -3.62572000e-01
    2.48808000e-01   -5.72980000e-01
7  2
    8.69881000e+01   -4.30000000e-05
    1.19913000e+01    3.37600000e-02
    6.93648000e+00   -1.74610000e-01
    2.08641000e+00    1.20170200e+00
    1.07664000e+00   -5.03093000e-01
    5.31153000e-01   -1.12999900e+00
    2.48808000e-01    7.74931000e-01
1  2
    1.08170000e-01    1.00000000e+00
1  3
    1.58140000e+00    1.00000000e+00
1  3
    5.42300000e-01    1.00000000e+00
1  4
    1.37370000e+00    1.00000000e+00
