17
3  0
    4.80137870e+01    5.80081649e-03
    2.12398751e+01   -1.73281652e-01
    1.58761009e+01    3.64166850e-01
1  0
    5.51805318e+00    1.00000000e+00
1  0
    1.50991455e+00    1.00000000e+00
1  0
    7.06834822e-01    1.00000000e+00
1  0
    1.62662656e-01    1.00000000e+00
1  0
    5.69605891e-02    1.00000000e+00
4  1
    1.75000000e+01   -8.64571873e-02
    1.52525949e+01    1.53273182e-01
    6.44047152e+00   -3.02749552e-01
    1.81801599e+00    5.43612850e-01
1  1
    9.00679818e-01    1.00000000e+00
1  1
    4.13045401e-01    1.00000000e+00
1  1
    1.18457027e-01    1.00000000e+00
1  1
    3.60876193e-02    1.00000000e+00
4  2
    1.00281977e+01    3.99223532e-02
    7.59206615e+00   -9.47742305e-02
    1.91442561e+00    3.11641575e-01
    8.86415521e-01    4.55670784e-01
1  2
    3.81542353e-01    1.00000000e+00
1  2
    1.48807401e-01    1.00000000e+00
1  3
    1.55217000e+00    1.00000000e+00
1  3
    5.24310000e-01    1.00000000e+00
1  4
    1.28950000e+00    1.00000000e+00
