22
3  0
    4.80137870e+01    5.62414033e-03
    2.12398751e+01   -1.70540835e-01
    1.58761009e+01    3.59403897e-01
1  0
    5.48659394e+00    1.00000000e+00
1  0
    1.55217669e+00    1.00000000e+00
1  0
    7.47425412e-01    1.00000000e+00
1  0
    2.02688385e-01    1.00000000e+00
1  0
    9.33762292e-02    1.00000000e+00
1  0
    4.12487056e-02    1.00000000e+00
4  1
    1.75000000e+01   -8.64571873e-02
    1.52525949e+01    1.53273182e-01
    6.44047152e+00   -3.02749552e-01
    1.81801599e+00    5.43612850e-01
1  1
    9.00679818e-01    1.00000000e+00
1  1
    4.13045401e-01    1.00000000e+00
1  1
    1.18457027e-01    1.00000000e+00
1  1
    3.60876193e-02    1.00000000e+00
4  2
    1.18886490e+01    1.33112199e-02
    6.77736610e+00   -7.33461998e-02
    2.09349413e+00    2.41559867e-01
    1.08170872e+00    3.88659724e-01
1  2
    5.33291361e-01    1.00000000e+00
1  2
    2.49841018e-01    1.00000000e+00
1  2
    1.08797701e-01    1.00000000e+00
1  3
    1.88938000e+00    1.00000000e+00
1  3
    7.95690000e-01    1.00000000e+00
1  3
    3.35100000e-01    1.00000000e+00
1  3
    1.41120000e-01    1.00000000e+00
1  4
    1.83585000e+00    1.00000000e+00
1  4
    7.22490000e-01    1.00000000e+00
