52
1  0
    1.32930284e+07    1.00000000e+00
1  0
    5.55734285e+06    1.00000000e+00
1  0
    2.37982053e+06    1.00000000e+00
1  0
    1.04368243e+06    1.00000000e+00
1  0
    4.68641314e+05    1.00000000e+00
1  0
    2.15401398e+05    1.00000000e+00
1  0
    1.01313205e+05    1.00000000e+00
1  0
    4.87475168e+04    1.00000000e+00
1  0
    2.39856763e+04    1.00000000e+00
1  0
    1.20640395e+04    1.00000000e+00
1  0
    6.19992833e+03    1.00000000e+00
1  0
    3.25408221e+03    1.00000000e+00
1  0
    1.74339392e+03    1.00000000e+00
1  0
    9.52898985e+02    1.00000000e+00
1  0
    5.31035122e+02    1.00000000e+00
1  0
    3.01541153e+02    1.00000000e+00
1  0
    1.74349127e+02    1.00000000e+00
1  0
    1.02571452e+02    1.00000000e+00
1  0
    6.13523564e+01    1.00000000e+00
1  0
    3.72802975e+01    1.00000000e+00
1  0
    2.29930894e+01    1.00000000e+00
1  0
    1.43811313e+01    1.00000000e+00
1  0
    9.11289670e+00    1.00000000e+00
1  0
    5.84467112e+00    1.00000000e+00
1  0
    3.79018127e+00    1.00000000e+00
1  0
    2.48254225e+00    1.00000000e+00
1  0
    1.64057531e+00    1.00000000e+00
1  0
    1.09262598e+00    1.00000000e+00
1  0
    7.32527580e-01    1.00000000e+00
1  0
    4.93792740e-01    1.00000000e+00
1  0
    3.34284600e-01    1.00000000e+00
1  0
    2.26994320e-01    1.00000000e+00
1  0
    1.54422910e-01    1.00000000e+00
1  0
    1.05117460e-01    1.00000000e+00
1  1
    1.69430700e+00    1.00000000e+00
1  1
    8.36276300e-01    1.00000000e+00
1  1
    4.05993100e-01    1.00000000e+00
1  1
    1.95177900e-01    1.00000000e+00
1  1
    9.35262000e-02    1.00000000e+00
1  2
    8.38488240e+00    1.00000000e+00
1  2
    2.90835180e+00    1.00000000e+00
1  2
    9.94612800e-01    1.00000000e+00
1  2
    3.37300200e-01    1.00000000e+00
1  2
    1.14069900e-01    1.00000000e+00
1  3
    3.78264130e+00    1.00000000e+00
1  3
    8.75737100e-01    1.00000000e+00
1  3
    2.03788400e-01    1.00000000e+00
1  4
    2.58185275e+01    1.00000000e+00
1  4
    7.22782888e+00    1.00000000e+00
1  4
    2.46045373e+00    1.00000000e+00
1  4
    9.62280000e-01    1.00000000e+00
1  4
    3.96000000e-01    1.00000000e+00
