27
5  0
    8.63739550e+04    7.80000000e-05
    1.30142000e+04    5.88000000e-04
    2.97424170e+03    2.80100000e-03
    8.40771000e+02    8.36400000e-03
    2.58122300e+02    1.34190000e-02
1  0
    4.97648000e+01    1.00000000e+00
1  0
    3.55463000e+01    1.00000000e+00
1  0
    1.81290000e+01    1.00000000e+00
1  0
    4.44560000e+00    1.00000000e+00
1  0
    2.21700000e+00    1.00000000e+00
1  0
    8.32900000e-01    1.00000000e+00
1  0
    3.54400000e-01    1.00000000e+00
1  0
    5.97000000e-02    1.00000000e+00
1  0
    2.44000000e-02    1.00000000e+00
6  1
    1.33298631e+03   -6.98867528e-04
    3.14406879e+02   -4.74434154e-03
    9.79117194e+01   -1.41647111e-02
    2.79099616e+01   -6.76589274e-02
    1.65450973e+01    2.39089171e-01
    3.93315681e+00   -2.84194529e-01
3  1
    1.17341127e+01   -1.29035895e-01
    5.72595867e+00   -2.28750085e-01
    2.14742515e+00   -1.77241517e-01
1  1
    1.98361346e+00    1.00000000e+00
1  1
    8.45992639e-01    1.00000000e+00
1  1
    3.59046628e-01    1.00000000e+00
1  1
    1.27805821e-01    1.00000000e+00
1  1
    3.86239785e-02    1.00000000e+00
6  2
    4.54440400e+02    1.06500000e-03
    1.37412300e+02    8.75400000e-03
    5.26936000e+01    3.58960000e-02
    2.26037000e+01    7.68480000e-02
    8.78080000e+00    2.92273000e-01
    4.37520000e+00    4.57092000e-01
1  2
    2.10220000e+00    1.00000000e+00
1  2
    9.07300000e-01    1.00000000e+00
1  2
    3.17200000e-01    1.00000000e+00
1  2
    9.75000000e-02    1.00000000e+00
5  3
    1.36467800e+02    5.23000000e-03
    4.95692000e+01    4.84490000e-02
    2.22471000e+01    1.56208000e-01
    1.01359000e+01    2.82384000e-01
    4.61860000e+00    3.53881000e-01
1  3
    2.03750000e+00    1.00000000e+00
1  3
    8.34300000e-01    1.00000000e+00
1  3
    2.97900000e-01    1.00000000e+00
1  4
    4.98500000e-01    1.00000000e+00
