32
6  0
    1.04917859e+05    6.20410276e-05
    1.78698592e+04    3.86515100e-04
    4.74536986e+03    1.51718605e-03
    1.56157855e+03    4.53207978e-03
    5.68178799e+02    9.43899132e-03
    2.03734086e+02    1.21774523e-02
1  0
    5.22513010e+01    1.00000000e+00
1  0
    3.63724332e+01    1.00000000e+00
1  0
    1.78556216e+01    1.00000000e+00
1  0
    4.50356348e+00    1.00000000e+00
1  0
    2.27745131e+00    1.00000000e+00
1  0
    8.67742924e-01    1.00000000e+00
1  0
    3.81412846e-01    1.00000000e+00
1  0
    7.38090182e-02    1.00000000e+00
1  0
    3.16491689e-02    1.00000000e+00
1  0
    1.12217899e-02    1.00000000e+00
9  1
    4.64547800e+03    1.28327660e-04
    1.03694790e+03    1.18461710e-03
    3.21709500e+02    5.75934030e-03
    1.15535040e+02    1.69048480e-02
    3.33595590e+01    1.05910210e-01
    2.63384740e+01   -8.71624790e-02
    1.40664820e+01   -2.14005490e-01
    7.48283680e+00    3.96432950e-01
    3.81891530e+00    5.97301560e-01
3  1
    2.35025514e+01    5.61781906e-02
    1.35077569e+01   -2.26673019e-01
    7.58273182e+00   -6.79288062e-04
1  1
    1.90089479e+00    1.00000000e+00
1  1
    9.06969713e-01    1.00000000e+00
1  1
    4.22028937e-01    1.00000000e+00
1  1
    1.86172682e-01    1.00000000e+00
1  1
    6.70000000e-02    1.00000000e+00
1  1
    3.00000000e-02    1.00000000e+00
6  2
    6.57259953e+02    4.73730379e-04
    2.05697576e+02    4.00401935e-03
    7.91847118e+01    1.99804068e-02
    3.31656747e+01    6.03624266e-02
    1.31373759e+01    1.33764787e-01
    6.42587738e+00    4.09411860e-01
1  2
    3.19842003e+00    1.00000000e+00
1  2
    1.51375878e+00    1.00000000e+00
1  2
    6.02068663e-01    1.00000000e+00
1  2
    2.17864736e-01    1.00000000e+00
1  2
    7.24025536e-02    1.00000000e+00
6  3
    1.79233478e+02    4.67587628e-03
    6.44962631e+01    4.74820564e-02
    2.95597121e+01    1.93782438e-01
    1.41762637e+01    3.84359320e-01
    6.94322451e+00    5.45446634e-01
    3.36203463e+00    5.72117485e-01
1  3
    1.66795110e+00    1.00000000e+00
1  3
    9.36872065e-01    1.00000000e+00
1  3
    5.23740292e-01    1.00000000e+00
1  3
    2.21522422e-01    1.00000000e+00
2  4
    1.31239800e+01    1.86910000e-01
    3.03349000e+00    7.81390000e-01
1  4
    4.98540000e-01    1.00000000e+00
