67
1  0
    1.99330913e+07    1.00000000e+00
1  0
    8.30054289e+06    1.00000000e+00
1  0
    3.53518598e+06    1.00000000e+00
1  0
    1.53955784e+06    1.00000000e+00
1  0
    6.85409586e+05    1.00000000e+00
1  0
    3.11856683e+05    1.00000000e+00
1  0
    1.44970036e+05    1.00000000e+00
1  0
    6.88294218e+04    1.00000000e+00
1  0
    3.33643980e+04    1.00000000e+00
1  0
    1.65056315e+04    1.00000000e+00
1  0
    8.32975735e+03    1.00000000e+00
1  0
    4.28627918e+03    1.00000000e+00
1  0
    2.24779909e+03    1.00000000e+00
1  0
    1.20068379e+03    1.00000000e+00
1  0
    6.52894491e+02    1.00000000e+00
1  0
    3.61188016e+02    1.00000000e+00
1  0
    2.03149600e+02    1.00000000e+00
1  0
    1.16088927e+02    1.00000000e+00
1  0
    6.73505703e+01    1.00000000e+00
1  0
    3.96400907e+01    1.00000000e+00
1  0
    2.36495093e+01    1.00000000e+00
1  0
    1.42902364e+01    1.00000000e+00
1  0
    8.73789941e+00    1.00000000e+00
1  0
    5.40170804e+00    1.00000000e+00
1  0
    3.37290392e+00    1.00000000e+00
1  0
    2.12522601e+00    1.00000000e+00
1  0
    1.34990177e+00    1.00000000e+00
1  0
    8.63479270e-01    1.00000000e+00
1  0
    5.55650340e-01    1.00000000e+00
1  0
    3.59327210e-01    1.00000000e+00
1  0
    2.33264950e-01    1.00000000e+00
1  0
    1.51847030e-01    1.00000000e+00
1  0
    9.90109300e-02    1.00000000e+00
1  0
    6.45952000e-02    1.00000000e+00
1  1
    7.50344710e+00    1.00000000e+00
1  1
    3.44351610e+00    1.00000000e+00
1  1
    1.58063980e+00    1.00000000e+00
1  1
    7.25660300e-01    1.00000000e+00
1  1
    3.33183600e-01    1.00000000e+00
1  1
    1.52990200e-01    1.00000000e+00
1  1
    7.02512000e-02    1.00000000e+00
1  2
    1.82650163e+01    1.00000000e+00
1  2
    6.67726190e+00    1.00000000e+00
1  2
    2.47393510e+00    1.00000000e+00
1  2
    9.26302200e-01    1.00000000e+00
1  2
    3.49473600e-01    1.00000000e+00
1  2
    1.32454400e-01    1.00000000e+00
1  3
    2.78471197e+01    1.00000000e+00
1  3
    1.00158699e+01    1.00000000e+00
1  3
    3.63912410e+00    1.00000000e+00
1  3
    1.33191120e+00    1.00000000e+00
1  3
    4.89628800e-01    1.00000000e+00
1  3
    1.80259600e-01    1.00000000e+00
1  4
    2.00538956e+01    1.00000000e+00
1  4
    6.19375550e+00    1.00000000e+00
1  4
    1.93047970e+00    1.00000000e+00
1  4
    6.05653500e-01    1.00000000e+00
1  4
    1.90766000e-01    1.00000000e+00
1  4
    6.01661000e-02    1.00000000e+00
1  5
    1.52067971e+01    1.00000000e+00
1  5
    2.60698920e+00    1.00000000e+00
1  5
    7.82808800e-01    1.00000000e+00
1  6
    5.03671338e+01    1.00000000e+00
1  6
    1.98970289e+01    1.00000000e+00
1  6
    8.18590150e+00    1.00000000e+00
1  6
    3.47265940e+00    1.00000000e+00
1  6
    1.41610780e+00    1.00000000e+00
