13
3  0
    1.43511860e+04    6.10030000e-02
    2.17307410e+03    3.66640000e-01
    4.77872050e+02    6.91131000e-01
3  0
    6.48188700e+02   -1.12851000e-01
    1.40306400e+02    8.32280000e-02
    4.56988000e+01    9.69752000e-01
3  1
    6.48188700e+02    1.54114000e-01
    1.40306400e+02    6.19462000e-01
    4.56988000e+01    3.83758000e-01
3  0
    5.66946900e+01   -2.73697000e-01
    2.74887500e+01    4.65000000e-02
    8.20909600e+00    1.09157600e+00
3  1
    5.66946900e+01   -1.52322000e-01
    2.74887500e+01    5.43769000e-01
    8.20909600e+00    6.56168000e-01
3  0
    8.19167900e+00   -4.50828000e-01
    3.24459600e+00    4.63209000e-01
    1.30048900e+00    8.38636000e-01
3  1
    8.19167900e+00    1.18700000e-02
    3.24459600e+00    5.26525000e-01
    1.30048900e+00    5.26608000e-01
2  0
    1.45138000e+00   -6.65852000e-01
    3.28103000e-01    1.32858400e+00
2  1
    1.45138000e+00    2.75410000e-02
    3.28103000e-01    9.85137000e-01
1  0
    1.15076000e-01    1.00000000e+00
1  1
    1.15076000e-01    1.00000000e+00
3  2
    1.28090260e+02    1.15864000e-01
    3.59823780e+01    4.82049000e-01
    1.15511160e+01    5.89445000e-01
3  2
    6.14615200e+00    2.68182000e-01
    2.22093700e+00    5.80061000e-01
    8.09912000e-01    3.26226000e-01
