24
5  0
    4.44750000e+05    8.90000000e-04
    6.61270000e+04    6.94000000e-03
    1.48150000e+04    3.60900000e-02
    4.14490000e+03    1.35680000e-01
    1.36120000e+03    3.38780000e-01
2  0
    5.08440000e+02    4.36590000e-01
    2.09590000e+02    1.83750000e-01
1  0
    8.19590000e+01    1.00000000e+00
1  0
    3.68050000e+01    1.00000000e+00
1  0
    1.34950000e+01    1.00000000e+00
1  0
    6.88590000e+00    1.00000000e+00
1  0
    2.55200000e+00    1.00000000e+00
1  0
    1.20880000e+00    1.00000000e+00
1  0
    2.73400000e-01    1.00000000e+00
1  0
    1.00900000e-01    1.00000000e+00
4  1
    2.95360000e+03    1.22100000e-02
    7.12610000e+02    8.58700000e-02
    2.36710000e+02    2.94930000e-01
    9.26310000e+01    4.78490000e-01
1  1
    3.97320000e+01    1.00000000e+00
1  1
    1.72730000e+01    1.00000000e+00
1  1
    7.95700000e+00    1.00000000e+00
1  1
    3.15290000e+00    1.00000000e+00
1  1
    1.33280000e+00    1.00000000e+00
1  1
    4.94700000e-01    1.00000000e+00
1  1
    2.16000000e-01    1.00000000e+00
1  1
    8.29300000e-02    1.00000000e+00
3  2
    2.61950000e+02    3.14400000e-02
    7.67340000e+01    1.90280000e-01
    2.75510000e+01    4.72470000e-01
1  2
    1.06060000e+01    1.00000000e+00
1  2
    3.42170000e+00    1.00000000e+00
1  2
    1.13700000e+00    1.00000000e+00
1  2
    3.02000000e-01    1.00000000e+00
