61
1  0
    4.46766000e+01    1.00000000e+00
1  0
    2.99661000e+01    1.00000000e+00
1  0
    1.71930000e+01    1.00000000e+00
1  0
    9.00235000e+00    1.00000000e+00
1  0
    6.16518000e+00    1.00000000e+00
1  0
    3.24336000e+00    1.00000000e+00
1  0
    1.76209000e+00    1.00000000e+00
1  0
    1.04256000e+00    1.00000000e+00
1  0
    6.51010000e-01    1.00000000e+00
1  0
    4.10551000e-01    1.00000000e+00
1  0
    2.98652000e-01    1.00000000e+00
1  0
    1.66287000e-01    1.00000000e+00
1  0
    8.74420000e-02    1.00000000e+00
1  1
    3.32554000e+01    1.00000000e+00
1  1
    1.54841000e+01    1.00000000e+00
1  1
    9.52869000e+00    1.00000000e+00
1  1
    6.00502000e+00    1.00000000e+00
1  1
    3.06078000e+00    1.00000000e+00
1  1
    1.74943000e+00    1.00000000e+00
1  1
    1.03227000e+00    1.00000000e+00
1  1
    6.58120000e-01    1.00000000e+00
1  1
    4.51509000e-01    1.00000000e+00
1  1
    2.92021000e-01    1.00000000e+00
1  1
    1.53729000e-01    1.00000000e+00
1  1
    8.31323000e-02    1.00000000e+00
1  2
    2.38706000e+01    1.00000000e+00
1  2
    1.38727000e+01    1.00000000e+00
1  2
    1.03109000e+01    1.00000000e+00
1  2
    5.38238000e+00    1.00000000e+00
1  2
    2.85434000e+00    1.00000000e+00
1  2
    1.40413000e+00    1.00000000e+00
1  2
    8.51965000e-01    1.00000000e+00
1  2
    5.97042000e-01    1.00000000e+00
1  2
    4.16085000e-01    1.00000000e+00
1  2
    2.45055000e-01    1.00000000e+00
1  2
    1.08559000e-01    1.00000000e+00
1  3
    1.75093000e+01    1.00000000e+00
1  3
    1.15159000e+01    1.00000000e+00
1  3
    6.13300000e+00    1.00000000e+00
1  3
    2.64683000e+00    1.00000000e+00
1  3
    1.40790000e+00    1.00000000e+00
1  3
    8.15534000e-01    1.00000000e+00
1  3
    6.01319000e-01    1.00000000e+00
1  3
    3.97834000e-01    1.00000000e+00
1  3
    2.25530000e-01    1.00000000e+00
1  4
    8.88948000e+00    1.00000000e+00
1  4
    5.81467000e+00    1.00000000e+00
1  4
    2.53655000e+00    1.00000000e+00
1  4
    1.36290000e+00    1.00000000e+00
1  4
    8.19322000e-01    1.00000000e+00
1  4
    5.53839000e-01    1.00000000e+00
1  4
    3.10288000e-01    1.00000000e+00
1  5
    5.22802000e+00    1.00000000e+00
1  5
    2.38523000e+00    1.00000000e+00
1  5
    1.15973000e+00    1.00000000e+00
1  5
    8.03959000e-01    1.00000000e+00
1  5
    4.70833000e-01    1.00000000e+00
1  6
    2.75496000e+00    1.00000000e+00
1  6
    1.37397000e+00    1.00000000e+00
1  6
    7.91814000e-01    1.00000000e+00
1  7
    1.59036000e+00    1.00000000e+00
