25
11  0
    4.29766000e+04    1.30000000e-05
    6.43901000e+03    9.70000000e-05
    1.45578000e+03    4.66000000e-04
    4.05361000e+02    1.44100000e-03
    1.16980000e+02    2.67400000e-03
    2.96326000e+01   -5.81210000e-02
    1.85100000e+01    3.45759000e-01
    1.15620000e+01   -3.62272000e-01
    6.59507000e+00   -6.34674000e-01
    4.05340000e+00    2.23667000e-01
    2.14090000e+00    7.83273000e-01
11  0
    4.29766000e+04   -6.00000000e-06
    6.43901000e+03   -4.70000000e-05
    1.45578000e+03   -2.23000000e-04
    4.05361000e+02   -7.12000000e-04
    1.16980000e+02   -1.23400000e-03
    2.96326000e+01    2.41210000e-02
    1.85100000e+01   -1.55642000e-01
    1.15620000e+01    1.88539000e-01
    6.59507000e+00    2.74227000e-01
    4.05340000e+00   -1.24708000e-01
    2.14090000e+00   -4.73190000e-01
1  0
    1.18164000e+00    1.00000000e+00
1  0
    6.00372000e-01    1.00000000e+00
1  0
    3.19965000e-01    1.00000000e+00
1  0
    1.58769000e-01    1.00000000e+00
1  0
    7.54510000e-02    1.00000000e+00
8  1
    5.69643000e+02    1.15000000e-04
    1.31496000e+02    7.17000000e-04
    3.23843000e+01   -2.02700000e-03
    2.02254000e+01    5.34360000e-02
    1.12381000e+01   -1.92264000e-01
    6.62794000e+00   -9.52150000e-02
    3.64780000e+00    3.65808000e-01
    1.98853000e+00    5.36431000e-01
8  1
    5.69643000e+02   -4.30000000e-05
    1.31496000e+02   -2.60000000e-04
    3.23843000e+01    3.44000000e-04
    2.02254000e+01   -1.82310000e-02
    1.12381000e+01    7.40140000e-02
    6.62794000e+00    2.20160000e-02
    3.64780000e+00   -1.47873000e-01
    1.98853000e+00   -2.41166000e-01
1  1
    1.06367000e+00    1.00000000e+00
1  1
    5.24303000e-01    1.00000000e+00
1  1
    2.55382000e-01    1.00000000e+00
1  1
    1.19755000e-01    1.00000000e+00
1  1
    5.41990000e-02    1.00000000e+00
9  2
    5.78808000e+02    2.60000000e-05
    1.75853000e+02    2.34000000e-04
    6.88292000e+01    1.17700000e-03
    2.87354000e+01    5.46200000e-03
    1.23166000e+01   -2.75300000e-02
    7.61143000e+00    2.09760000e-02
    4.70452000e+00    1.76842000e-01
    2.79465000e+00    3.19479000e-01
    1.61644000e+00    3.38731000e-01
1  2
    9.14211000e-01    1.00000000e+00
1  2
    5.04730000e-01    1.00000000e+00
1  2
    2.76280000e-01    1.00000000e+00
1  2
    1.39200000e-01    1.00000000e+00
1  3
    6.73900000e-01    1.00000000e+00
1  3
    3.63100000e-01    1.00000000e+00
1  3
    1.95600000e-01    1.00000000e+00
1  4
    6.72100000e-01    1.00000000e+00
1  4
    3.22600000e-01    1.00000000e+00
1  5
    5.90800000e-01    1.00000000e+00
