19
10  0
    1.69000000e+04    4.00000000e-05
    2.54139000e+03    2.94000000e-04
    5.74413000e+02    1.21400000e-03
    1.50945000e+02    2.59600000e-03
    2.91631000e+01   -5.36230000e-02
    1.82196000e+01    3.43917000e-01
    1.13365000e+01   -3.67427000e-01
    6.92408000e+00   -5.38904000e-01
    2.50981000e+00    7.09567000e-01
    1.35113000e+00    6.28061000e-01
10  0
    1.69000000e+04    1.90000000e-05
    2.54139000e+03    1.42000000e-04
    5.74413000e+02    5.92000000e-04
    1.50945000e+02    1.24300000e-03
    2.91631000e+01   -2.27210000e-02
    1.82196000e+01    1.57708000e-01
    1.13365000e+01   -2.00092000e-01
    6.92408000e+00   -2.16152000e-01
    2.50981000e+00    4.13439000e-01
    1.35113000e+00    5.34585000e-01
1  0
    6.16379000e-01    1.00000000e+00
1  0
    3.83455000e-01    1.00000000e+00
1  0
    1.80056000e-01    1.00000000e+00
1  0
    8.23270000e-02    1.00000000e+00
7  1
    6.49159000e+02    9.50000000e-05
    1.48087000e+02    6.29000000e-04
    2.01018000e+01    4.53240000e-02
    1.04466000e+01   -2.30231000e-01
    6.35883000e+00   -4.96000000e-03
    3.04846000e+00    5.13927000e-01
    1.55950000e+00    5.06093000e-01
7  1
    6.49159000e+02   -3.20000000e-05
    1.48087000e+02   -2.53000000e-04
    2.01018000e+01   -1.60980000e-02
    1.04466000e+01    8.99100000e-02
    6.35883000e+00   -1.56550000e-02
    3.04846000e+00   -2.07783000e-01
    1.55950000e+00   -2.48081000e-01
1  1
    7.68911000e-01    1.00000000e+00
1  1
    3.54814000e-01    1.00000000e+00
1  1
    1.54766000e-01    1.00000000e+00
1  1
    6.46990000e-02    1.00000000e+00
9  2
    5.85445000e+02    2.50000000e-05
    1.77468000e+02    2.31000000e-04
    6.92193000e+01    1.17300000e-03
    2.86392000e+01    5.58400000e-03
    1.27153000e+01   -2.38300000e-02
    5.47927000e+00    1.16814000e-01
    3.35493000e+00    2.72731000e-01
    1.98423000e+00    3.40174000e-01
    1.15254000e+00    2.68699000e-01
1  2
    6.51017000e-01    1.00000000e+00
1  2
    3.47445000e-01    1.00000000e+00
1  2
    1.54700000e-01    1.00000000e+00
1  3
    5.86500000e-01    1.00000000e+00
1  3
    2.49400000e-01    1.00000000e+00
1  4
    4.73000000e-01    1.00000000e+00
