I nelec 28
I ul
2     19.45860900           -21.84204000       
2     19.34926000           -28.46819100       
2      4.82376700            -0.24371300       
2      4.88431500            -0.32080400       
I S
2     40.01583500            49.99429300       
2     17.42974700           281.02531700       
2      9.00548400            61.57332600       
2     19.45860900            21.84204000       
2     19.34926000            28.46819100       
2      4.82376700             0.24371300       
2      4.88431500             0.32080400       
I P
2     15.35546600            67.44284100       
2     14.97183300           134.88113700       
2      8.96016400            14.67505100       
2      8.25909600            29.37566600       
2     19.45860900            21.84204000       
2     19.34926000            28.46819100       
2      4.82376700             0.24371300       
2      4.88431500             0.32080400       
I D
2     15.06890800            35.43952900       
2     14.55532200            53.17605700       
2      6.71864700             9.06719500       
2      6.45639300            13.20693700       
2      1.19177900             0.08933500       
2      1.29115700             0.05238000       
2     19.45860900            21.84204000       
2     19.34926000            28.46819100       
2      4.82376700             0.24371300       
2      4.88431500             0.32080400   
