I nelec 28
I ul
2      1.00000000             0.00000000       
I S
2     40.03337600            49.98964900       
2     17.30057600           281.00655600       
2      8.85172000            61.41673900       
I P
2     15.72014100            67.41623900       
2     15.20822200           134.80769600       
2      8.29418600            14.56654800       
2      7.75394900            28.96842200       
I D
2     13.81775100            35.53875600       
2     13.58780500            53.33975900       
2      6.94763000             9.71646600       
2      6.96009900            14.97750000       
I F
2     18.52295000           -20.17661800       
2     18.25103500           -26.08807700       
2      7.55790100            -0.22043400       
2      7.59740400            -0.22164600       
