18
4  0
    1.29953747e+02    3.31547000e-02
    2.56994960e+01   -2.25409480e+00
    1.56359930e+01    1.09929981e+01
    9.20325870e+00   -1.79755829e+01
1  0
    5.41368140e+00    1.00000000e+00
1  0
    3.15298850e+00    1.00000000e+00
1  0
    1.85469910e+00    1.00000000e+00
1  0
    6.48182000e-01    1.00000000e+00
1  0
    3.81283500e-01    1.00000000e+00
1  0
    2.22063800e-01    1.00000000e+00
1  0
    1.30625700e-01    1.00000000e+00
2  1
    6.34140070e+00    1.75949000e-02
    2.25025150e+00   -4.50366000e-02
1  1
    7.85395000e-01    1.00000000e+00
1  1
    2.71449100e-01    1.00000000e+00
1  1
    9.35145000e-02    1.00000000e+00
3  2
    1.41399698e+01    3.75660000e-03
    5.21623060e+00   -1.86363000e-02
    1.95541030e+00    1.43662000e-02
1  2
    7.40213700e-01    1.00000000e+00
1  2
    2.81124200e-01    1.00000000e+00
2  3
    1.88782610e+00   -3.86110000e-03
    7.73629400e-01    7.52700000e-03
1  3
    3.16660000e-01    1.00000000e+00
1  4
    9.09786700e-01    1.00000000e+00
