31
11  0
    2.32265000e+04    6.00000000e-06
    3.63554000e+03    4.00000000e-05
    8.62584000e+02    1.74000000e-04
    2.46693000e+02    4.75000000e-04
    4.63849000e+01    7.75200000e-03
    2.70364000e+01   -8.17480000e-02
    1.67272000e+01    2.96013000e-01
    8.38904000e+00   -3.60608000e-01
    5.23647000e+00   -5.23482000e-01
    2.86966000e+00    2.71200000e-01
    1.53868000e+00    7.65927000e-01
11  0
    2.32265000e+04   -2.00000000e-06
    3.63554000e+03   -1.40000000e-05
    8.62584000e+02   -5.90000000e-05
    2.46693000e+02   -1.76000000e-04
    4.63849000e+01   -2.27700000e-03
    2.70364000e+01    2.55530000e-02
    1.67272000e+01   -9.81890000e-02
    8.38904000e+00    1.37904000e-01
    5.23647000e+00    1.69353000e-01
    2.86966000e+00   -1.10559000e-01
    1.53868000e+00   -3.44454000e-01
1  0
    7.91020000e-01    1.00000000e+00
1  0
    3.11188000e-01    1.00000000e+00
1  0
    1.79114000e-01    1.00000000e+00
1  0
    8.48660000e-02    1.00000000e+00
1  0
    3.91490000e-02    1.00000000e+00
1  0
    1.49000000e-02    1.00000000e+00
8  1
    3.06988000e+02    7.80000000e-05
    5.11659000e+01    2.03700000e-03
    3.19605000e+01   -1.17730000e-02
    1.99080000e+01    4.69550000e-02
    8.22451000e+00   -2.35835000e-01
    4.45234000e+00   -4.82700000e-03
    2.52545000e+00    4.29020000e-01
    1.31698000e+00    5.02340000e-01
8  1
    3.06988000e+02   -2.00000000e-05
    5.11659000e+01   -3.58000000e-04
    3.19605000e+01    2.19000000e-03
    1.99080000e+01   -9.83700000e-03
    8.22451000e+00    5.50350000e-02
    4.45234000e+00   -5.38100000e-03
    2.52545000e+00   -1.05628000e-01
    1.31698000e+00   -1.39491000e-01
1  1
    6.63314000e-01    1.00000000e+00
1  1
    2.88347000e-01    1.00000000e+00
1  1
    1.30060000e-01    1.00000000e+00
1  1
    5.76000000e-02    1.00000000e+00
1  1
    2.52850000e-02    1.00000000e+00
1  1
    8.70000000e-03    1.00000000e+00
9  2
    6.08153000e+02    9.00000000e-06
    1.85855000e+02    7.80000000e-05
    7.40897000e+01    4.03000000e-04
    3.03368000e+01    2.28700000e-03
    1.25122000e+01   -1.44790000e-02
    5.22199000e+00    3.75860000e-02
    3.24140000e+00    1.87603000e-01
    1.84452000e+00    3.12805000e-01
    1.01394000e+00    3.21320000e-01
1  2
    5.45483000e-01    1.00000000e+00
1  2
    2.86679000e-01    1.00000000e+00
1  2
    1.44735000e-01    1.00000000e+00
1  2
    6.27000000e-02    1.00000000e+00
1  2
    2.27000000e-02    1.00000000e+00
1  3
    4.87100000e-01    1.00000000e+00
1  3
    2.40000000e-01    1.00000000e+00
1  3
    1.18200000e-01    1.00000000e+00
1  3
    4.65000000e-02    1.00000000e+00
1  4
    4.87800000e-01    1.00000000e+00
1  4
    2.29400000e-01    1.00000000e+00
1  4
    9.69000000e-02    1.00000000e+00
1  5
    4.21800000e-01    1.00000000e+00
1  5
    2.05700000e-01    1.00000000e+00
