38
1  0
    9.38533000e+00    1.00000000e+00
1  0
    5.62651000e+00    1.00000000e+00
1  0
    3.14057000e+00    1.00000000e+00
1  0
    1.48011000e+00    1.00000000e+00
1  0
    7.14530000e-01    1.00000000e+00
1  0
    3.51316000e-01    1.00000000e+00
1  0
    1.81210000e-01    1.00000000e+00
1  0
    1.08035000e-01    1.00000000e+00
1  1
    1.13121000e+01    1.00000000e+00
1  1
    6.64926000e+00    1.00000000e+00
1  1
    3.50498000e+00    1.00000000e+00
1  1
    1.62357000e+00    1.00000000e+00
1  1
    7.77279000e-01    1.00000000e+00
1  1
    3.49034000e-01    1.00000000e+00
1  1
    2.21549000e-01    1.00000000e+00
1  1
    1.01062000e-01    1.00000000e+00
1  2
    7.47212000e+00    1.00000000e+00
1  2
    4.01902000e+00    1.00000000e+00
1  2
    1.83842000e+00    1.00000000e+00
1  2
    8.39884000e-01    1.00000000e+00
1  2
    3.97794000e-01    1.00000000e+00
1  2
    1.90832000e-01    1.00000000e+00
1  2
    1.16730000e-01    1.00000000e+00
1  3
    1.23245000e+01    1.00000000e+00
1  3
    3.83193000e+00    1.00000000e+00
1  3
    1.01174000e+00    1.00000000e+00
1  3
    3.88033000e-01    1.00000000e+00
1  3
    1.56799000e-01    1.00000000e+00
1  4
    3.91413000e+00    1.00000000e+00
1  4
    7.81709000e-01    1.00000000e+00
1  4
    3.93050000e-01    1.00000000e+00
1  5
    8.89754000e-01    1.00000000e+00
1  0
    2.70561000e-02    1.00000000e+00
1  1
    3.43519000e-02    1.00000000e+00
1  2
    4.87566000e-02    1.00000000e+00
1  3
    6.01844000e-02    1.00000000e+00
1  4
    1.37529000e-01    1.00000000e+00
1  5
    3.00488000e-01    1.00000000e+00
