28
1  0
    1.01297000e+01    1.00000000e+00
1  0
    5.50552000e+00    1.00000000e+00
1  0
    2.76972000e+00    1.00000000e+00
1  0
    1.13820000e+00    1.00000000e+00
1  0
    4.32454000e-01    1.00000000e+00
1  0
    2.14690000e-01    1.00000000e+00
1  0
    9.79092000e-02    1.00000000e+00
1  1
    4.45080000e+00    1.00000000e+00
1  1
    3.36038000e+00    1.00000000e+00
1  1
    1.65182000e+00    1.00000000e+00
1  1
    5.24365000e-01    1.00000000e+00
1  1
    2.99985000e-01    1.00000000e+00
1  1
    1.24439000e-01    1.00000000e+00
1  2
    9.68942000e+00    1.00000000e+00
1  2
    2.91916000e+00    1.00000000e+00
1  2
    1.17139000e+00    1.00000000e+00
1  2
    2.80379000e-01    1.00000000e+00
1  2
    1.52280000e-01    1.00000000e+00
1  3
    3.74950000e+00    1.00000000e+00
1  3
    8.60543000e-01    1.00000000e+00
1  3
    2.44956000e-01    1.00000000e+00
1  4
    3.83359000e+00    1.00000000e+00
1  4
    5.15362000e-01    1.00000000e+00
1  0
    5.31221000e-02    1.00000000e+00
1  1
    5.18408000e-02    1.00000000e+00
1  2
    8.19858000e-02    1.00000000e+00
1  3
    9.11175000e-02    1.00000000e+00
1  4
    3.84437000e-01    1.00000000e+00
