19
10  0
    8.93184000e+03    1.90000000e-05
    1.35222000e+03    1.31000000e-04
    3.03393000e+02    4.78000000e-04
    4.51229000e+01    1.17080000e-02
    2.81822000e+01   -8.73300000e-02
    1.76048000e+01    2.59577000e-01
    6.94058000e+00   -6.28471000e-01
    4.33377000e+00   -1.58718000e-01
    1.98684000e+00    6.74404000e-01
    1.04306000e+00    6.06559000e-01
10  0
    8.93184000e+03   -7.00000000e-06
    1.35222000e+03   -4.40000000e-05
    3.03393000e+02   -1.78000000e-04
    4.51229000e+01   -3.28700000e-03
    2.81822000e+01    2.62960000e-02
    1.76048000e+01   -8.36470000e-02
    6.94058000e+00    2.33043000e-01
    4.33377000e+00    3.06310000e-02
    1.98684000e+00   -2.70726000e-01
    1.04306000e+00   -3.67345000e-01
1  0
    5.29252000e-01    1.00000000e+00
1  0
    2.19099000e-01    1.00000000e+00
1  0
    9.80430000e-02    1.00000000e+00
1  0
    4.31440000e-02    1.00000000e+00
7  1
    1.29233000e+02    2.79000000e-04
    2.96284000e+01   -6.17100000e-03
    1.85211000e+01    4.69120000e-02
    8.28536000e+00   -2.39904000e-01
    2.49939000e+00    4.29811000e-01
    1.32216000e+00    4.86101000e-01
    6.88707000e-01    2.22037000e-01
7  1
    1.29233000e+02   -3.60000000e-05
    2.96284000e+01    6.98000000e-04
    1.85211000e+01   -8.80600000e-03
    8.28536000e+00    5.29800000e-02
    2.49939000e+00   -1.15305000e-01
    1.32216000e+00   -1.23345000e-01
    6.88707000e-01   -8.06820000e-02
1  1
    3.34016000e-01    1.00000000e+00
1  1
    1.42561000e-01    1.00000000e+00
1  1
    6.14610000e-02    1.00000000e+00
1  1
    2.64010000e-02    1.00000000e+00
9  2
    2.95492000e+02    4.10000000e-05
    8.94368000e+01    3.47000000e-04
    3.19940000e+01    2.23000000e-03
    1.23422000e+01   -1.47000000e-02
    5.59033000e+00    2.57070000e-02
    3.47729000e+00    1.63445000e-01
    2.02845000e+00    2.87366000e-01
    1.14722000e+00    3.17673000e-01
    6.30535000e-01    2.48585000e-01
1  2
    3.34609000e-01    1.00000000e+00
1  2
    1.68408000e-01    1.00000000e+00
1  2
    6.92000000e-02    1.00000000e+00
1  3
    3.92100000e-01    1.00000000e+00
1  3
    1.56000000e-01    1.00000000e+00
1  4
    3.41900000e-01    1.00000000e+00
