61
1  0
    4.48361000e+01    1.00000000e+00
1  0
    3.04115000e+01    1.00000000e+00
1  0
    1.78755000e+01    1.00000000e+00
1  0
    9.47854000e+00    1.00000000e+00
1  0
    6.50022000e+00    1.00000000e+00
1  0
    3.31327000e+00    1.00000000e+00
1  0
    1.64517000e+00    1.00000000e+00
1  0
    8.28343000e-01    1.00000000e+00
1  0
    4.48822000e-01    1.00000000e+00
1  0
    3.34437000e-01    1.00000000e+00
1  0
    2.29333000e-01    1.00000000e+00
1  0
    1.31980000e-01    1.00000000e+00
1  0
    6.94126000e-02    1.00000000e+00
1  1
    3.26203000e+01    1.00000000e+00
1  1
    1.45247000e+01    1.00000000e+00
1  1
    8.67814000e+00    1.00000000e+00
1  1
    5.71939000e+00    1.00000000e+00
1  1
    3.21597000e+00    1.00000000e+00
1  1
    1.87909000e+00    1.00000000e+00
1  1
    1.05634000e+00    1.00000000e+00
1  1
    6.16130000e-01    1.00000000e+00
1  1
    3.97951000e-01    1.00000000e+00
1  1
    2.44451000e-01    1.00000000e+00
1  1
    1.34739000e-01    1.00000000e+00
1  1
    7.46263000e-02    1.00000000e+00
1  2
    2.71372000e+01    1.00000000e+00
1  2
    1.47392000e+01    1.00000000e+00
1  2
    9.41257000e+00    1.00000000e+00
1  2
    4.30108000e+00    1.00000000e+00
1  2
    2.10469000e+00    1.00000000e+00
1  2
    1.25138000e+00    1.00000000e+00
1  2
    7.02570000e-01    1.00000000e+00
1  2
    4.00573000e-01    1.00000000e+00
1  2
    2.17225000e-01    1.00000000e+00
1  2
    1.66083000e-01    1.00000000e+00
1  2
    8.80222000e-02    1.00000000e+00
1  3
    1.85413000e+01    1.00000000e+00
1  3
    9.78982000e+00    1.00000000e+00
1  3
    4.49648000e+00    1.00000000e+00
1  3
    1.88240000e+00    1.00000000e+00
1  3
    1.16721000e+00    1.00000000e+00
1  3
    6.31281000e-01    1.00000000e+00
1  3
    3.59854000e-01    1.00000000e+00
1  3
    2.04388000e-01    1.00000000e+00
1  3
    1.23475000e-01    1.00000000e+00
1  4
    9.63151000e+00    1.00000000e+00
1  4
    4.58798000e+00    1.00000000e+00
1  4
    1.92775000e+00    1.00000000e+00
1  4
    1.18430000e+00    1.00000000e+00
1  4
    6.10003000e-01    1.00000000e+00
1  4
    3.46674000e-01    1.00000000e+00
1  4
    1.79034000e-01    1.00000000e+00
1  5
    5.31875000e+00    1.00000000e+00
1  5
    2.04571000e+00    1.00000000e+00
1  5
    1.03732000e+00    1.00000000e+00
1  5
    5.80618000e-01    1.00000000e+00
1  5
    3.16587000e-01    1.00000000e+00
1  6
    2.18564000e+00    1.00000000e+00
1  6
    1.03930000e+00    1.00000000e+00
1  6
    5.26560000e-01    1.00000000e+00
1  7
    1.01349000e+00    1.00000000e+00
