9
6  0
    2.65131000e+02    7.70000000e-04
    2.55694000e+01   -5.27910000e-02
    1.60041000e+01    2.59343000e-01
    6.81885000e+00   -7.39289000e-01
    1.66676000e+00    8.85773000e-01
    7.69232000e-01    4.42592000e-01
6  0
    2.65131000e+02   -2.30000000e-04
    2.55694000e+01    1.40880000e-02
    1.60041000e+01   -7.86150000e-02
    6.81885000e+00    2.52864000e-01
    1.66676000e+00   -4.15545000e-01
    7.69232000e-01   -2.96647000e-01
1  0
    1.70415000e-01    1.00000000e+00
1  0
    6.22300000e-02    1.00000000e+00
5  1
    1.44691000e+01    9.01770000e-02
    9.28083000e+00   -2.67642000e-01
    2.08201000e+00    6.64483000e-01
    8.44314000e-01    4.61690000e-01
    1.86900000e-01    2.70590000e-02
5  1
    1.44691000e+01   -1.90230000e-02
    9.28083000e+00    5.91570000e-02
    2.08201000e+00   -1.80749000e-01
    8.44314000e-01   -1.14582000e-01
    1.86900000e-01    4.40739000e-01
1  1
    5.47770000e-02    1.00000000e+00
5  2
    3.07879000e+01    5.76600000e-03
    1.92555000e+01   -1.07080000e-02
    3.19662000e+00    2.93860000e-01
    1.33210000e+00    5.10869000e-01
    5.04619000e-01    3.41519000e-01
1  2
    1.49800000e-01    1.00000000e+00
