16
4  0
    8.47792768e+02    1.24320525e-04
    7.20410548e+01    2.36003676e-03
    4.10613165e+01   -8.55882995e-03
    1.24076097e+01    6.29520325e-01
2  0
    1.16403169e+01    1.55434292e+00
    6.36956427e+00    6.74924884e-01
1  0
    1.70632364e+00    1.00000000e+00
1  0
    7.86669679e-01    1.00000000e+00
1  0
    1.69651969e-01    1.00000000e+00
1  0
    6.20748587e-02    1.00000000e+00
3  1
    2.68281367e+02    1.15421936e-04
    1.47815538e+01    7.77798303e-02
    8.80414762e+00   -2.83323895e-01
3  1
    2.37172772e+00    4.78961117e-01
    1.19270654e+00    4.82938200e-01
    5.83528120e-01    1.68438837e-01
1  1
    2.32809683e-01    1.00000000e+00
1  1
    8.86740652e-02    1.00000000e+00
1  1
    3.35988283e-02    1.00000000e+00
6  2
    9.42825751e+01    4.36527297e-04
    1.97164311e+01    6.39187531e-01
    1.96001068e+01   -6.46631156e-01
    3.56431867e+00    2.11875796e-01
    1.70178014e+00    4.21293217e-01
    7.64566155e-01    3.84181277e-01
1  2
    3.18267656e-01    1.00000000e+00
1  2
    1.00000000e-01    1.00000000e+00
1  3
    2.64159910e-01    1.00000000e+00
1  3
    9.00000000e-01    1.00000000e+00
