22
3  0
    2.02455442e+01    2.96502962e-02
    1.10722984e+01   -1.47453727e-01
    2.49292389e+00    5.32320620e-01
9  0
    8.93184000e+03    1.90000000e-05
    1.35222000e+03    1.31000000e-04
    3.03393000e+02    4.78000000e-04
    4.51229000e+01    1.17080000e-02
    2.81822000e+01   -8.73300000e-02
    1.76048000e+01    2.59577000e-01
    6.94058000e+00   -6.28471000e-01
    4.33377000e+00   -1.58718000e-01
    1.98684000e+00    6.74404000e-01
1  0
    1.04386724e+00    1.00000000e+00
1  0
    5.32444842e-01    1.00000000e+00
1  0
    2.12113074e-01    1.00000000e+00
1  0
    9.54751965e-02    1.00000000e+00
1  0
    4.23576449e-02    1.00000000e+00
3  1
    1.32486330e+01   -1.82030046e-02
    3.02401613e+00    3.14769395e-01
    1.08054484e+00    7.19196481e-01
7  1
    1.29233000e+02    2.79000000e-04
    2.96284000e+01   -6.17100000e-03
    1.85211000e+01    4.69120000e-02
    8.28536000e+00   -2.39904000e-01
    2.49939000e+00    4.29811000e-01
    1.32216000e+00    4.86101000e-01
    6.88707000e-01    2.22037000e-01
1  1
    3.33535815e-01    1.00000000e+00
1  1
    1.54037604e-01    1.00000000e+00
1  1
    6.57704246e-02    1.00000000e+00
1  1
    2.76421803e-02    1.00000000e+00
8  2
    1.31811318e+02    2.22814634e-04
    3.70308758e+01    1.93313068e-03
    1.13786652e+01   -1.78703041e-02
    6.44882121e+00    2.29534243e-02
    3.48787522e+00    1.75367478e-01
    1.99123376e+00    2.92888306e-01
    1.13066102e+00    3.10189609e-01
    6.30748429e-01    2.42476516e-01
1  2
    3.38564639e-01    1.00000000e+00
1  2
    1.70261988e-01    1.00000000e+00
1  2
    6.92000000e-02    1.00000000e+00
1  3
    4.19496000e+00    1.00000000e+00
1  3
    1.39832000e+00    1.00000000e+00
1  3
    3.92100000e-01    1.00000000e+00
1  3
    1.56000000e-01    1.00000000e+00
1  4
    3.41900000e-01    1.00000000e+00
