In nelec 28
In ul
2      1.0000000              0.0000000        
In S
2     15.3928220            281.1223500        
2      8.0558640             61.9014700        
In P
2     13.9286720             67.4621540        
2     13.3472340            134.9492500        
2      7.6141320             14.7461400        
2      7.3183650             29.6392620        
In D
2     14.0347150             35.4932540        
2     14.5116160             53.1787730        
2      5.5505500              9.1772810        
2      5.0594150             12.3924100        
In F
2     12.5390560            -13.7280780        
2     12.5525610            -18.2068660        
