11
3  0
    5.15822471e+03    1.54328967e-01
    9.39577071e+02    5.35328142e-01
    2.54286223e+02    4.44634542e-01
3  0
    4.52331322e+02   -9.99672292e-02
    1.05112072e+02    3.99512826e-01
    3.41857080e+01    7.00115469e-01
3  1
    4.52331322e+02    1.55916275e-01
    1.05112072e+02    6.07683719e-01
    3.41857080e+01    3.91957393e-01
3  0
    5.59753977e+01   -2.27763502e-01
    1.70742804e+01    2.17543604e-01
    6.58778820e+00    9.16676961e-01
3  1
    5.59753977e+01    4.95151120e-03
    1.70742804e+01    5.77766469e-01
    6.58778820e+00    4.84646037e-01
3  0
    5.04854918e+00   -3.30610063e-01
    1.96587888e+00    5.76109534e-02
    8.65384724e-01    1.11557875e+00
3  1
    5.04854918e+00   -1.28392763e-01
    1.96587888e+00    5.85204764e-01
    8.65384724e-01    5.43944204e-01
3  0
    5.66923061e-01   -3.84264261e-01
    3.05253019e-01   -1.97256744e-01
    1.34835626e-01    1.37549551e+00
3  1
    5.66923061e-01   -3.48169153e-01
    3.05253019e-01    6.29032369e-01
    1.34835626e-01    6.66283274e-01
3  2
    5.59753977e+01    2.19767951e-01
    1.70742804e+01    6.55547363e-01
    6.58778820e+00    2.86573259e-01
3  2
    5.04854918e+00    1.25066214e-01
    1.96587888e+00    6.68678558e-01
    8.65384724e-01    3.05246825e-01
