40
1  0
    6.70797328e+05    1.00000000e+00
1  0
    2.79181864e+05    1.00000000e+00
1  0
    1.19168889e+05    1.00000000e+00
1  0
    5.21430329e+04    1.00000000e+00
1  0
    2.33744461e+04    1.00000000e+00
1  0
    1.07282042e+04    1.00000000e+00
1  0
    5.03798256e+03    1.00000000e+00
1  0
    2.41883921e+03    1.00000000e+00
1  0
    1.18639077e+03    1.00000000e+00
1  0
    5.93938019e+02    1.00000000e+00
1  0
    3.03208610e+02    1.00000000e+00
1  0
    1.57686889e+02    1.00000000e+00
1  0
    8.34530628e+01    1.00000000e+00
1  0
    4.48945289e+01    1.00000000e+00
1  0
    2.45207817e+01    1.00000000e+00
1  0
    1.35807815e+01    1.00000000e+00
1  0
    7.61728750e+00    1.00000000e+00
1  0
    4.32089750e+00    1.00000000e+00
1  0
    2.47535613e+00    1.00000000e+00
1  0
    1.43009505e+00    1.00000000e+00
1  0
    8.31979600e-01    1.00000000e+00
1  0
    4.86658580e-01    1.00000000e+00
1  0
    2.85780460e-01    1.00000000e+00
1  0
    1.68213840e-01    1.00000000e+00
1  0
    9.90904500e-02    1.00000000e+00
1  0
    6.00000000e-02    1.00000000e+00
1  1
    3.78325380e+00    1.00000000e+00
1  1
    1.35340470e+00    1.00000000e+00
1  1
    5.05891200e-01    1.00000000e+00
1  1
    1.94331000e-01    1.00000000e+00
1  1
    7.53446000e-02    1.00000000e+00
1  2
    3.43681594e+00    1.00000000e+00
1  2
    1.18365563e+00    1.00000000e+00
1  2
    4.69400760e-01    1.00000000e+00
1  2
    2.04757320e-01    1.00000000e+00
1  2
    9.23958600e-02    1.00000000e+00
1  3
    1.16532000e+00    1.00000000e+00
1  3
    3.48708200e-01    1.00000000e+00
1  3
    1.03950000e-01    1.00000000e+00
1  4
    6.33259300e-01    1.00000000e+00
