37
1  0
    9.42388000e+00    1.00000000e+00
1  0
    4.26567000e+00    1.00000000e+00
1  0
    2.77566000e+00    1.00000000e+00
1  0
    2.04933000e+00    1.00000000e+00
1  0
    9.56216000e-01    1.00000000e+00
1  0
    4.22005000e-01    1.00000000e+00
1  0
    2.00504000e-01    1.00000000e+00
1  0
    1.07824000e-01    1.00000000e+00
1  1
    7.89946000e+00    1.00000000e+00
1  1
    4.18219000e+00    1.00000000e+00
1  1
    2.66888000e+00    1.00000000e+00
1  1
    1.41571000e+00    1.00000000e+00
1  1
    6.98299000e-01    1.00000000e+00
1  1
    3.38643000e-01    1.00000000e+00
1  1
    1.53745000e-01    1.00000000e+00
1  1
    9.03978000e-02    1.00000000e+00
1  2
    5.12819000e+00    1.00000000e+00
1  2
    3.63465000e+00    1.00000000e+00
1  2
    2.61510000e+00    1.00000000e+00
1  2
    1.28714000e+00    1.00000000e+00
1  2
    5.87175000e-01    1.00000000e+00
1  2
    2.72146000e-01    1.00000000e+00
1  2
    1.28948000e-01    1.00000000e+00
1  3
    5.56935000e+00    1.00000000e+00
1  3
    2.88923000e+00    1.00000000e+00
1  3
    1.53817000e+00    1.00000000e+00
1  3
    8.04972000e-01    1.00000000e+00
1  3
    4.80324000e-01    1.00000000e+00
1  3
    2.39446000e-01    1.00000000e+00
1  4
    2.21340000e+00    1.00000000e+00
1  4
    1.36217000e+00    1.00000000e+00
1  4
    6.06197000e-01    1.00000000e+00
1  4
    2.83297000e-01    1.00000000e+00
1  5
    2.19412000e+00    1.00000000e+00
1  5
    1.34688000e+00    1.00000000e+00
1  5
    7.13286000e-01    1.00000000e+00
1  6
    1.65174000e+00    1.00000000e+00
