29
13  0
    9.93982000e+01    4.58000000e-04
    5.97348000e+01   -4.60600000e-03
    3.73064000e+01    3.16100000e-02
    2.33112000e+01   -1.42872000e-01
    1.34959000e+01    3.94281000e-01
    7.60498000e+00   -2.12758000e-01
    4.53133000e+00   -6.91287000e-01
    2.30871000e+00    4.45860000e-02
    1.36011000e+00    7.26713000e-01
    7.32298000e-01    5.26805000e-01
    3.81352000e-01    1.08253000e-01
    1.64030000e-01    5.58000000e-03
    7.37290000e-02    1.30600000e-03
13  0
    9.93982000e+01   -1.20000000e-04
    5.97348000e+01    1.31600000e-03
    3.73064000e+01   -9.96300000e-03
    2.33112000e+01    4.78750000e-02
    1.34959000e+01   -1.38563000e-01
    7.60498000e+00    8.30830000e-02
    4.53133000e+00    2.56974000e-01
    2.30871000e+00   -2.92970000e-02
    1.36011000e+00   -3.39601000e-01
    7.32298000e-01   -3.60403000e-01
    3.81352000e-01   -5.62520000e-02
    1.64030000e-01    4.21868000e-01
    7.37290000e-02    6.03620000e-01
13  0
    9.93982000e+01    2.21000000e-04
    5.97348000e+01   -1.99000000e-04
    3.73064000e+01   -1.13270000e-02
    2.33112000e+01    7.94760000e-02
    1.34959000e+01   -2.53494000e-01
    7.60498000e+00    1.28984000e-01
    4.53133000e+00    5.90961000e-01
    2.30871000e+00   -5.93750000e-02
    1.36011000e+00   -1.06264300e+00
    7.32298000e-01   -9.73178000e-01
    3.81352000e-01    1.71886000e+00
    1.64030000e-01    9.36750000e-01
    7.37290000e-02   -1.00824800e+00
13  0
    9.93982000e+01   -5.11000000e-04
    5.97348000e+01    1.53800000e-03
    3.73064000e+01    1.30200000e-02
    2.33112000e+01   -1.13355000e-01
    1.34959000e+01    3.79589000e-01
    7.60498000e+00   -1.47920000e-01
    4.53133000e+00   -1.16318200e+00
    2.30871000e+00    1.49115000e-01
    1.36011000e+00    4.09637700e+00
    7.32298000e-01   -3.38126100e+00
    3.81352000e-01   -1.67745000e+00
    1.64030000e-01    3.17550100e+00
    7.37290000e-02   -7.45463000e-01
13  0
    9.93982000e+01   -1.32150000e-02
    5.97348000e+01    7.83910000e-02
    3.73064000e+01   -2.11188000e-01
    2.33112000e+01    2.85861000e-01
    1.34959000e+01   -2.37987000e-01
    7.60498000e+00    1.28003400e+00
    4.53133000e+00   -4.31486100e+00
    2.30871000e+00    5.66322200e+00
    1.36011000e+00    1.54194100e+00
    7.32298000e-01   -1.03480140e+01
    3.81352000e-01    9.56603400e+00
    1.64030000e-01   -3.58763500e+00
    7.37290000e-02   -5.22110000e-01
1  0
    3.31980000e-02    1.00000000e+00
1  0
    1.49000000e-02    1.00000000e+00
10  1
    3.64097000e+01    2.38700000e-03
    2.27558000e+01   -2.06380000e-02
    1.42284000e+01    7.02780000e-02
    5.59609000e+00   -2.79805000e-01
    1.59730000e+00    4.73925000e-01
    8.37888000e-01    4.71065000e-01
    4.41129000e-01    1.97803000e-01
    2.34466000e-01    3.38300000e-02
    1.11515000e-01    5.11300000e-03
    5.28360000e-02   -2.72000000e-04
10  1
    3.64097000e+01   -4.36000000e-04
    2.27558000e+01    5.16300000e-03
    1.42284000e+01   -2.00500000e-02
    5.59609000e+00    8.79310000e-02
    1.59730000e+00   -1.78980000e-01
    8.37888000e-01   -1.98051000e-01
    4.41129000e-01   -6.03120000e-02
    2.34466000e-01    2.14388000e-01
    1.11515000e-01    4.54626000e-01
    5.28360000e-02    4.01872000e-01
10  1
    3.64097000e+01   -1.05300000e-03
    2.27558000e+01    1.08300000e-02
    1.42284000e+01   -4.03920000e-02
    5.59609000e+00    1.76666000e-01
    1.59730000e+00   -3.99247000e-01
    8.37888000e-01   -4.07781000e-01
    4.41129000e-01    1.39232000e-01
    2.34466000e-01    6.41188000e-01
    1.11515000e-01    4.01408000e-01
    5.28360000e-02    4.08130000e-02
10  1
    3.64097000e+01   -3.92000000e-03
    2.27558000e+01    2.58350000e-02
    1.42284000e+01   -7.85180000e-02
    5.59609000e+00    3.27676000e-01
    1.59730000e+00   -1.09859300e+00
    8.37888000e-01   -2.32500000e-01
    4.41129000e-01    1.67256400e+00
    2.34466000e-01   -8.45670000e-02
    1.11515000e-01   -8.01544000e-01
    5.28360000e-02   -1.97693000e-01
10  1
    3.64097000e+01    8.06600000e-03
    2.27558000e+01   -1.14990000e-02
    1.42284000e+01   -5.37570000e-02
    5.59609000e+00    4.71509000e-01
    1.59730000e+00   -2.87644000e+00
    8.37888000e-01    3.62503600e+00
    4.41129000e-01   -3.92586000e-01
    2.34466000e-01   -2.00379100e+00
    1.11515000e-01    9.41972000e-01
    5.28360000e-02    3.97035000e-01
1  1
    2.46160000e-02    1.00000000e+00
1  1
    1.15000000e-02    1.00000000e+00
9  2
    5.29731000e+01    6.90000000e-05
    1.90521000e+01   -8.69000000e-04
    1.18598000e+01    8.84100000e-03
    5.71860000e+00   -6.14440000e-02
    1.80575000e+00    1.89744000e-01
    9.57162000e-01    3.28166000e-01
    4.90166000e-01    3.37520000e-01
    2.41641000e-01    2.47460000e-01
    1.14204000e-01    1.19903000e-01
9  2
    5.29731000e+01   -1.38000000e-04
    1.90521000e+01    1.52700000e-03
    1.18598000e+01   -1.11590000e-02
    5.71860000e+00    7.29160000e-02
    1.80575000e+00   -2.57059000e-01
    9.57162000e-01   -4.66392000e-01
    4.90166000e-01   -7.53040000e-02
    2.41641000e-01    4.16071000e-01
    1.14204000e-01    4.62800000e-01
9  2
    5.29731000e+01    4.33000000e-04
    1.90521000e+01   -4.49600000e-03
    1.18598000e+01    2.15990000e-02
    5.71860000e+00   -1.21471000e-01
    1.80575000e+00    6.02780000e-01
    9.57162000e-01    4.50318000e-01
    4.90166000e-01   -8.95685000e-01
    2.41641000e-01   -4.18767000e-01
    1.14204000e-01    5.52530000e-01
9  2
    5.29731000e+01   -5.01000000e-04
    1.90521000e+01    5.78700000e-03
    1.18598000e+01   -3.18090000e-02
    5.71860000e+00    1.98340000e-01
    1.80575000e+00   -1.50564700e+00
    9.57162000e-01    1.13651500e+00
    4.90166000e-01    9.10354000e-01
    2.41641000e-01   -1.42850300e+00
    1.14204000e-01    1.20168000e-01
1  2
    5.05400000e-02    1.00000000e+00
1  2
    2.24000000e-02    1.00000000e+00
1  3
    1.51960000e+00    1.00000000e+00
1  3
    6.29800000e-01    1.00000000e+00
1  3
    2.61000000e-01    1.00000000e+00
1  3
    1.00100000e-01    1.00000000e+00
1  4
    1.54030000e+00    1.00000000e+00
1  4
    5.44200000e-01    1.00000000e+00
1  4
    2.28500000e-01    1.00000000e+00
1  5
    1.03300000e+00    1.00000000e+00
1  5
    4.49100000e-01    1.00000000e+00
