16
7  0
    3.60577000e+01    1.72890000e-02
    2.25516000e+01   -1.35991000e-01
    1.41116000e+01    3.38669000e-01
    5.04475000e+00   -7.94169000e-01
    1.24417000e+00    9.08001000e-01
    5.76924000e-01    4.37807000e-01
    1.39466000e-01    1.87690000e-02
7  0
    3.60577000e+01   -4.94800000e-03
    2.25516000e+01    4.31240000e-02
    1.41116000e+01   -1.13803000e-01
    5.04475000e+00    2.95318000e-01
    1.24417000e+00   -4.73218000e-01
    5.76924000e-01   -2.84000000e-01
    1.39466000e-01    6.35188000e-01
7  0
    3.60577000e+01    2.90550000e-02
    2.25516000e+01   -1.54679000e-01
    1.41116000e+01    3.11673000e-01
    5.04475000e+00   -7.03929000e-01
    1.24417000e+00    1.81611600e+00
    5.76924000e-01   -1.02911100e+00
    1.39466000e-01   -1.43931800e+00
1  0
    4.97400000e-02    1.00000000e+00
1  0
    1.77000000e-02    1.00000000e+00
6  1
    9.58580000e+00    1.25651000e-01
    6.14088000e+00   -3.43306000e-01
    1.49760000e+00    5.53678000e-01
    7.14144000e-01    4.91042000e-01
    3.12066000e-01    1.22837000e-01
    1.15160000e-01    3.37800000e-03
6  1
    9.58580000e+00   -3.79390000e-02
    6.14088000e+00    1.06987000e-01
    1.49760000e+00   -2.08367000e-01
    7.14144000e-01   -2.21772000e-01
    3.12066000e-01    1.26652000e-01
    1.15160000e-01    6.10368000e-01
6  1
    9.58580000e+00   -7.40030000e-02
    6.14088000e+00    2.10179000e-01
    1.49760000e+00   -4.61267000e-01
    7.14144000e-01   -3.76867000e-01
    3.12066000e-01    6.52112000e-01
    1.15160000e-01    6.07386000e-01
1  1
    4.12770000e-02    1.00000000e+00
1  1
    1.48000000e-02    1.00000000e+00
5  2
    9.96069000e+00    1.54630000e-02
    6.24303000e+00   -6.31200000e-02
    1.56317000e+00    2.92309000e-01
    6.81940000e-01    4.52748000e-01
    2.73446000e-01    3.57159000e-01
5  2
    9.96069000e+00   -1.98010000e-02
    6.24303000e+00    7.77020000e-02
    1.56317000e+00   -4.25240000e-01
    6.81940000e-01   -4.33187000e-01
    2.73446000e-01    4.75247000e-01
1  2
    9.80080000e-02    1.00000000e+00
1  2
    3.51000000e-02    1.00000000e+00
1  3
    7.12700000e-01    1.00000000e+00
1  3
    2.89800000e-01    1.00000000e+00
