37
15  0
    3.61168000e+02    4.00000000e-06
    9.58674000e+01    4.22000000e-04
    5.98527000e+01   -4.03000000e-03
    3.68252000e+01    3.07260000e-02
    2.30133000e+01   -1.49344000e-01
    1.36810000e+01    3.88565000e-01
    7.24561000e+00   -2.20230000e-01
    4.52816000e+00   -6.57894000e-01
    2.49878000e+00   -2.79080000e-02
    1.55309000e+00    5.44968000e-01
    9.42302000e-01    5.67857000e-01
    5.46088000e-01    2.78194000e-01
    2.70793000e-01    3.45870000e-02
    1.34753000e-01    6.84000000e-04
    6.45530000e-02    1.70700000e-03
15  0
    3.61168000e+02   -3.00000000e-06
    9.58674000e+01   -1.01000000e-04
    5.98527000e+01    1.13700000e-03
    3.68252000e+01   -9.74000000e-03
    2.30133000e+01    5.02470000e-02
    1.36810000e+01   -1.36601000e-01
    7.24561000e+00    8.74040000e-02
    4.52816000e+00    2.42029000e-01
    2.49878000e+00    5.89100000e-03
    1.55309000e+00   -2.51430000e-01
    9.42302000e-01   -3.17126000e-01
    5.46088000e-01   -2.30550000e-01
    2.70793000e-01    9.21320000e-02
    1.34753000e-01    4.74262000e-01
    6.45530000e-02    5.25120000e-01
15  0
    3.61168000e+02   -1.20000000e-05
    9.58674000e+01    2.20000000e-05
    5.98527000e+01    1.18400000e-03
    3.68252000e+01   -1.62530000e-02
    2.30133000e+01    9.43350000e-02
    1.36810000e+01   -2.66941000e-01
    7.24561000e+00    1.67106000e-01
    4.52816000e+00    5.18499000e-01
    2.49878000e+00    8.18770000e-02
    1.55309000e+00   -7.65588000e-01
    9.42302000e-01   -1.17530200e+00
    5.46088000e-01    4.39020000e-01
    2.70793000e-01    1.66792100e+00
    1.34753000e-01    1.62300000e-01
    6.45530000e-02   -9.11444000e-01
15  0
    3.61168000e+02   -4.30000000e-05
    9.58674000e+01    9.12000000e-04
    5.98527000e+01   -2.42200000e-03
    3.68252000e+01   -1.23750000e-02
    2.30133000e+01    1.19132000e-01
    1.36810000e+01   -3.73490000e-01
    7.24561000e+00    1.84279000e-01
    4.52816000e+00    9.84765000e-01
    2.49878000e+00    3.90331000e-01
    1.55309000e+00   -3.31489900e+00
    9.42302000e-01   -6.36764000e-01
    5.46088000e-01    4.70620100e+00
    2.70793000e-01   -1.27182100e+00
    1.34753000e-01   -2.21961500e+00
    6.45530000e-02    1.05160600e+00
15  0
    3.61168000e+02    1.58000000e-04
    9.58674000e+01   -4.56100000e-03
    5.98527000e+01    1.90690000e-02
    3.68252000e+01   -2.78300000e-02
    2.30133000e+01   -7.70850000e-02
    1.36810000e+01    3.77698000e-01
    7.24561000e+00    2.46792000e-01
    4.52816000e+00   -2.95188900e+00
    2.49878000e+00    1.79156600e+00
    1.55309000e+00    8.44403600e+00
    9.42302000e-01   -1.27502280e+01
    5.46088000e-01    3.67789900e+00
    2.70793000e-01    4.66721400e+00
    1.34753000e-01   -4.51777600e+00
    6.45530000e-02    5.86035000e-01
15  0
    3.61168000e+02    8.23000000e-04
    9.58674000e+01   -2.64250000e-02
    5.98527000e+01    1.20460000e-01
    3.68252000e+01   -3.01383000e-01
    2.30133000e+01    4.06518000e-01
    1.36810000e+01   -3.12666000e-01
    7.24561000e+00    2.59940900e+00
    4.52816000e+00   -1.01706390e+01
    2.49878000e+00    1.96716040e+01
    1.55309000e+00   -1.25903850e+01
    9.42302000e-01   -9.03988000e+00
    5.46088000e-01    1.81973900e+01
    2.70793000e-01   -1.30305380e+01
    1.34753000e-01    5.03670200e+00
    6.45530000e-02    6.54403000e-01
1  0
    3.05960000e-02    1.00000000e+00
1  0
    1.45000000e-02    1.00000000e+00
12  1
    5.31489000e+01   -1.03000000e-04
    3.31807000e+01    2.58200000e-03
    2.07203000e+01   -2.50280000e-02
    1.29411000e+01    1.09232000e-01
    8.08251000e+00   -1.05416000e-01
    4.97027000e+00   -2.25920000e-01
    1.77710000e+00    3.65215000e-01
    9.95010000e-01    4.81056000e-01
    5.36546000e-01    2.82032000e-01
    2.71067000e-01    6.45840000e-02
    1.27252000e-01    4.88900000e-03
    5.86070000e-02    7.82000000e-04
12  1
    5.31489000e+01    3.90000000e-05
    3.31807000e+01   -8.16000000e-04
    2.07203000e+01    7.76600000e-03
    1.29411000e+01   -3.45780000e-02
    8.08251000e+00    3.60390000e-02
    4.97027000e+00    6.91030000e-02
    1.77710000e+00   -1.33560000e-01
    9.95010000e-01   -1.98811000e-01
    5.36546000e-01   -1.14168000e-01
    2.71067000e-01    1.53545000e-01
    1.27252000e-01    4.40551000e-01
    5.86070000e-02    4.50228000e-01
12  1
    5.31489000e+01   -3.00000000e-05
    3.31807000e+01   -1.03900000e-03
    2.07203000e+01    1.37040000e-02
    1.29411000e+01   -6.53110000e-02
    8.08251000e+00    6.77430000e-02
    4.97027000e+00    1.41607000e-01
    1.77710000e+00   -2.91934000e-01
    9.95010000e-01   -4.52700000e-01
    5.36546000e-01   -3.64810000e-02
    2.71067000e-01    6.22833000e-01
    1.27252000e-01    4.91810000e-01
    5.86070000e-02    7.11760000e-02
12  1
    5.31489000e+01   -1.12600000e-03
    3.31807000e+01    4.01100000e-03
    2.07203000e+01    6.10500000e-03
    1.29411000e+01   -7.57750000e-02
    8.08251000e+00    6.65900000e-02
    4.97027000e+00    2.98519000e-01
    1.77710000e+00   -8.07621000e-01
    9.95010000e-01   -7.71162000e-01
    5.36546000e-01    1.45136400e+00
    2.71067000e-01    5.60193000e-01
    1.27252000e-01   -9.31102000e-01
    5.86070000e-02   -2.66594000e-01
12  1
    5.31489000e+01    4.61600000e-03
    3.31807000e+01   -2.12600000e-02
    2.07203000e+01    3.24680000e-02
    1.29411000e+01    4.09210000e-02
    8.08251000e+00    9.13100000e-03
    4.97027000e+00   -6.75423000e-01
    1.77710000e+00    3.07687900e+00
    9.95010000e-01   -2.64185600e+00
    5.36546000e-01   -1.20751100e+00
    2.71067000e-01    2.59454100e+00
    1.27252000e-01   -8.17603000e-01
    5.86070000e-02   -4.63134000e-01
12  1
    5.31489000e+01    4.65730000e-02
    3.31807000e+01   -2.44606000e-01
    2.07203000e+01    7.20611000e-01
    1.29411000e+01   -1.57221700e+00
    8.08251000e+00    2.18561000e+00
    4.97027000e+00   -9.56467000e-01
    1.77710000e+00   -4.10019500e+00
    9.95010000e-01    8.78508900e+00
    5.36546000e-01   -8.08866500e+00
    2.71067000e-01    3.58792000e+00
    1.27252000e-01    1.04520000e-01
    5.86070000e-02   -8.91261000e-01
1  1
    2.64540000e-02    1.00000000e+00
1  1
    1.19000000e-02    1.00000000e+00
10  2
    4.38130000e+01    1.19000000e-04
    1.98991000e+01   -1.12700000e-03
    1.24262000e+01    8.17100000e-03
    5.64027000e+00   -6.16520000e-02
    1.87945000e+00    1.61880000e-01
    1.06925000e+00    2.75633000e-01
    5.99554000e-01    3.04219000e-01
    3.25908000e-01    2.59094000e-01
    1.70702000e-01    1.67286000e-01
    8.61840000e-02    6.88650000e-02
10  2
    4.38130000e+01   -1.92000000e-04
    1.98991000e+01    1.60400000e-03
    1.24262000e+01   -9.80700000e-03
    5.64027000e+00    7.22610000e-02
    1.87945000e+00   -2.12639000e-01
    1.06925000e+00   -4.14328000e-01
    5.99554000e-01   -2.07293000e-01
    3.25908000e-01    2.16640000e-01
    1.70702000e-01    4.50328000e-01
    8.61840000e-02    3.26047000e-01
10  2
    4.38130000e+01    6.01000000e-04
    1.98991000e+01   -4.46200000e-03
    1.24262000e+01    1.87110000e-02
    5.64027000e+00   -1.20343000e-01
    1.87945000e+00    5.07094000e-01
    1.06925000e+00    5.68651000e-01
    5.99554000e-01   -5.57230000e-01
    3.25908000e-01   -7.05752000e-01
    1.70702000e-01    8.97640000e-02
    8.61840000e-02    5.71388000e-01
10  2
    4.38130000e+01    1.99200000e-03
    1.98991000e+01   -1.44700000e-02
    1.24262000e+01    4.43120000e-02
    5.64027000e+00   -2.21094000e-01
    1.87945000e+00    1.38550200e+00
    1.06925000e+00   -4.49236000e-01
    5.99554000e-01   -1.61116800e+00
    3.25908000e-01    1.00723800e+00
    1.70702000e-01    7.00040000e-01
    8.61840000e-02   -5.10352000e-01
10  2
    4.38130000e+01    6.60700000e-03
    1.98991000e+01   -4.16800000e-02
    1.24262000e+01    5.40540000e-02
    5.64027000e+00    1.83177000e-01
    1.87945000e+00   -2.84878100e+00
    1.06925000e+00    4.76818600e+00
    5.99554000e-01   -2.68117000e+00
    3.25908000e-01   -6.02147000e-01
    1.70702000e-01    1.44158900e+00
    8.61840000e-02   -1.58095000e-01
1  2
    4.10370000e-02    1.00000000e+00
1  2
    1.95000000e-02    1.00000000e+00
1  3
    1.80120000e+00    1.00000000e+00
1  3
    8.78100000e-01    1.00000000e+00
1  3
    4.28100000e-01    1.00000000e+00
1  3
    2.08700000e-01    1.00000000e+00
1  3
    8.04000000e-02    1.00000000e+00
1  4
    2.15030000e+00    1.00000000e+00
1  4
    9.13900000e-01    1.00000000e+00
1  4
    3.88400000e-01    1.00000000e+00
1  4
    1.54900000e-01    1.00000000e+00
1  5
    1.67620000e+00    1.00000000e+00
1  5
    6.56200000e-01    1.00000000e+00
1  5
    2.75400000e-01    1.00000000e+00
1  6
    1.37960000e+00    1.00000000e+00
1  6
    6.84100000e-01    1.00000000e+00
