17
9  0
    3.42048000e+01    1.73300000e-02
    2.13768000e+01   -1.53203000e-01
    1.33624000e+01    4.41933000e-01
    8.34835000e+00   -1.88692000e-01
    4.73163000e+00   -7.12225000e-01
    1.30785000e+00    8.52905000e-01
    6.24334000e-01    4.99746000e-01
    1.93871000e-01    3.52490000e-02
    8.79490000e-02   -7.07800000e-03
9  0
    3.42048000e+01   -6.00100000e-03
    2.13768000e+01    5.38850000e-02
    1.33624000e+01   -1.60602000e-01
    8.34835000e+00    8.03950000e-02
    4.73163000e+00    2.57594000e-01
    1.30785000e+00   -4.23751000e-01
    6.24334000e-01   -3.48354000e-01
    1.93871000e-01    2.80031000e-01
    8.79490000e-02    6.54557000e-01
9  0
    3.42048000e+01    5.70000000e-03
    2.13768000e+01    1.86860000e-02
    1.33624000e+01   -1.09882000e-01
    8.34835000e+00   -1.26230000e-01
    4.73163000e+00    7.87639000e-01
    1.30785000e+00   -1.70276700e+00
    6.24334000e-01    4.38334000e-01
    1.93871000e-01    2.10040800e+00
    8.79490000e-02   -1.23186600e+00
9  0
    3.42048000e+01   -1.45000000e-04
    2.13768000e+01    1.55000000e-04
    1.33624000e+01    4.58000000e-04
    8.34835000e+00    2.73100000e-03
    4.73163000e+00   -1.11600000e-02
    1.30785000e+00    3.22630000e-02
    6.24334000e-01   -3.09800000e-02
    1.93871000e-01   -1.92600000e-03
    8.79490000e-02    2.44470000e-02
1  0
    3.75390000e-02    1.00000000e+00
8  1
    2.07204000e+01   -1.32020000e-02
    1.29677000e+01    7.39520000e-02
    5.72224000e+00   -2.84312000e-01
    1.55038000e+00    5.10223000e-01
    7.82660000e-01    4.79502000e-01
    3.85515000e-01    1.69772000e-01
    1.70609000e-01    1.66680000e-02
    7.28290000e-02    1.24200000e-03
8  1
    2.07204000e+01    3.52000000e-03
    1.29677000e+01   -2.15200000e-02
    5.72224000e+00    8.90920000e-02
    1.55038000e+00   -1.92418000e-01
    7.82660000e-01   -2.08967000e-01
    3.85515000e-01    4.67300000e-03
    1.70609000e-01    3.82846000e-01
    7.28290000e-02    5.39963000e-01
8  1
    2.07204000e+01    6.86200000e-03
    1.29677000e+01   -4.22290000e-02
    5.72224000e+00    1.77147000e-01
    1.55038000e+00   -4.20113000e-01
    7.82660000e-01   -4.38197000e-01
    3.85515000e-01    4.03453000e-01
    1.70609000e-01    7.04815000e-01
    7.28290000e-02    1.69273000e-01
8  1
    2.07204000e+01    1.21460000e-02
    1.29677000e+01   -7.23020000e-02
    5.72224000e+00    3.12105000e-01
    1.55038000e+00   -1.12498400e+00
    7.82660000e-01    9.28400000e-03
    3.85515000e-01    1.65330100e+00
    1.70609000e-01   -6.52786000e-01
    7.28290000e-02   -6.16642000e-01
1  1
    3.05710000e-02    1.00000000e+00
7  2
    9.14125000e+01    2.40000000e-05
    9.73013000e+00    1.52170000e-02
    6.07712000e+00   -6.57240000e-02
    1.68820000e+00    2.34005000e-01
    8.23786000e-01    3.84535000e-01
    3.82068000e-01    3.55849000e-01
    1.66965000e-01    2.11976000e-01
7  2
    9.14125000e+01   -1.30000000e-05
    9.73013000e+00   -1.83130000e-02
    6.07712000e+00    7.80220000e-02
    1.68820000e+00   -3.25446000e-01
    8.23786000e-01   -4.79395000e-01
    3.82068000e-01    1.39148000e-01
    1.66965000e-01    5.83134000e-01
7  2
    9.14125000e+01   -8.00000000e-06
    9.73013000e+00    3.06140000e-02
    6.07712000e+00   -1.30179000e-01
    1.68820000e+00    7.76697000e-01
    8.23786000e-01    1.04645000e-01
    3.82068000e-01   -1.06026500e+00
    1.66965000e-01    1.69716000e-01
1  2
    6.72310000e-02    1.00000000e+00
1  3
    1.17590000e+00    1.00000000e+00
1  3
    3.84700000e-01    1.00000000e+00
1  4
    9.57700000e-01    1.00000000e+00
