16
3  0
    3.00000000e+01    3.07979032e-01
    2.70000000e+01   -4.67263618e-01
    1.39619739e+01    4.71610031e-01
1  0
    5.39569778e+00    1.00000000e+00
1  0
    1.21491287e+00    1.00000000e+00
1  0
    5.58857438e-01    1.00000000e+00
1  0
    1.40979743e-01    1.00000000e+00
1  0
    5.00219250e-02    1.00000000e+00
4  1
    1.59026641e+01   -1.62907201e-01
    1.44158307e+01    2.34832130e-01
    5.75976090e+00   -3.03053372e-01
    1.50089131e+00    5.55129821e-01
1  1
    7.23480360e-01    1.00000000e+00
1  1
    3.27859803e-01    1.00000000e+00
1  1
    5.60000000e-02    1.00000000e+00
4  2
    8.63216925e+00    7.50000999e-02
    6.58981923e+00   -1.73269652e-01
    1.58083797e+00    5.50651969e-01
    7.18278349e-01    8.52736414e-01
1  2
    3.05718520e-01    1.00000000e+00
1  2
    1.18270719e-01    1.00000000e+00
1  3
    1.18857000e+00    1.00000000e+00
1  3
    3.84260000e-01    1.00000000e+00
1  4
    8.85560000e-01    1.00000000e+00
