Ir nelec 60
Ir ul
2      1.00000000             0.00000000       
Ir S
2     13.83147400           426.95814900       
2      7.04791400            65.33881300       
Ir P
2     11.10643300            88.07544200       
2     10.45655200           176.12477000       
2      6.37961400            12.68226000       
2      5.06472600            24.63594900       
Ir D
2      7.54875400            46.43325800       
2      7.26530800            69.63807400       
2      3.80096900             6.15024800       
2      3.71828000             9.46356000       
Ir F
2      3.09870600             9.48361000       
2      3.04946100            12.64274200       
Ir G
2      4.96979000           -10.41069700       
2      4.93561400           -12.86319600       
