9
3  0
    1.72117550e+03    6.48747000e-02
    2.60016330e+02    3.80859300e-01
    5.66245540e+01    6.77368100e-01
3  0
    7.15572000e+01   -1.09342900e-01
    1.54389400e+01    1.13064000e-01
    4.47455100e+00    9.46257500e-01
3  1
    7.15572000e+01    1.33965400e-01
    1.54389400e+01    5.30267300e-01
    4.47455100e+00    5.11799200e-01
3  0
    4.12127500e+00   -2.69973000e-01
    1.18862100e+00    3.64632300e-01
    3.75674000e-01    8.10753300e-01
3  1
    4.12127500e+00    1.99492200e-02
    1.18862100e+00    4.34021300e-01
    3.75674000e-01    6.45322600e-01
2  0
    2.44577000e-01   -2.68825000e-01
    3.89720000e-02    1.12898300e+00
2  1
    2.44577000e-01    3.08103500e-04
    3.89720000e-02    9.99878700e-01
1  0
    1.60630000e-02    1.00000000e+00
1  1
    1.60630000e-02    1.00000000e+00
