19
6  0
    1.82594000e+05    2.27747000e-04
    2.73690000e+04    1.76640000e-03
    6.22917000e+03    9.19497000e-03
    1.76458000e+03    3.74551000e-02
    5.77051000e+02    1.22045000e-01
    2.10249000e+02    2.98990000e-01
2  0
    8.26178000e+01    4.05147000e-01
    3.32332000e+01    2.92532000e-01
1  0
    8.10649000e+00    1.00000000e+00
1  0
    3.33403000e+00    1.00000000e+00
1  0
    8.45544000e-01    1.00000000e+00
1  0
    3.28216000e-01    1.00000000e+00
1  0
    3.64035000e-02    1.00000000e+00
1  0
    1.76463000e-02    1.00000000e+00
3  1
    8.91054000e+02    2.18429000e-03
    2.11016000e+02    1.75891000e-02
    6.76714000e+01    8.17775000e-02
3  1
    2.52715000e+01    2.45656000e-01
    1.01390000e+01    4.33984000e-01
    4.20186000e+00    3.62377000e-01
1  1
    1.62507000e+00    1.00000000e+00
1  1
    6.43770000e-01    1.00000000e+00
1  1
    2.46130000e-01    1.00000000e+00
1  1
    4.54400000e-02    1.00000000e+00
1  1
    1.61600000e-02    1.00000000e+00
1  0
    4.70000000e-03    1.00000000e+00
1  1
    4.70000000e-03    1.00000000e+00
3  2
    1.33700000e+01    3.16016000e-02
    3.42100000e+00    1.56879000e-01
    1.06300000e+00    3.90582000e-01
1  2
    2.29000000e-01    1.00000000e+00
