19
1  0
    1.00000000e+04    1.00000000e+00
1  0
    2.00000000e+03    1.00000000e+00
1  0
    4.90000000e+02    1.00000000e+00
1  0
    1.22000000e+02    1.00000000e+00
1  0
    3.07000000e+01    1.00000000e+00
1  0
    3.50000000e-02    1.00000000e+00
1  1
    3.50000000e-02    1.00000000e+00
1  0
    9.60000000e+00    1.00000000e+00
1  1
    9.60000000e+00    1.00000000e+00
1  0
    1.92000000e+00    1.00000000e+00
1  1
    1.92000000e+00    1.00000000e+00
1  0
    4.80000000e-01    1.00000000e+00
1  1
    4.80000000e-01    1.00000000e+00
1  0
    1.20000000e-01    1.00000000e+00
1  1
    1.20000000e-01    1.00000000e+00
1  2
    9.60000000e+00    1.00000000e+00
1  2
    1.92000000e+00    1.00000000e+00
1  2
    4.80000000e-01    1.00000000e+00
1  2
    1.20000000e-01    1.00000000e+00
