13
8  0
    1.53976183e+05    2.36626361e-04
    2.30824977e+04    1.83429291e-03
    5.25323447e+03    9.53105278e-03
    1.48695501e+03    3.86384070e-02
    4.84063337e+02    1.24807685e-01
    1.73566540e+02    2.92788610e-01
    6.71163815e+01    4.06334259e-01
    2.63395021e+01    2.00772159e-01
4  0
    1.72876936e+02   -2.42009609e-02
    5.30586491e+01   -1.15530950e-01
    7.92127540e+00    5.74555452e-01
    3.21088805e+00    5.70231851e-01
2  0
    4.56620709e+00   -2.26157635e-01
    7.02099073e-01    7.55283920e-01
1  0
    2.82589426e-01    1.00000000e+00
1  0
    3.58058246e-02    1.00000000e+00
1  0
    1.58192132e-02    1.00000000e+00
6  1
    7.28184499e+02    2.61506898e-03
    1.72132651e+02    2.06736308e-02
    5.48298471e+01    9.32056039e-02
    2.01662665e+01    2.54365182e-01
    7.86107288e+00    3.91311328e-01
    3.11052131e+00    2.24813459e-01
3  1
    1.17573375e+01   -2.57772892e-02
    1.51396174e+00    5.73594286e-01
    5.83285918e-01    1.07983200e+00
1  1
    2.15704781e-01    1.00000000e+00
1  1
    4.17370000e-02    1.00000000e+00
1  2
    9.30000000e-01    1.00000000e+00
1  2
    1.80000000e-01    1.00000000e+00
1  2
    5.40000000e-02    1.00000000e+00
