18
10  0
    6.47791000e+05    5.77241000e-05
    9.70709000e+04    4.48348000e-04
    2.21002000e+04    2.35128000e-03
    6.26057000e+03    9.84583000e-03
    2.04210000e+03    3.49313000e-02
    7.36856000e+02    1.05856000e-01
    2.87335000e+02    2.61318000e-01
    1.17248000e+02    4.87278000e-01
    4.95592000e+01    5.00000000e-01
    2.14132000e+01    1.75350000e-01
4  0
    1.78602000e+02   -2.02818000e-02
    5.38338000e+01   -9.89816000e-02
    7.87066000e+00    5.00000000e-01
    3.12183000e+00    5.02103000e-01
2  0
    4.76724000e+00   -1.39943000e-01
    7.07862000e-01    5.00000000e-01
1  0
    2.78572000e-01    1.00000000e+00
1  0
    4.73982000e-02    1.00000000e+00
1  0
    1.87696000e-02    1.00000000e+00
5  1
    1.03321000e+04    1.57579000e-04
    1.58956000e+03    3.15330000e-03
    3.77028000e+02    2.76833000e-02
    1.21236000e+02    1.43378000e-01
    4.52140000e+01    5.00000000e-01
1  1
    1.85137000e+01    1.00000000e+00
1  1
    7.88510000e+00    1.00000000e+00
1  1
    3.38335000e+00    1.00000000e+00
1  1
    1.31652000e+00    1.00000000e+00
1  1
    5.19238000e-01    1.00000000e+00
1  1
    1.87619000e-01    1.00000000e+00
1  1
    4.04000000e-02    1.00000000e+00
2  2
    1.03178000e+01    1.15873000e-01
    2.68886000e+00    5.00000000e-01
1  2
    8.29610000e-01    1.00000000e+00
1  2
    2.38395000e-01    1.00000000e+00
1  2
    6.22820000e-02    1.00000000e+00
