29
15  0
    1.28211000e+07    1.57289000e-06
    1.95505000e+06    1.18680000e-05
    4.55289000e+05    6.03836000e-05
    1.32065000e+05    2.47222000e-04
    4.40854000e+04    8.75061000e-04
    1.62719000e+04    2.77959000e-03
    6.47990000e+03    8.10491000e-03
    2.74217000e+03    2.18429000e-02
    1.22227000e+03    5.41716000e-02
    5.67953000e+02    1.22425000e-01
    2.75423000e+02    2.38835000e-01
    1.37190000e+02    4.02752000e-01
    6.85848000e+01    5.00000000e-01
    3.43610000e+01    3.57895000e-01
    1.68661000e+01    8.96611000e-02
7  0
    7.90350000e+02   -1.08282000e-03
    2.44538000e+02   -1.07226000e-02
    9.53501000e+01   -4.54301000e-02
    4.23148000e+01   -9.28957000e-02
    9.66326000e+00    3.12153000e-01
    4.94584000e+00    5.00000000e-01
    2.52666000e+00    2.99123000e-01
5  0
    3.34224000e+01    4.20555000e-03
    7.96628000e+00   -1.28623000e-01
    3.39995000e+00   -3.70353000e-01
    2.30738000e+00   -6.84589000e-02
    1.18313000e+00    5.00000000e-01
1  0
    5.82638000e-01    1.00000000e+00
1  0
    2.57901000e-01    1.00000000e+00
1  0
    7.32000000e-02    1.00000000e+00
1  0
    4.46597000e-02    1.00000000e+00
1  0
    1.72812000e-02    1.00000000e+00
7  1
    9.43498000e+04    1.08888000e-05
    1.45154000e+04    2.18532000e-04
    3.49105000e+03    1.97269000e-03
    1.15239000e+03    1.10974000e-02
    4.46460000e+02    4.91421000e-02
    1.91875000e+02    1.73982000e-01
    9.09163000e+01    5.00000000e-01
1  1
    4.43872000e+01    1.00000000e+00
1  1
    2.24116000e+01    1.00000000e+00
1  1
    1.16863000e+01    1.00000000e+00
1  1
    6.37926000e+00    1.00000000e+00
1  1
    3.48196000e+00    1.00000000e+00
1  1
    1.90230000e+00    1.00000000e+00
1  1
    9.45519000e-01    1.00000000e+00
1  1
    4.68266000e-01    1.00000000e+00
1  1
    2.24862000e-01    1.00000000e+00
1  1
    1.03516000e-01    1.00000000e+00
1  1
    3.25000000e-02    1.00000000e+00
3  2
    3.83422000e+01    2.48398000e-02
    1.12463000e+01    1.54055000e-01
    4.19852000e+00    5.00000000e-01
1  2
    1.62153000e+00    1.00000000e+00
1  2
    6.33268000e-01    1.00000000e+00
1  2
    2.36198000e-01    1.00000000e+00
1  2
    8.56178000e-02    1.00000000e+00
1  2
    2.96926000e-02    1.00000000e+00
1  3
    1.28000000e+00    1.00000000e+00
1  3
    3.20000000e-01    1.00000000e+00
1  4
    4.80000000e-01    1.00000000e+00
