10
5  0
    1.30832000e+04    5.59126000e-03
    1.96823000e+03    4.19170000e-02
    4.47410000e+02    1.89941000e-01
    1.25228000e+02    5.00000000e-01
    3.95119000e+01    4.67990000e-01
2  0
    5.97289000e+00    5.00000000e-01
    2.17856000e+00    2.00243000e-01
2  0
    6.66023000e-01    5.00000000e-01
    2.45475000e-01    2.38315000e-01
1  0
    4.60449000e-02    1.00000000e+00
1  0
    2.27000000e-02    1.00000000e+00
5  1
    1.36382000e+03    1.37277000e-03
    2.09819000e+02    2.42911000e-02
    4.88776000e+01    1.60133000e-01
    1.48326000e+01    4.54837000e-01
    4.88009000e+00    5.00000000e-01
1  1
    1.26924000e+00    1.00000000e+00
1  1
    3.60129000e-01    1.00000000e+00
1  1
    6.67000000e-02    1.00000000e+00
2  2
    7.21100000e-01    1.99630000e-01
    9.30355000e-02    5.00000000e-01
