14
6  0
    3.16128000e+04    1.92539000e-03
    4.74738000e+03    1.47466000e-02
    1.08043000e+03    7.28766000e-02
    3.04905000e+02    2.50442000e-01
    9.87833000e+01    5.00000000e-01
    3.37024000e+01    3.75710000e-01
4  0
    6.54782000e+01   -8.40987000e-02
    7.48392000e+00    5.00000000e-01
    3.20390000e+00    4.63897000e-01
    1.02492000e+00    5.08319000e-02
2  0
    6.47085000e-01    5.00000000e-01
    2.30286000e-01    1.95300000e-01
1  0
    3.75852000e-02    1.00000000e+00
1  0
    1.41834000e-02    1.00000000e+00
5  1
    3.83800000e+03    3.05590000e-04
    5.90462000e+02    5.89860000e-03
    1.38921000e+02    4.81396000e-02
    4.39759000e+01    2.02660000e-01
    1.60211000e+01    5.00000000e-01
1  1
    6.17957000e+00    1.00000000e+00
1  1
    2.42323000e+00    1.00000000e+00
1  1
    8.22299000e-01    1.00000000e+00
1  1
    2.59035000e-01    1.00000000e+00
1  1
    4.96000000e-02    1.00000000e+00
2  2
    6.65202000e+00    1.29149000e-01
    1.61238000e+00    5.00000000e-01
1  2
    4.29003000e-01    1.00000000e+00
1  2
    9.73407000e-02    1.00000000e+00
