14
6  0
    1.82594273e+05   -2.27747359e-04
    2.73690050e+04   -1.76639871e-03
    6.22917380e+03   -9.19497121e-03
    1.76458235e+03   -3.74550843e-02
    5.77051206e+02   -1.22044544e-01
    2.10249334e+02   -2.98989721e-01
2  0
    8.26178306e+01   -4.05146970e-01
    3.32331845e+01   -2.92531514e-01
1  0
    8.10649021e+00    1.00000000e+00
1  0
    3.33402588e+00    1.00000000e+00
1  0
    8.45544223e-01    1.00000000e+00
1  0
    3.28216265e-01    1.00000000e+00
1  0
    3.64035285e-02    1.00000000e+00
1  0
    1.76462865e-02    1.00000000e+00
3  1
    8.91054469e+02    2.18429142e-03
    2.11015820e+02    1.75891108e-02
    6.76714124e+01    8.17774731e-02
3  1
    2.52714881e+01    2.45656319e-01
    1.01389590e+01    4.33983769e-01
    4.20186272e+00    3.62376649e-01
1  1
    1.60294672e+00    1.00000000e+00
1  1
    6.14612531e-01    1.00000000e+00
1  1
    2.21993008e-01    1.00000000e+00
1  1
    4.17370000e-02    1.00000000e+00
