18
12  0
    1.56004998e+04    6.05157200e-01
    6.84083164e+03    5.81304900e-01
    3.05551258e+03    2.28441730e+00
    1.38904309e+03    4.76242890e+00
    6.42146567e+02    9.12482630e+00
    3.01611967e+02    1.22016392e+01
    1.43796148e+02    7.58463700e+00
    6.95181492e+01   -9.81332700e-01
    3.40447209e+01    1.82705900e-01
    1.68706410e+01    8.64372780e+00
    8.44997720e+00    5.82650760e+00
    4.27284480e+00   -1.66653610e+00
1  0
    2.17869690e+00    1.00000000e+00
1  0
    1.11882380e+00    1.00000000e+00
1  0
    5.77919400e-01    1.00000000e+00
1  0
    2.99888100e-01    1.00000000e+00
1  0
    1.56126100e-01    1.00000000e+00
1  0
    8.14421000e-02    1.00000000e+00
1  0
    4.25117000e-02    1.00000000e+00
2  1
    3.50867756e+01   -1.29960000e-02
    8.22563010e+00    4.26750000e-03
1  1
    1.90130590e+00    1.00000000e+00
1  1
    4.35803200e-01    1.00000000e+00
1  1
    9.96141000e-02    1.00000000e+00
2  2
    4.35742880e+00    1.44490000e-03
    1.45551470e+00   -2.12140000e-03
1  2
    4.79358000e-01    1.00000000e+00
1  2
    1.56552100e-01    1.00000000e+00
1  2
    5.09859000e-02    1.00000000e+00
3  3
    2.29611750e+00   -1.94970000e-03
    6.76647600e-01   -1.99500000e-03
    1.98156400e-01    2.19940000e-03
1  4
    2.81460600e-01    1.00000000e+00
