33
1  0
    4.14713461e+04    1.00000000e+00
1  0
    1.56842992e+04    1.00000000e+00
1  0
    6.12822626e+03    1.00000000e+00
1  0
    2.47134361e+03    1.00000000e+00
1  0
    1.02749472e+03    1.00000000e+00
1  0
    4.39880519e+02    1.00000000e+00
1  0
    1.93641412e+02    1.00000000e+00
1  0
    8.75200829e+01    1.00000000e+00
1  0
    4.05450691e+01    1.00000000e+00
1  0
    1.92177099e+01    1.00000000e+00
1  0
    9.30142843e+00    1.00000000e+00
1  0
    4.58748070e+00    1.00000000e+00
1  0
    2.30044537e+00    1.00000000e+00
1  0
    1.17016730e+00    1.00000000e+00
1  0
    6.02312690e-01    1.00000000e+00
1  0
    3.12921030e-01    1.00000000e+00
1  0
    1.63664860e-01    1.00000000e+00
1  0
    8.59469200e-02    1.00000000e+00
1  0
    4.51951100e-02    1.00000000e+00
1  1
    3.50867756e+01    1.00000000e+00
1  1
    8.22563010e+00    1.00000000e+00
1  1
    1.90130590e+00    1.00000000e+00
1  1
    4.35803200e-01    1.00000000e+00
1  1
    9.96141000e-02    1.00000000e+00
1  2
    4.35742880e+00    1.00000000e+00
1  2
    1.45551470e+00    1.00000000e+00
1  2
    4.79358000e-01    1.00000000e+00
1  2
    1.56552100e-01    1.00000000e+00
1  2
    5.09859000e-02    1.00000000e+00
1  3
    2.29611750e+00    1.00000000e+00
1  3
    6.76647600e-01    1.00000000e+00
1  3
    1.98156400e-01    1.00000000e+00
1  4
    2.81460600e-01    1.00000000e+00
