10
3  0
    6.44663070e+03    6.25400000e-02
    9.76875700e+02    3.72107000e-01
    2.14479550e+02    6.85611000e-01
3  0
    2.87644600e+02   -1.12061000e-01
    6.26200900e+01    9.01390000e-02
    1.96917400e+01    9.64330000e-01
3  1
    2.87644600e+02    1.47528000e-01
    6.26200900e+01    5.86892000e-01
    1.96917400e+01    4.29507000e-01
3  0
    2.11232100e+01   -2.95817000e-01
    7.30328600e+00    2.79217000e-01
    2.48885000e+00    9.03730000e-01
3  1
    2.11232100e+01    2.60700000e-02
    7.30328600e+00    4.92250000e-01
    2.48885000e+00    5.74274000e-01
2  0
    2.36137400e+00   -7.20245000e-01
    5.86016000e-01    1.37684600e+00
2  1
    2.36137400e+00    2.87750000e-02
    5.86016000e-01    9.83339000e-01
1  0
    1.94447000e-01    1.00000000e+00
1  1
    1.94447000e-01    1.00000000e+00
3  2
    3.73681030e+01    1.47947000e-01
    9.85431300e+00    5.12172000e-01
    2.73279500e+00    5.72950000e-01
