18
6  0
    4.56200000e+05    8.11100000e-04
    6.84600000e+04    6.25520000e-03
    1.56500000e+04    3.20220000e-02
    4.50000000e+03    1.25460000e-01
    1.49700000e+03    3.86660000e-01
    5.50500000e+02    5.51880000e-01
3  0
    5.50500000e+02    1.77110000e-01
    2.18200000e+02    6.22480000e-01
    9.29700000e+01    2.52790000e-01
1  0
    3.45900000e+01    1.00000000e+00
1  0
    1.51200000e+01    1.00000000e+00
1  0
    5.34600000e+00    1.00000000e+00
1  0
    2.27300000e+00    1.00000000e+00
1  0
    4.84100000e-01    1.00000000e+00
1  0
    1.84900000e-01    1.00000000e+00
3  1
    3.07400000e+03    2.19980000e-02
    7.25700000e+02    1.81020000e-01
    2.31500000e+02    8.62230000e-01
3  1
    8.64500000e+01    3.41550000e-01
    3.55500000e+01    5.02550000e-01
    1.51400000e+01    2.64530000e-01
3  1
    1.51400000e+01    7.16700000e-02
    8.03100000e+00    3.97080000e-01
    3.79900000e+00    5.87620000e-01
1  1
    1.84900000e+00    1.00000000e+00
1  1
    8.67600000e-01    1.00000000e+00
1  1
    3.32900000e-01    1.00000000e+00
1  1
    1.19900000e-01    1.00000000e+00
4  2
    1.22500000e+02    2.33770000e-02
    3.53700000e+01    1.46100000e-01
    1.23900000e+01    4.22300000e-01
    4.49600000e+00    5.94520000e-01
1  2
    1.54600000e+00    1.00000000e+00
1  2
    3.95000000e-01    1.00000000e+00
