43
1  0
    8.78900633e+01    1.00000000e+00
1  0
    4.14285114e+01    1.00000000e+00
1  0
    1.68974464e+01    1.00000000e+00
1  0
    8.12139710e+00    1.00000000e+00
1  0
    5.41426474e+00    1.00000000e+00
1  0
    1.56796554e+00    1.00000000e+00
1  0
    1.04531036e+00    1.00000000e+00
1  0
    5.50892260e-01    1.00000000e+00
1  0
    3.02971774e-01    1.00000000e+00
1  0
    1.83932033e-01    1.00000000e+00
1  1
    5.82073007e+01    1.00000000e+00
1  1
    3.88048671e+01    1.00000000e+00
1  1
    9.17768158e+00    1.00000000e+00
1  1
    3.82586301e+00    1.00000000e+00
1  1
    1.70854322e+00    1.00000000e+00
1  1
    1.13902881e+00    1.00000000e+00
1  1
    5.65436199e-01    1.00000000e+00
1  1
    3.19747779e-01    1.00000000e+00
1  1
    1.68393250e-01    1.00000000e+00
1  2
    1.64777431e+02    1.00000000e+00
1  2
    4.42185121e+01    1.00000000e+00
1  2
    1.23373554e+01    1.00000000e+00
1  2
    3.83087070e+00    1.00000000e+00
1  2
    2.55391380e+00    1.00000000e+00
1  2
    1.05891914e+00    1.00000000e+00
1  2
    6.53937770e-01    1.00000000e+00
1  2
    2.59532583e-01    1.00000000e+00
1  3
    1.11442874e+02    1.00000000e+00
1  3
    1.44995201e+01    1.00000000e+00
1  3
    3.81125794e+00    1.00000000e+00
1  3
    2.56999972e+00    1.00000000e+00
1  3
    1.12124243e+00    1.00000000e+00
1  3
    5.41210825e-01    1.00000000e+00
1  4
    3.68886619e+01    1.00000000e+00
1  4
    1.32854734e+01    1.00000000e+00
1  4
    2.90976605e+00    1.00000000e+00
1  4
    1.02362974e+00    1.00000000e+00
1  5
    2.76764628e+00    1.00000000e+00
1  0
    7.89582585e-02    1.00000000e+00
1  1
    1.03671445e-01    1.00000000e+00
1  2
    1.62609150e-01    1.00000000e+00
1  3
    2.59078589e-01    1.00000000e+00
1  4
    5.35945457e-01    1.00000000e+00
