32
22  0
    1.82822090e+08    1.80000000e-07
    2.73561560e+07    1.42000000e-06
    6.22117040e+06    7.46000000e-06
    1.76027790e+06    3.15900000e-05
    5.73193820e+05    1.15750000e-04
    2.06258450e+05    3.81500000e-04
    8.00266690e+04    1.15900000e-03
    3.29390840e+04    3.29340000e-03
    1.42226330e+04    8.81610000e-03
    6.39307070e+03    2.22180000e-02
    2.97645380e+03    5.20881000e-02
    1.43052540e+03    1.10635600e-01
    7.07926210e+02    2.02532600e-01
    3.59848470e+02    2.92635000e-01
    1.87149650e+02    2.85122400e-01
    9.86345230e+01    1.45506400e-01
    5.05478690e+01    2.39939000e-02
    2.71670040e+01   -9.49000000e-05
    1.46150980e+01    5.57800000e-04
    7.65135200e+00   -2.87000000e-04
    3.99726300e+00    9.66000000e-05
    2.08585300e+00   -7.84000000e-05
22  0
    1.82822090e+08   -5.70000000e-07
    2.73561560e+07   -4.50000000e-07
    6.22117040e+06   -2.35000000e-06
    1.76027790e+06   -9.94000000e-06
    5.73193820e+05   -3.64000000e-05
    2.06258450e+05   -1.20100000e-04
    8.00266690e+04   -3.65400000e-04
    3.29390840e+04   -1.04070000e-03
    1.42226330e+04   -2.80380000e-03
    6.39307070e+03   -7.15090000e-03
    2.97645380e+03   -1.72204000e-02
    1.43052540e+03   -3.84800000e-02
    7.07926210e+02   -7.78628000e-02
    3.59848470e+02   -1.34742300e-01
    1.87149650e+02   -1.77614800e-01
    9.86345230e+01   -1.06841300e-01
    5.05478690e+01    1.89613200e-01
    2.71670040e+01    5.09187100e-01
    1.46150980e+01    3.93985900e-01
    7.65135200e+00    9.19032000e-02
    3.99726300e+00    3.91950000e-03
    2.08585300e+00    1.74960000e-03
22  0
    1.82822090e+08    2.00000000e-08
    2.73561560e+07    1.80000000e-07
    6.22117040e+06    9.40000000e-07
    1.76027790e+06    3.99000000e-06
    5.73193820e+05    1.46200000e-05
    2.06258450e+05    4.81900000e-05
    8.00266690e+04    1.46700000e-04
    3.29390840e+04    4.17700000e-04
    1.42226330e+04    1.12670000e-03
    6.39307070e+03    2.87690000e-03
    2.97645380e+03    6.95490000e-03
    1.43052540e+03    1.56365000e-02
    7.07926210e+02    3.20801000e-02
    3.59848470e+02    5.68689000e-02
    1.87149650e+02    7.84845000e-02
    9.86345230e+01    5.03398000e-02
    5.05478690e+01   -1.04274200e-01
    2.71670040e+01   -3.74376100e-01
    1.46150980e+01   -4.01113100e-01
    7.65135200e+00    9.68388000e-02
    3.99726300e+00    6.42877600e-01
    2.08585300e+00    4.86060000e-01
21  0
    2.73561560e+07   -5.70000000e-08
    6.22117040e+06   -3.00000000e-07
    1.76027790e+06   -1.27000000e-06
    5.73193820e+05   -4.65800000e-06
    2.06258450e+05   -1.53470000e-05
    8.00266690e+04   -4.67360000e-05
    3.29390840e+04   -1.33022000e-04
    1.42226330e+04   -3.59062000e-04
    6.39307070e+03   -9.16500000e-04
    2.97645380e+03   -2.21840000e-03
    1.43052540e+03   -4.98830000e-03
    7.07926210e+02   -1.02661000e-02
    3.59848470e+02   -1.82445000e-02
    1.87149650e+02   -2.54110000e-02
    9.86345230e+01   -1.63931000e-02
    5.05478690e+01    3.46977000e-02
    2.71670040e+01    1.32128300e-01
    1.46150980e+01    1.47092500e-01
    7.65135200e+00   -4.18216000e-02
    3.99726300e+00   -3.19524000e-01
    2.08585300e+00   -4.36328600e-01
1  0
    1.01479700e+00    1.00000000e+00
1  0
    5.19788000e-01    1.00000000e+00
1  0
    2.45103000e-01    1.00000000e+00
1  0
    1.11896000e-01    1.00000000e+00
1  0
    4.42770000e-02    1.00000000e+00
13  1
    4.29930560e+04    2.97000000e-05
    1.01737230e+04    2.65100000e-04
    3.30310570e+03    1.54160000e-03
    1.26354000e+03    6.90650000e-03
    5.36365460e+02    2.51397000e-02
    2.44876170e+02    7.50124000e-02
    1.17991170e+02    1.76743300e-01
    5.90212480e+01    3.07513500e-01
    3.03560670e+01    3.47064400e-01
    1.58199770e+01    2.00280200e-01
    8.10458000e+00    4.30508000e-02
    4.09796400e+00    2.47720000e-03
    2.05606100e+00    6.78900000e-04
13  1
    4.29930560e+04   -1.21000000e-05
    1.01737230e+04   -1.07800000e-04
    3.30310570e+03   -6.29000000e-04
    1.26354000e+03   -2.83230000e-03
    5.36365460e+02   -1.04462000e-02
    2.44876170e+02   -3.19400000e-02
    1.17991170e+02   -7.84599000e-02
    5.90212480e+01   -1.43971900e-01
    3.03560670e+01   -1.69170300e-01
    1.58199770e+01   -1.75966000e-02
    8.10458000e+00    3.00264900e-01
    4.09796400e+00    4.84766100e-01
    2.05606100e+00    2.96724800e-01
13  1
    4.29930560e+04    3.30000000e-06
    1.01737230e+04    2.93000000e-05
    3.30310570e+03    1.71300000e-04
    1.26354000e+03    7.69500000e-04
    5.36365460e+02    2.85140000e-03
    2.44876170e+02    8.72040000e-03
    1.17991170e+02    2.16181000e-02
    5.90212480e+01    3.98024000e-02
    3.03560670e+01    4.74775000e-02
    1.58199770e+01   -4.77300000e-04
    8.10458000e+00   -1.02189100e-01
    4.09796400e+00   -1.82361100e-01
    2.05606100e+00   -1.17336300e-01
1  1
    9.52145000e-01    1.00000000e+00
1  1
    4.44774000e-01    1.00000000e+00
1  1
    1.97496000e-01    1.00000000e+00
1  1
    8.38230000e-02    1.00000000e+00
1  1
    3.31290000e-02    1.00000000e+00
9  2
    2.06743600e+03    4.96000000e-05
    6.25693710e+02    4.94400000e-04
    2.43946790e+02    3.02650000e-03
    1.08423730e+02    1.33461000e-02
    5.20052160e+01    4.37869000e-02
    2.61154050e+01    1.11438800e-01
    1.35467480e+01    2.13034100e-01
    7.10581000e+00    2.97924100e-01
    3.72155400e+00    3.07966000e-01
1  2
    1.92912000e+00    1.00000000e+00
1  2
    9.55826000e-01    1.00000000e+00
1  2
    4.05197000e-01    1.00000000e+00
1  2
    1.74100000e-01    1.00000000e+00
1  2
    1.01400000e-01    1.00000000e+00
1  3
    3.15000000e-01    1.00000000e+00
1  3
    5.87000000e-01    1.00000000e+00
1  3
    1.09400000e+00    1.00000000e+00
1  3
    1.78400000e-01    1.00000000e+00
1  4
    5.01000000e-01    1.00000000e+00
1  4
    1.10400000e+00    1.00000000e+00
1  4
    2.55000000e-01    1.00000000e+00
1  5
    9.30300000e-01    1.00000000e+00
1  5
    5.80000000e-01    1.00000000e+00
