23
10  0
    7.66616000e+04    4.70000000e-05
    1.15091000e+04    3.58000000e-04
    2.61979000e+03    1.76400000e-03
    7.40044000e+02    6.09700000e-03
    2.35341000e+02    1.26810000e-02
    4.23839000e+01    1.37846000e-01
    2.65014000e+01   -1.92855000e-01
    1.65732000e+01   -2.78368000e-01
    4.59114000e+00    5.19056000e-01
    2.49368000e+00    5.34595000e-01
10  0
    7.66616000e+04   -2.10000000e-05
    1.15091000e+04   -1.56000000e-04
    2.61979000e+03   -7.87000000e-04
    7.40044000e+02   -2.64700000e-03
    2.35341000e+02   -5.82100000e-03
    4.23839000e+01   -5.65500000e-02
    2.65014000e+01    8.88470000e-02
    1.65732000e+01    9.88730000e-02
    4.59114000e+00   -2.53378000e-01
    2.49368000e+00   -4.30889000e-01
1  0
    1.35105000e+00    1.00000000e+00
1  0
    5.87240000e-01    1.00000000e+00
1  0
    2.70818000e-01    1.00000000e+00
1  0
    1.20385000e-01    1.00000000e+00
1  0
    4.55000000e-02    1.00000000e+00
8  1
    5.46903000e+02    5.22000000e-04
    1.06998000e+02    4.71400000e-03
    4.65133000e+01    6.57500000e-03
    2.90722000e+01   -9.43870000e-02
    8.14713000e+00    3.01261000e-01
    4.19535000e+00    4.70405000e-01
    2.14822000e+00    2.94731000e-01
    1.05215000e+00    5.50150000e-02
8  1
    5.46903000e+02   -1.53000000e-04
    1.06998000e+02   -1.62800000e-03
    4.65133000e+01   -3.65000000e-04
    2.90722000e+01    2.64490000e-02
    8.14713000e+00   -1.06278000e-01
    4.19535000e+00   -1.67412000e-01
    2.14822000e+00   -1.29802000e-01
    1.05215000e+00    1.67557000e-01
1  1
    4.77745000e-01    1.00000000e+00
1  1
    2.08168000e-01    1.00000000e+00
1  1
    8.68240000e-02    1.00000000e+00
1  1
    3.37000000e-02    1.00000000e+00
9  2
    1.17106000e+03    1.15000000e-04
    3.55351000e+02    1.19400000e-03
    1.39684000e+02    7.88200000e-03
    6.40219000e+01    3.67930000e-02
    3.18343000e+01    9.62870000e-02
    1.61423000e+01    1.92550000e-01
    8.33454000e+00    2.86961000e-01
    4.29940000e+00    3.18125000e-01
    2.19543000e+00    2.40967000e-01
1  2
    1.07508000e+00    1.00000000e+00
1  2
    4.57500000e-01    1.00000000e+00
1  2
    1.96500000e-01    1.00000000e+00
1  2
    8.97000000e-02    1.00000000e+00
1  3
    9.59600000e-01    1.00000000e+00
1  3
    4.17000000e-01    1.00000000e+00
1  3
    2.03300000e-01    1.00000000e+00
1  4
    7.50400000e-01    1.00000000e+00
1  4
    3.53200000e-01    1.00000000e+00
