62
1  0
    1.05169000e+02    1.00000000e+00
1  0
    7.18356000e+01    1.00000000e+00
1  0
    4.27109000e+01    1.00000000e+00
1  0
    2.28010000e+01    1.00000000e+00
1  0
    1.53823000e+01    1.00000000e+00
1  0
    7.96552000e+00    1.00000000e+00
1  0
    4.44415000e+00    1.00000000e+00
1  0
    2.64120000e+00    1.00000000e+00
1  0
    1.54667000e+00    1.00000000e+00
1  0
    8.43160000e-01    1.00000000e+00
1  0
    5.07182000e-01    1.00000000e+00
1  0
    2.77711000e-01    1.00000000e+00
1  0
    1.54032000e-01    1.00000000e+00
1  1
    8.43860000e+01    1.00000000e+00
1  1
    4.02655000e+01    1.00000000e+00
1  1
    2.17685000e+01    1.00000000e+00
1  1
    1.25580000e+01    1.00000000e+00
1  1
    7.00806000e+00    1.00000000e+00
1  1
    4.38354000e+00    1.00000000e+00
1  1
    2.58355000e+00    1.00000000e+00
1  1
    1.52057000e+00    1.00000000e+00
1  1
    9.50527000e-01    1.00000000e+00
1  1
    5.71988000e-01    1.00000000e+00
1  1
    3.11690000e-01    1.00000000e+00
1  1
    1.89633000e-01    1.00000000e+00
1  2
    1.56961000e+02    1.00000000e+00
1  2
    5.16775000e+01    1.00000000e+00
1  2
    2.39713000e+01    1.00000000e+00
1  2
    1.24882000e+01    1.00000000e+00
1  2
    5.06503000e+00    1.00000000e+00
1  2
    2.80914000e+00    1.00000000e+00
1  2
    1.61978000e+00    1.00000000e+00
1  2
    1.07346000e+00    1.00000000e+00
1  2
    6.54290000e-01    1.00000000e+00
1  2
    3.83501000e-01    1.00000000e+00
1  2
    1.71100000e-01    1.00000000e+00
1  3
    1.01568000e+02    1.00000000e+00
1  3
    3.44381000e+01    1.00000000e+00
1  3
    1.52129000e+01    1.00000000e+00
1  3
    5.02656000e+00    1.00000000e+00
1  3
    2.87231000e+00    1.00000000e+00
1  3
    1.54895000e+00    1.00000000e+00
1  3
    1.08180000e+00    1.00000000e+00
1  3
    6.15399000e-01    1.00000000e+00
1  3
    3.19126000e-01    1.00000000e+00
1  4
    1.10562000e+02    1.00000000e+00
1  4
    4.62534000e+01    1.00000000e+00
1  4
    1.77885000e+01    1.00000000e+00
1  4
    5.42694000e+00    1.00000000e+00
1  4
    3.26128000e+00    1.00000000e+00
1  4
    1.42381000e+00    1.00000000e+00
1  4
    9.50299000e-01    1.00000000e+00
1  4
    5.01667000e-01    1.00000000e+00
1  5
    1.23373000e+01    1.00000000e+00
1  5
    4.99835000e+00    1.00000000e+00
1  5
    2.57047000e+00    1.00000000e+00
1  5
    1.42641000e+00    1.00000000e+00
1  5
    7.56594000e-01    1.00000000e+00
1  6
    5.14768000e+00    1.00000000e+00
1  6
    2.42862000e+00    1.00000000e+00
1  6
    1.25679000e+00    1.00000000e+00
1  7
    2.70360000e+00    1.00000000e+00
