13
7  0
    9.70744000e+03    5.97000000e-04
    1.46350000e+03    4.12900000e-03
    3.27679000e+02    1.34570000e-02
    5.24256000e+01    7.50740000e-02
    1.88522000e+01   -3.91898000e-01
    4.16928000e+00    6.67352000e-01
    1.99266000e+00    5.06268000e-01
7  0
    9.70744000e+03   -2.65000000e-04
    1.46350000e+03   -1.76800000e-03
    3.27679000e+02   -6.20100000e-03
    5.24256000e+01   -2.83990000e-02
    1.88522000e+01    1.56879000e-01
    4.16928000e+00   -3.64809000e-01
    1.99266000e+00   -4.33044000e-01
1  0
    6.83695000e-01    1.00000000e+00
1  0
    3.24338000e-01    1.00000000e+00
1  0
    1.38209000e-01    1.00000000e+00
9  1
    4.89457000e+02    6.03000000e-04
    9.36395000e+01    6.47900000e-03
    2.85921000e+01   -8.92740000e-02
    7.89861000e+00    3.39484000e-01
    3.81566000e+00    5.15078000e-01
    1.81083000e+00    2.46876000e-01
    7.41758000e-01    2.18330000e-02
    2.95727000e-01   -6.14000000e-04
    1.10453000e-01    2.81000000e-04
9  1
    4.89457000e+02   -2.11000000e-04
    9.36395000e+01   -1.68700000e-03
    2.85921000e+01    2.63440000e-02
    7.89861000e+00   -1.18687000e-01
    3.81566000e+00   -1.93579000e-01
    1.81083000e+00   -7.44460000e-02
    7.41758000e-01    3.64702000e-01
    2.95727000e-01    5.56406000e-01
    1.10453000e-01    2.55736000e-01
1  1
    9.09400000e-01    1.00000000e+00
1  1
    1.41600000e-01    1.00000000e+00
7  2
    3.77821000e+02    1.43400000e-03
    1.14897000e+02    1.46290000e-02
    4.69440000e+01    7.10960000e-02
    2.05536000e+01    1.83558000e-01
    9.37137000e+00    3.22931000e-01
    4.28290000e+00    3.77030000e-01
    1.91784000e+00    2.56887000e-01
1  2
    7.76390000e-01    1.00000000e+00
1  2
    2.95600000e-01    1.00000000e+00
1  3
    6.74600000e-01    1.00000000e+00
