9
6  0
    2.95375000e+03    2.43900000e-03
    4.43140000e+02    1.28680000e-02
    6.02268000e+01    6.34630000e-02
    1.82113000e+01   -3.84914000e-01
    4.22866000e+00    6.67703000e-01
    1.96703000e+00    5.24455000e-01
6  0
    2.95375000e+03   -1.04800000e-03
    4.43140000e+02   -5.80300000e-03
    6.02268000e+01   -2.45890000e-02
    1.82113000e+01    1.56202000e-01
    4.22866000e+00   -3.74204000e-01
    1.96703000e+00   -4.12636000e-01
1  0
    5.14111000e-01    1.00000000e+00
1  0
    1.89850000e-01    1.00000000e+00
6  1
    1.11013000e+02    6.06700000e-03
    2.91923000e+01   -8.32390000e-02
    7.08120000e+00    4.57593000e-01
    2.98089000e+00    5.55101000e-01
    1.10491000e+00    1.10664000e-01
    4.28716000e-01   -7.89400000e-03
6  1
    1.11013000e+02   -1.60200000e-03
    2.91923000e+01    2.43160000e-02
    7.08120000e+00   -1.59462000e-01
    2.98089000e+00   -2.19944000e-01
    1.10491000e+00    1.36971000e-01
    4.28716000e-01    6.09608000e-01
1  1
    1.42891000e-01    1.00000000e+00
6  2
    1.59604000e+02    9.67300000e-03
    5.07517000e+01    7.49540000e-02
    1.92789000e+01    2.27531000e-01
    7.75836000e+00    4.03526000e-01
    3.10649000e+00    4.11082000e-01
    1.15558000e+00    1.58867000e-01
1  2
    5.00000000e-01    1.00000000e+00
