20
18  0
    1.82261080e+07    3.20000000e-06
    2.72880250e+06    2.52000000e-05
    6.20997710e+05    1.32800000e-04
    1.75899580e+05    5.60700000e-04
    5.73874970e+04    2.04010000e-03
    2.07171810e+04    6.62350000e-03
    8.07888990e+03    1.94996000e-02
    3.34951700e+03    5.19364000e-02
    1.45978120e+03    1.22116600e-01
    6.62893910e+02    2.38365300e-01
    3.11392150e+02    3.40705100e-01
    1.49937510e+02    2.79285500e-01
    7.24982490e+01    8.40992000e-02
    3.55693540e+01    2.50420000e-03
    1.77666330e+01    1.35740000e-03
    8.71238300e+00   -6.59100000e-04
    4.14497100e+00    2.70100000e-04
    1.96964900e+00   -1.43600000e-04
18  0
    1.82261080e+07   -1.00000000e-06
    2.72880250e+06   -7.90000000e-06
    6.20997710e+05   -4.18000000e-05
    1.75899580e+05   -1.76600000e-04
    5.73874970e+04   -6.43400000e-04
    2.07171810e+04   -2.09990000e-03
    8.07888990e+03   -6.24530000e-03
    3.34951700e+03   -1.70804000e-02
    1.45978120e+03   -4.23815000e-02
    6.62893910e+02   -9.28679000e-02
    3.11392150e+02   -1.65739000e-01
    1.49937510e+02   -1.95508800e-01
    7.24982490e+01   -1.64090000e-03
    3.55693540e+01    4.53007100e-01
    1.77666330e+01    5.37075100e-01
    8.71238300e+00    1.52897100e-01
    4.14497100e+00    5.74110000e-03
    1.96964900e+00    1.74140000e-03
18  0
    1.82261080e+07    4.00000000e-07
    2.72880250e+06    3.20000000e-06
    6.20997710e+05    1.68000000e-05
    1.75899580e+05    7.09000000e-05
    5.73874970e+04    2.58200000e-04
    2.07171810e+04    8.43300000e-04
    8.07888990e+03    2.51150000e-03
    3.34951700e+03    6.89210000e-03
    1.45978120e+03    1.72220000e-02
    6.62893910e+02    3.83159000e-02
    3.11392150e+02    7.05438000e-02
    1.49937510e+02    8.80717000e-02
    7.24982490e+01    6.32800000e-04
    3.55693540e+01   -2.88106500e-01
    1.77666330e+01   -5.04979700e-01
    8.71238300e+00   -2.67773000e-02
    4.14497100e+00    7.09871800e-01
    1.96964900e+00    5.15802000e-01
18  0
    1.82261080e+07   -1.00000000e-07
    2.72880250e+06   -1.00000000e-06
    6.20997710e+05   -5.30000000e-06
    1.75899580e+05   -2.26000000e-05
    5.73874970e+04   -8.23000000e-05
    2.07171810e+04   -2.68400000e-04
    8.07888990e+03   -8.01400000e-04
    3.34951700e+03   -2.19370000e-03
    1.45978120e+03   -5.50740000e-03
    6.62893910e+02   -1.22266000e-02
    3.11392150e+02   -2.27617000e-02
    1.49937510e+02   -2.83606000e-02
    7.24982490e+01   -7.56500000e-04
    3.55693540e+01    1.00136500e-01
    1.77666330e+01    1.81533200e-01
    8.71238300e+00    1.11867000e-02
    4.14497100e+00   -3.57584300e-01
    1.96964900e+00   -4.57230500e-01
1  0
    6.79952000e-01    1.00000000e+00
1  0
    3.24502000e-01    1.00000000e+00
1  0
    1.37441000e-01    1.00000000e+00
13  1
    2.86008310e+04    6.05000000e-05
    6.77099120e+03    5.37800000e-04
    2.19904890e+03    3.09340000e-03
    8.41179570e+02    1.35150000e-02
    3.56766330e+02    4.70959000e-02
    1.62636200e+02    1.29620000e-01
    7.79660350e+01    2.66110800e-01
    3.86614890e+01    3.67805800e-01
    1.95767910e+01    2.74037200e-01
    9.79176100e+00    7.87113000e-02
    4.83538300e+00    4.98420000e-03
    2.36812500e+00    1.22670000e-03
    1.08999600e+00   -2.44800000e-04
13  1
    2.86008310e+04   -2.46000000e-05
    6.77099120e+03   -2.19200000e-04
    2.19904890e+03   -1.26280000e-03
    8.41179570e+02   -5.57560000e-03
    3.56766330e+02   -1.97546000e-02
    1.62636200e+02   -5.64488000e-02
    7.79660350e+01   -1.21492300e-01
    3.86614890e+01   -1.79490700e-01
    1.95767910e+01   -9.62314000e-02
    9.79176100e+00    2.16319000e-01
    4.83538300e+00    4.89972100e-01
    2.36812500e+00    3.72675800e-01
    1.08999600e+00    7.50088000e-02
13  1
    2.86008310e+04    6.70000000e-06
    6.77099120e+03    5.96000000e-05
    2.19904890e+03    3.43200000e-04
    8.41179570e+02    1.51900000e-03
    3.56766330e+02    5.38810000e-03
    1.62636200e+02    1.54935000e-02
    7.79660350e+01    3.35176000e-02
    3.86614890e+01    5.01911000e-02
    1.95767910e+01    2.44550000e-02
    9.79176100e+00   -7.52953000e-02
    4.83538300e+00   -1.76053400e-01
    2.36812500e+00   -1.57072400e-01
    1.08999600e+00    1.30457900e-01
1  1
    5.04588000e-01    1.00000000e+00
1  1
    2.18455000e-01    1.00000000e+00
1  1
    8.99590000e-02    1.00000000e+00
9  2
    1.43777920e+03    1.10800000e-04
    4.34268460e+02    1.08280000e-03
    1.68926990e+02    6.40650000e-03
    7.47775350e+01    2.62379000e-02
    3.55160240e+01    7.88235000e-02
    1.76710510e+01    1.77067700e-01
    9.00461100e+00    2.83962200e-01
    4.59477300e+00    3.29470200e-01
    2.32648600e+00    2.58900100e-01
1  2
    1.13324700e+00    1.00000000e+00
1  2
    4.81307000e-01    1.00000000e+00
1  2
    2.05300000e-01    1.00000000e+00
1  3
    4.13000000e-01    1.00000000e+00
1  3
    9.55700000e-01    1.00000000e+00
1  4
    7.39500000e-01    1.00000000e+00
