15
18  0
    1.17181130e+07    5.60000000e-06
    1.75460440e+06    4.38000000e-05
    3.99281320e+05    2.30500000e-04
    1.13084570e+05    9.73300000e-04
    3.68859250e+04    3.53370000e-03
    1.33122090e+04    1.14167000e-02
    5.18998830e+03    3.31325000e-02
    2.15165970e+03    8.54464000e-02
    9.38032510e+02    1.86912400e-01
    4.26557320e+02    3.14976100e-01
    2.01066600e+02    3.34333400e-01
    9.70976050e+01    1.60881000e-01
    4.29987240e+01    1.78435000e-02
    2.11770750e+01   -1.37930000e-03
    1.04267520e+01    6.57200000e-04
    4.58500800e+00   -3.38800000e-04
    2.11760300e+00    1.21100000e-04
    3.49225000e-01    3.66000000e-05
18  0
    1.17181130e+07   -1.80000000e-06
    1.75460440e+06   -1.38000000e-05
    3.99281320e+05   -7.26000000e-05
    1.13084570e+05   -3.06300000e-04
    3.68859250e+04   -1.11770000e-03
    1.33122090e+04   -3.62700000e-03
    5.18998830e+03   -1.07432000e-02
    2.15165970e+03   -2.86992000e-02
    9.38032510e+02   -6.86679000e-02
    4.26557320e+02   -1.36515500e-01
    2.01066600e+02   -2.02245800e-01
    9.70976050e+01   -1.09056900e-01
    4.29987240e+01    3.31876800e-01
    2.11770750e+01    5.94825000e-01
    1.04267520e+01    2.42482500e-01
    4.58500800e+00    1.72241000e-02
    2.11760300e+00    3.68500000e-04
    3.49225000e-01   -1.15300000e-04
18  0
    1.17181130e+07    7.00000000e-07
    1.75460440e+06    5.50000000e-06
    3.99281320e+05    2.92000000e-05
    1.13084570e+05    1.22800000e-04
    3.68859250e+04    4.49100000e-04
    1.33122090e+04    1.45570000e-03
    5.18998830e+03    4.33190000e-03
    2.15165970e+03    1.15965000e-02
    9.38032510e+02    2.81585000e-02
    4.26557320e+02    5.70339000e-02
    2.01066600e+02    8.91356000e-02
    9.70976050e+01    5.08421000e-02
    4.29987240e+01   -1.92103000e-01
    2.11770750e+01   -5.12104000e-01
    1.04267520e+01   -1.85700700e-01
    4.58500800e+00    6.65411900e-01
    2.11760300e+00    6.02392500e-01
    3.49225000e-01   -1.06453000e-02
18  0
    1.17181130e+07   -2.00000000e-07
    1.75460440e+06   -1.80000000e-06
    3.99281320e+05   -9.30000000e-06
    1.13084570e+05   -3.91000000e-05
    3.68859250e+04   -1.43000000e-04
    1.33122090e+04   -4.63900000e-04
    5.18998830e+03   -1.38010000e-03
    2.15165970e+03   -3.70010000e-03
    9.38032510e+02   -8.99210000e-03
    4.26557320e+02   -1.83021000e-02
    2.01066600e+02   -2.87559000e-02
    9.70976050e+01   -1.67324000e-02
    4.29987240e+01    6.52410000e-02
    2.11770750e+01    1.83442200e-01
    1.04267520e+01    6.92183000e-02
    4.58500800e+00   -3.15603400e-01
    2.11760300e+00   -5.03150100e-01
    3.49225000e-01    7.17157100e-01
1  0
    7.07057000e-01    1.00000000e+00
1  0
    1.44821000e-01    1.00000000e+00
11  1
    9.36630900e+03    4.23100000e-04
    2.21955430e+03    3.67430000e-03
    7.19452880e+02    1.99312000e-02
    2.73464460e+02    7.74222000e-02
    1.14752250e+02    2.14038600e-01
    5.11555690e+01    3.84855600e-01
    2.36826760e+01    3.62634000e-01
    1.08754840e+01    1.17081800e-01
    4.95513100e+00    5.12100000e-03
    2.21726700e+00    1.75390000e-03
    3.22154000e-01    2.19900000e-04
11  1
    9.36630900e+03   -1.72000000e-04
    2.21955430e+03   -1.50250000e-03
    7.19452880e+02   -8.22690000e-03
    2.73464460e+02   -3.28566000e-02
    1.14752250e+02   -9.50135000e-02
    5.11555690e+01   -1.83310600e-01
    2.36826760e+01   -1.61216100e-01
    1.08754840e+01    1.78764400e-01
    4.95513100e+00    5.43788500e-01
    2.21726700e+00    3.91338700e-01
    3.22154000e-01   -4.78000000e-03
11  1
    9.36630900e+03    4.66000000e-05
    2.21955430e+03    4.10000000e-04
    7.19452880e+02    2.23280000e-03
    2.73464460e+02    9.01440000e-03
    1.14752250e+02    2.60115000e-02
    5.11555690e+01    5.13340000e-02
    2.36826760e+01    4.30929000e-02
    1.08754840e+01   -6.15040000e-02
    4.95513100e+00   -2.00342400e-01
    2.21726700e+00   -1.45736400e-01
    3.22154000e-01    5.76458100e-01
1  1
    8.06410000e-01    1.00000000e+00
1  1
    1.17619000e-01    1.00000000e+00
7  2
    4.46161330e+02    1.40440000e-03
    1.33964770e+02    1.21715000e-02
    5.13459070e+01    5.63919000e-02
    2.19169060e+01    1.67643000e-01
    9.89372500e+00    3.17736800e-01
    4.49252700e+00    3.87264700e-01
    2.00229300e+00    2.72800600e-01
1  2
    8.08409000e-01    1.00000000e+00
1  2
    3.00600000e-01    1.00000000e+00
1  3
    6.62200000e-01    1.00000000e+00
