46
1  0
    1.01338034e+02    1.00000000e+00
1  0
    3.04678515e+01    1.00000000e+00
1  0
    2.09696348e+01    1.00000000e+00
1  0
    9.46572446e+00    1.00000000e+00
1  0
    5.82811993e+00    1.00000000e+00
1  0
    2.21704174e+00    1.00000000e+00
1  0
    1.09208557e+00    1.00000000e+00
1  0
    6.80429768e-01    1.00000000e+00
1  0
    3.60355864e-01    1.00000000e+00
1  0
    1.61259384e-01    1.00000000e+00
1  0
    7.30058494e-02    1.00000000e+00
1  1
    5.66644784e+01    1.00000000e+00
1  1
    3.84247214e+01    1.00000000e+00
1  1
    9.42004932e+00    1.00000000e+00
1  1
    4.53722196e+00    1.00000000e+00
1  1
    2.16506231e+00    1.00000000e+00
1  1
    1.40706662e+00    1.00000000e+00
1  1
    8.20098056e-01    1.00000000e+00
1  1
    4.80854380e-01    1.00000000e+00
1  1
    2.62043536e-01    1.00000000e+00
1  1
    9.32948674e-02    1.00000000e+00
1  2
    1.57169717e+02    1.00000000e+00
1  2
    4.30088134e+01    1.00000000e+00
1  2
    1.22476112e+01    1.00000000e+00
1  2
    4.98970285e+00    1.00000000e+00
1  2
    2.59350974e+00    1.00000000e+00
1  2
    1.46681104e+00    1.00000000e+00
1  2
    9.02117800e-01    1.00000000e+00
1  2
    4.45813980e-01    1.00000000e+00
1  2
    1.90791392e-01    1.00000000e+00
1  3
    1.10053654e+02    1.00000000e+00
1  3
    1.42646771e+01    1.00000000e+00
1  3
    3.36249791e+00    1.00000000e+00
1  3
    2.21219922e+00    1.00000000e+00
1  3
    1.09757972e+00    1.00000000e+00
1  3
    7.44845536e-01    1.00000000e+00
1  3
    3.64857797e-01    1.00000000e+00
1  4
    3.27079795e+01    1.00000000e+00
1  4
    1.18490688e+01    1.00000000e+00
1  4
    3.65291818e+00    1.00000000e+00
1  4
    1.34055497e+00    1.00000000e+00
1  4
    6.90954025e-01    1.00000000e+00
1  5
    5.35263746e+00    1.00000000e+00
1  5
    2.28997436e+00    1.00000000e+00
1  5
    1.06440717e+00    1.00000000e+00
1  6
    2.60476858e+00    1.00000000e+00
