20
1  0
    7.23200000e+04    1.00000000e+00
1  0
    1.44640000e+04    1.00000000e+00
1  0
    3.61600000e+03    1.00000000e+00
1  0
    9.04000000e+02    1.00000000e+00
1  0
    2.26000000e+02    1.00000000e+00
1  0
    7.05000000e+01    1.00000000e+00
1  1
    7.05000000e+01    1.00000000e+00
1  0
    1.41000000e+01    1.00000000e+00
1  1
    1.41000000e+01    1.00000000e+00
1  0
    3.52000000e+00    1.00000000e+00
1  1
    3.52000000e+00    1.00000000e+00
1  0
    8.80000000e-01    1.00000000e+00
1  1
    8.80000000e-01    1.00000000e+00
1  0
    2.20000000e-01    1.00000000e+00
1  1
    2.20000000e-01    1.00000000e+00
1  2
    7.05000000e+01    1.00000000e+00
1  2
    1.41000000e+01    1.00000000e+00
1  2
    3.52000000e+00    1.00000000e+00
1  2
    8.80000000e-01    1.00000000e+00
1  2
    2.20000000e-01    1.00000000e+00
