35
15  0
    7.64370000e+07    8.17272000e-07
    1.12329000e+07    6.48007000e-06
    2.55917000e+06    3.36848000e-05
    7.31875000e+05    1.40334000e-04
    2.40909000e+05    5.06724000e-04
    8.77077000e+04    1.63940000e-03
    3.44637000e+04    4.88589000e-03
    1.43359000e+04    1.36493000e-02
    6.23209000e+03    3.58520000e-02
    2.80378000e+03    8.72553000e-02
    1.30233000e+03    1.91851000e-01
    6.15104000e+02    3.63187000e-01
    2.95437000e+02    5.00000000e-01
    1.44659000e+02    4.00273000e-01
    7.04910000e+01    1.17637000e-01
7  0
    2.99899000e+03   -1.10000000e-03
    9.30807000e+02   -1.10735000e-02
    3.60873000e+02   -5.00656000e-02
    1.60195000e+02   -1.01455000e-01
    3.89514000e+01    3.48374000e-01
    2.04455000e+01    5.00000000e-01
    1.12393000e+01    2.38711000e-01
5  0
    1.56669000e+02    6.07746000e-03
    4.02330000e+01   -7.91627000e-02
    2.13697000e+01   -3.34326000e-01
    1.14603000e+01   -2.49353000e-01
    6.59435000e+00    5.00000000e-01
1  0
    3.38133000e+00    1.00000000e+00
1  0
    1.67882000e+00    1.00000000e+00
1  0
    6.31083000e-01    1.00000000e+00
1  0
    2.94516000e-01    1.00000000e+00
1  0
    1.27320000e-01    1.00000000e+00
7  1
    6.35598000e+05    9.27047000e-06
    9.77843000e+04    1.81415000e-04
    2.35971000e+04    1.61969000e-03
    7.80324000e+03    9.14757000e-03
    3.04731000e+03    4.06037000e-02
    1.32567000e+03    1.50100000e-01
    6.14835000e+02    5.00000000e-01
1  1
    2.98796000e+02    1.00000000e+00
1  1
    1.49952000e+02    1.00000000e+00
1  1
    7.73960000e+01    1.00000000e+00
1  1
    4.11273000e+01    1.00000000e+00
1  1
    2.21087000e+01    1.00000000e+00
1  1
    1.19470000e+01    1.00000000e+00
1  1
    6.21719000e+00    1.00000000e+00
1  1
    3.24630000e+00    1.00000000e+00
1  1
    1.66278000e+00    1.00000000e+00
1  1
    7.95726000e-01    1.00000000e+00
1  1
    3.70989000e-01    1.00000000e+00
1  1
    1.62787000e-01    1.00000000e+00
1  1
    6.84341000e-02    1.00000000e+00
8  2
    2.21686000e+03    7.35907000e-05
    6.68448000e+02    7.46721000e-04
    2.62509000e+02    4.43947000e-03
    1.16571000e+02    2.02279000e-02
    5.49002000e+01    7.10909000e-02
    2.78316000e+01    1.71662000e-01
    1.45849000e+01    3.43399000e-01
    7.62886000e+00    5.00000000e-01
1  2
    3.91998000e+00    1.00000000e+00
1  2
    1.96199000e+00    1.00000000e+00
1  2
    9.51640000e-01    1.00000000e+00
1  2
    4.19903000e-01    1.00000000e+00
1  2
    2.18000000e-01    1.00000000e+00
1  3
    8.46000000e+00    1.00000000e+00
1  3
    2.49000000e+00    1.00000000e+00
1  3
    7.30000000e-01    1.00000000e+00
1  3
    2.93000000e-01    1.00000000e+00
1  4
    2.25000000e+00    1.00000000e+00
1  4
    5.60000000e-01    1.00000000e+00
1  5
    8.40000000e-01    1.00000000e+00
