27
12  0
    9.83511000e+06    1.02715000e-05
    1.47455000e+06    7.97337000e-05
    3.35834000e+05    4.18879000e-04
    9.51999000e+04    1.76555000e-03
    3.10632000e+04    6.41172000e-03
    1.11957000e+04    2.07435000e-02
    4.35529000e+03    5.99446000e-02
    1.79590000e+03    1.53544000e-01
    7.77059000e+02    3.24245000e-01
    3.52153000e+02    5.00000000e-01
    1.64404000e+02    4.58143000e-01
    7.66100000e+01    1.53165000e-01
7  0
    3.00894000e+03   -1.05565000e-03
    9.34159000e+02   -1.06267000e-02
    3.62406000e+02   -4.80760000e-02
    1.60841000e+02   -9.91221000e-02
    3.87959000e+01    3.43146000e-01
    1.97678000e+01    5.00000000e-01
    1.00696000e+01    2.03486000e-01
4  0
    3.07554000e+01   -1.66833000e-01
    1.59427000e+01   -3.18114000e-01
    5.69154000e+00    5.03258000e-01
    2.97249000e+00    5.00000000e-01
2  0
    3.33136000e+00    4.80777000e-01
    1.61531000e+00    5.00000000e-01
1  0
    6.35377000e-01    1.00000000e+00
1  0
    2.94425000e-01    1.00000000e+00
1  0
    1.27176000e-01    1.00000000e+00
6  1
    1.99769000e+05    2.93603000e-05
    3.07337000e+04    5.99115000e-04
    7.27760000e+03    5.56165000e-03
    2.36177000e+03    3.19943000e-02
    9.01819000e+02    1.41134000e-01
    3.83114000e+02    5.00000000e-01
1  1
    1.72664000e+02    1.00000000e+00
1  1
    8.17989000e+01    1.00000000e+00
1  1
    4.02120000e+01    1.00000000e+00
1  1
    2.00847000e+01    1.00000000e+00
1  1
    9.95672000e+00    1.00000000e+00
1  1
    4.82368000e+00    1.00000000e+00
1  1
    2.29571000e+00    1.00000000e+00
1  1
    1.01693000e+00    1.00000000e+00
1  1
    4.75144000e-01    1.00000000e+00
1  1
    2.01533000e-01    1.00000000e+00
1  1
    8.03412000e-02    1.00000000e+00
7  2
    9.72399000e+02    4.02410000e-04
    2.95851000e+02    3.72840000e-03
    1.14868000e+02    2.08738000e-02
    4.98176000e+01    8.18459000e-02
    2.33371000e+01    2.11055000e-01
    1.15461000e+01    3.90761000e-01
    5.76555000e+00    5.00000000e-01
1  2
    2.87468000e+00    1.00000000e+00
1  2
    1.39026000e+00    1.00000000e+00
1  2
    6.25781000e-01    1.00000000e+00
1  2
    2.57000000e-01    1.00000000e+00
1  3
    1.87000000e+00    1.00000000e+00
1  3
    4.70000000e-01    1.00000000e+00
1  4
    7.00000000e-01    1.00000000e+00
