21
10  0
    2.47013000e+06    5.32762000e-05
    3.70135000e+05    4.13950000e-04
    8.42372000e+04    2.17208000e-03
    2.38693000e+04    9.09401000e-03
    7.78914000e+03    3.23376000e-02
    2.81030000e+03    9.87953000e-02
    1.09643000e+03    2.47936000e-01
    4.47321000e+02    4.74038000e-01
    1.90852000e+02    5.00000000e-01
    8.41704000e+01    1.88165000e-01
4  0
    6.57249000e+02   -2.27840000e-02
    2.02147000e+02   -1.10102000e-01
    3.32638000e+01    5.00000000e-01
    1.44514000e+01    4.94984000e-01
2  0
    2.30228000e+01   -1.66412000e-01
    4.01057000e+00    5.00000000e-01
1  0
    1.86075000e+00    1.00000000e+00
1  0
    5.62711000e-01    1.00000000e+00
1  0
    2.01992000e-01    1.00000000e+00
5  1
    6.23770000e+04    1.28304000e-04
    9.59647000e+03    2.59484000e-03
    2.27236000e+03    2.36024000e-02
    7.34155000e+02    1.28908000e-01
    2.79692000e+02    5.00000000e-01
1  1
    1.17178000e+02    1.00000000e+00
1  1
    5.20469000e+01    1.00000000e+00
1  1
    2.38523000e+01    1.00000000e+00
1  1
    1.09457000e+01    1.00000000e+00
1  1
    4.93096000e+00    1.00000000e+00
1  1
    2.16236000e+00    1.00000000e+00
1  1
    7.85350000e-01    1.00000000e+00
1  1
    3.10893000e-01    1.00000000e+00
1  1
    1.08867000e-01    1.00000000e+00
6  2
    4.53952000e+02    1.81637000e-03
    1.35589000e+02    1.58172000e-02
    5.14270000e+01    7.62691000e-02
    2.19099000e+01    2.21208000e-01
    9.94607000e+00    4.14855000e-01
    4.51746000e+00    5.00000000e-01
1  2
    2.00197000e+00    1.00000000e+00
1  2
    8.27666000e-01    1.00000000e+00
1  2
    3.08000000e-01    1.00000000e+00
1  3
    5.90000000e-01    1.00000000e+00
