Kr nelec 10
Kr ul
2      1.0000000              0.0000000        
Kr S
2     70.0344100             49.9538350        
2     31.8959710            369.9782380        
2      7.3537280             10.0545440        
Kr P
2     47.2651830             99.1018330        
2     46.6642680            198.2325240        
2     23.0081330             28.2046700        
2     22.1009790             56.5167920        
Kr D
2     50.7681650            -18.5888770        
2     50.7822280            -27.8753980        
2     15.4794970             -0.2934110        
2     15.5593830             -0.4693990        
2      2.8771540              0.0688810        
2      1.9911960              0.1322700        
Kr F
2     15.4375670             -1.2233890        
2     22.0557420             -2.9912330        
