15
6  0
    1.20316000e+05    1.82555000e-03
    1.80657000e+04    1.39994000e-02
    4.11098000e+03    6.95955000e-02
    1.16120000e+03    2.43502000e-01
    3.78559000e+02    5.00000000e-01
    1.30876000e+02    3.98871000e-01
4  0
    2.49837000e+02   -7.90669000e-02
    3.02565000e+01    5.00000000e-01
    1.37042000e+01    3.65414000e-01
    4.67307000e+00    4.58655000e-02
2  0
    3.75342000e+00    5.00000000e-01
    1.57595000e+00    2.09383000e-01
1  0
    4.35994000e-01    1.00000000e+00
1  0
    1.59258000e-01    1.00000000e+00
5  1
    2.19672000e+04    2.07751000e-04
    3.37957000e+03    4.11194000e-03
    7.99663000e+02    3.53759000e-02
    2.58103000e+02    1.67074000e-01
    9.67905000e+01    5.00000000e-01
1  1
    3.94223000e+01    1.00000000e+00
1  1
    1.68078000e+01    1.00000000e+00
1  1
    6.19561000e+00    1.00000000e+00
1  1
    2.38375000e+00    1.00000000e+00
1  1
    5.97031000e-01    1.00000000e+00
1  1
    1.74166000e-01    1.00000000e+00
5  2
    1.86661000e+02    1.04192000e-02
    5.49821000e+01    7.45940000e-02
    2.02085000e+01    2.56568000e-01
    8.08665000e+00    4.81303000e-01
    3.20751000e+00    5.00000000e-01
1  2
    1.17863000e+00    1.00000000e+00
1  2
    3.93000000e-01    1.00000000e+00
