17
6  0
    6.84221997e+05    2.09388810e-04
    1.02555200e+05    1.62430593e-03
    2.33423938e+04    8.46082056e-03
    6.61508355e+03    3.45169317e-02
    2.16934387e+03    1.12545812e-01
    7.99696080e+02    2.74508589e-01
2  0
    3.21182121e+02    3.39287553e-01
    1.31901117e+02    2.73599322e-01
1  0
    3.35364730e+01    1.00000000e+00
1  0
    1.49698886e+01    1.00000000e+00
1  0
    5.37553951e+00    1.00000000e+00
1  0
    2.28584796e+00    1.00000000e+00
1  0
    4.86902371e-01    1.00000000e+00
1  0
    1.86410117e-01    1.00000000e+00
3  1
    4.12869932e+03   -1.56360446e-03
    9.80475344e+02   -1.29614431e-02
    3.19401358e+02   -6.24644540e-02
3  1
    1.23361810e+02   -2.12456768e-01
    5.23623187e+01   -4.06043158e-01
    2.33354251e+01   -3.76522081e-01
1  1
    1.03407451e+01    1.00000000e+00
2  1
    4.46940780e+00    5.56719307e-01
    1.91778549e+00    3.06044533e-01
1  1
    6.12590636e-01    1.00000000e+00
1  1
    1.82364050e-01    1.00000000e+00
4  2
    1.15562367e+02    2.19440582e-02
    3.34772471e+01    1.32114602e-01
    1.18347997e+01    3.63276503e-01
    4.34154927e+00    4.93028601e-01
1  2
    1.50813570e+00    1.00000000e+00
1  2
    4.43000000e-01    1.00000000e+00
