33
1  0
    1.20985145e+05    1.00000000e+00
1  0
    4.48886038e+04    1.00000000e+00
1  0
    1.73146182e+04    1.00000000e+00
1  0
    6.93681729e+03    1.00000000e+00
1  0
    2.88338310e+03    1.00000000e+00
1  0
    1.24189531e+03    1.00000000e+00
1  0
    5.53440673e+02    1.00000000e+00
1  0
    2.54763310e+02    1.00000000e+00
1  0
    1.20911980e+02    1.00000000e+00
1  0
    5.90424612e+01    1.00000000e+00
1  0
    2.95956125e+01    1.00000000e+00
1  0
    1.51905610e+01    1.00000000e+00
1  0
    7.96221808e+00    1.00000000e+00
1  0
    4.24969958e+00    1.00000000e+00
1  0
    2.30262982e+00    1.00000000e+00
1  0
    1.26254552e+00    1.00000000e+00
1  0
    6.98218600e-01    1.00000000e+00
1  0
    3.88136110e-01    1.00000000e+00
1  0
    2.16136800e-01    1.00000000e+00
1  1
    9.72000000e+00    1.00000000e+00
1  1
    3.54000000e+00    1.00000000e+00
1  1
    1.33000000e+00    1.00000000e+00
1  1
    5.00000000e-01    1.00000000e+00
1  1
    1.90000000e-01    1.00000000e+00
1  2
    1.01100000e+01    1.00000000e+00
1  2
    4.09000000e+00    1.00000000e+00
1  2
    1.71000000e+00    1.00000000e+00
1  2
    7.30000000e-01    1.00000000e+00
1  2
    3.10000000e-01    1.00000000e+00
1  3
    3.99000000e+00    1.00000000e+00
1  3
    1.00000000e+00    1.00000000e+00
1  3
    2.50000000e-01    1.00000000e+00
1  4
    1.27000000e+00    1.00000000e+00
