21
3  0
    2.60772720e+01    2.31986848e-03
    5.71278380e+00   -2.97877196e-01
    4.40578480e+00    7.00227225e-01
1  0
    2.13153258e+00    1.00000000e+00
1  0
    4.93858090e-01    1.00000000e+00
1  0
    2.35956879e-01    1.00000000e+00
1  0
    6.35934897e-02    1.00000000e+00
1  0
    3.15453948e-02    1.00000000e+00
1  0
    1.57776553e-02    1.00000000e+00
4  1
    6.00000000e+00   -1.13979609e-02
    3.68081916e+00    1.46750385e-01
    2.32654621e+00   -3.55818192e-01
    6.43426296e-01    4.58349552e-01
1  1
    3.35842820e-01    1.00000000e+00
1  1
    1.65190519e-01    1.00000000e+00
1  1
    5.67159718e-02    1.00000000e+00
1  1
    2.21008248e-02    1.00000000e+00
3  2
    1.20000000e+00   -3.58034824e-01
    1.02395244e+00    4.04837341e-01
    3.75084903e-01    3.76496398e-01
1  2
    1.71619402e-01    1.00000000e+00
1  2
    7.87804234e-02    1.00000000e+00
1  2
    3.50000478e-02    1.00000000e+00
1  3
    6.55800000e-01    1.00000000e+00
1  3
    2.56830000e-01    1.00000000e+00
1  3
    1.00580000e-01    1.00000000e+00
1  4
    3.32180000e-01    1.00000000e+00
1  4
    1.35380000e-01    1.00000000e+00
