16
2  0
    5.08739900e+00   -4.41749525e-01
    4.27097800e+00    8.58124668e-01
1  0
    2.18236560e+00    1.00000000e+00
1  0
    4.89665338e-01    1.00000000e+00
1  0
    2.33016753e-01    1.00000000e+00
1  0
    5.57195231e-02    1.00000000e+00
1  0
    2.28547088e-02    1.00000000e+00
4  1
    6.00000000e+00   -1.13979609e-02
    3.68081916e+00    1.46750385e-01
    2.32654621e+00   -3.55818192e-01
    6.43426296e-01    4.58349552e-01
1  1
    3.35842820e-01    1.00000000e+00
1  1
    1.65190519e-01    1.00000000e+00
1  1
    3.54000000e-02    1.00000000e+00
3  2
    1.26752880e+00   -1.75692740e-01
    8.93953403e-01    2.51399229e-01
    3.30957673e-01    4.46032671e-01
1  2
    1.34613775e-01    1.00000000e+00
1  2
    5.14416298e-02    1.00000000e+00
1  3
    3.89410000e-01    1.00000000e+00
1  3
    1.20430000e-01    1.00000000e+00
1  4
    1.79070000e-01    1.00000000e+00
