52
1  0
    2.54763935e+06    1.00000000e+00
1  0
    1.20675247e+06    1.00000000e+00
1  0
    5.81139992e+05    1.00000000e+00
1  0
    2.84454423e+05    1.00000000e+00
1  0
    1.41479477e+05    1.00000000e+00
1  0
    7.14816796e+04    1.00000000e+00
1  0
    3.66758687e+04    1.00000000e+00
1  0
    1.91032027e+04    1.00000000e+00
1  0
    1.00976345e+04    1.00000000e+00
1  0
    5.41452151e+03    1.00000000e+00
1  0
    2.94413969e+03    1.00000000e+00
1  0
    1.62269584e+03    1.00000000e+00
1  0
    9.06171188e+02    1.00000000e+00
1  0
    5.12487604e+02    1.00000000e+00
1  0
    2.93395616e+02    1.00000000e+00
1  0
    1.69945553e+02    1.00000000e+00
1  0
    9.95479786e+01    1.00000000e+00
1  0
    5.89378044e+01    1.00000000e+00
1  0
    3.52499728e+01    1.00000000e+00
1  0
    2.12854910e+01    1.00000000e+00
1  0
    1.29693397e+01    1.00000000e+00
1  0
    7.96899281e+00    1.00000000e+00
1  0
    4.93486867e+00    1.00000000e+00
1  0
    3.07796096e+00    1.00000000e+00
1  0
    1.93236271e+00    1.00000000e+00
1  0
    1.22030754e+00    1.00000000e+00
1  0
    7.74670470e-01    1.00000000e+00
1  0
    4.94013830e-01    1.00000000e+00
1  0
    3.16256100e-01    1.00000000e+00
1  0
    2.03102930e-01    1.00000000e+00
1  0
    1.30757890e-01    1.00000000e+00
1  0
    8.43312700e-02    1.00000000e+00
1  0
    5.44466900e-02    1.00000000e+00
1  0
    3.51648300e-02    1.00000000e+00
1  1
    4.29416340e+00    1.00000000e+00
1  1
    1.56785150e+00    1.00000000e+00
1  1
    5.64401800e-01    1.00000000e+00
1  1
    2.01477900e-01    1.00000000e+00
1  1
    7.17230000e-02    1.00000000e+00
1  2
    5.71411273e+00    1.00000000e+00
1  2
    1.61303639e+00    1.00000000e+00
1  2
    5.68891900e-01    1.00000000e+00
1  2
    2.35940540e-01    1.00000000e+00
1  2
    1.03949780e-01    1.00000000e+00
1  3
    9.95712500e-01    1.00000000e+00
1  3
    4.73139400e-01    1.00000000e+00
1  3
    2.23419600e-01    1.00000000e+00
1  4
    6.97685519e+00    1.00000000e+00
1  4
    2.58770659e+00    1.00000000e+00
1  4
    1.02632208e+00    1.00000000e+00
1  4
    4.24722870e-01    1.00000000e+00
1  4
    1.78343460e-01    1.00000000e+00
