49
10  0
    8.73000000e+03    6.42762433e-05
    1.99396278e+03    3.56283364e-04
    4.35020901e+02    2.19302387e-03
    1.19466780e+02    9.18000814e-03
    3.88631110e+01    3.15189345e-02
    1.41981370e+01    8.91596078e-02
    5.56886300e+00    2.03062177e-01
    2.26212300e+00    3.50855529e-01
    9.27122000e-01    3.64633918e-01
    3.77497000e-01    1.11449062e-01
7  0
    5.56886300e+00   -2.61165591e-03
    2.26212300e+00   -1.02800940e-02
    9.27122000e-01   -4.71414661e-02
    3.77497000e-01   -9.06177159e-02
    1.52093000e-01    1.07816398e-01
    6.11390000e-02    6.11018380e-01
    2.50490000e-02    3.94530647e-01
1  0
    2.11964576e+02    1.00000000e+00
1  0
    6.96824450e+01    1.00000000e+00
1  0
    2.29078050e+01    1.00000000e+00
1  0
    7.53084300e+00    1.00000000e+00
1  0
    2.47573200e+00    1.00000000e+00
1  0
    1.01165300e+00    1.00000000e+00
1  0
    4.13416000e-01    1.00000000e+00
1  0
    1.65262000e-01    1.00000000e+00
1  0
    6.60630000e-02    1.00000000e+00
1  0
    2.64090000e-02    1.00000000e+00
1  0
    7.03989053e-03    1.00000000e+00
7  1
    1.10929770e+01    1.37040154e-03
    2.55249700e+00    8.88301839e-03
    7.32211000e-01    3.27820494e-02
    2.43189000e-01    1.14249925e-01
    9.08640000e-02    3.25876228e-01
    3.73700000e-02    4.86831754e-01
    1.60460000e-02    2.10854115e-01
1  1
    3.93793330e+01    1.00000000e+00
1  1
    1.59320960e+01    1.00000000e+00
1  1
    6.44581000e+00    1.00000000e+00
1  1
    2.60784700e+00    1.00000000e+00
1  1
    1.81755200e+00    1.00000000e+00
1  1
    1.05508300e+00    1.00000000e+00
1  1
    6.23050000e-01    1.00000000e+00
1  1
    2.13580000e-01    1.00000000e+00
1  1
    7.32140000e-02    1.00000000e+00
1  1
    6.88986100e-03    1.00000000e+00
1  2
    2.87367100e+01    1.00000000e+00
1  2
    1.14078310e+01    1.00000000e+00
1  2
    4.52865400e+00    1.00000000e+00
1  2
    1.79777400e+00    1.00000000e+00
1  2
    8.72515000e-01    1.00000000e+00
1  2
    4.23458000e-01    1.00000000e+00
1  2
    2.27057000e-01    1.00000000e+00
1  2
    1.21747000e-01    1.00000000e+00
1  2
    6.52800000e-02    1.00000000e+00
1  2
    3.50020000e-02    1.00000000e+00
1  3
    2.09905260e+01    1.00000000e+00
1  3
    7.89227100e+00    1.00000000e+00
1  3
    2.96743100e+00    1.00000000e+00
1  3
    9.45369000e-01    1.00000000e+00
1  3
    3.01177000e-01    1.00000000e+00
1  3
    1.74029000e-01    1.00000000e+00
1  3
    1.00560000e-01    1.00000000e+00
1  3
    5.81070000e-02    1.00000000e+00
1  4
    1.46703050e+01    1.00000000e+00
1  4
    4.97873200e+00    1.00000000e+00
1  4
    1.18256000e+00    1.00000000e+00
1  4
    2.80884000e-01    1.00000000e+00
1  4
    1.42351000e-01    1.00000000e+00
1  4
    7.21429000e-02    1.00000000e+00
1  5
    2.70672023e-01    1.00000000e+00
