19
10  0
    8.25307700e+00   -2.73600000e-03
    5.11561400e+00    1.58960000e-02
    3.17103900e+00   -4.57310000e-02
    1.96561700e+00    7.00950000e-02
    1.21949300e+00   -8.38900000e-03
    6.65904000e-01   -1.34051000e-01
    2.76216000e-01   -5.72930000e-02
    1.08415000e-01    2.46499000e-01
    4.92810000e-02    5.99272000e-01
    2.20770000e-02    2.79970000e-01
1  0
    1.30613000e-01    1.00000000e+00
1  0
    5.55950000e-02    1.00000000e+00
1  0
    2.36640000e-02    1.00000000e+00
1  0
    7.76500000e-03    1.00000000e+00
10  1
    5.82236600e+00   -6.02000000e-04
    3.60984300e+00    3.90500000e-03
    2.23807000e+00   -1.28090000e-02
    1.38758600e+00    1.75380000e-02
    8.60365000e-01    1.33790000e-02
    4.67620000e-01    3.41900000e-02
    1.97486000e-01    1.28977000e-01
    8.04640000e-02    3.39934000e-01
    3.45060000e-02    4.67679000e-01
    1.52010000e-02    1.82758000e-01
1  1
    1.06215000e-01    1.00000000e+00
1  1
    4.45690000e-02    1.00000000e+00
1  1
    1.87020000e-02    1.00000000e+00
1  1
    8.97300000e-03    1.00000000e+00
1  2
    3.50514000e-01    1.00000000e+00
1  2
    1.50755000e-01    1.00000000e+00
1  2
    6.48390000e-02    1.00000000e+00
1  2
    2.81880000e-02    1.00000000e+00
1  3
    2.33157000e-01    1.00000000e+00
1  3
    1.06383000e-01    1.00000000e+00
1  3
    5.45940000e-02    1.00000000e+00
1  4
    2.14351000e-01    1.00000000e+00
1  4
    9.50500000e-02    1.00000000e+00
