19
11  0
    5.98800000e+03    1.33000000e-04
    8.98900000e+02    1.02500000e-03
    2.05900000e+02    5.27200000e-03
    5.92400000e+01    2.09290000e-02
    1.98700000e+01    6.63400000e-02
    7.40600000e+00    1.65775000e-01
    2.93000000e+00    3.15038000e-01
    1.18900000e+00    3.93523000e-01
    4.79800000e-01    1.90870000e-01
    7.50900000e-02    5.41400000e-03
    2.83200000e-02   -1.32800000e-03
11  0
    5.98800000e+03   -2.10000000e-05
    8.98900000e+02   -1.61000000e-04
    2.05900000e+02   -8.20000000e-04
    5.92400000e+01   -3.32600000e-03
    1.98700000e+01   -1.05190000e-02
    7.40600000e+00   -2.80970000e-02
    2.93000000e+00   -5.59360000e-02
    1.18900000e+00   -9.92370000e-02
    4.79800000e-01   -1.12189000e-01
    7.50900000e-02    5.67889000e-01
    2.83200000e-02    5.30382000e-01
1  0
    7.50900000e-02    1.00000000e+00
1  0
    2.83200000e-02    1.00000000e+00
1  0
    1.97400000e+00    1.00000000e+00
1  0
    6.83000000e-01    1.00000000e+00
1  0
    7.60000000e-03    1.00000000e+00
5  1
    3.26600000e+00    8.63000000e-03
    6.51100000e-01    4.75380000e-02
    1.69600000e-01    2.09772000e-01
    5.57800000e-02    5.28522000e-01
    2.05000000e-02    3.82744000e-01
1  1
    5.57800000e-02    1.00000000e+00
1  1
    2.05000000e-02    1.00000000e+00
1  1
    7.32000000e+00    1.00000000e+00
1  1
    1.87500000e+00    1.00000000e+00
1  1
    9.10000000e-03    1.00000000e+00
1  2
    1.87400000e-01    1.00000000e+00
1  2
    8.01000000e-02    1.00000000e+00
1  2
    4.91200000e+00    1.00000000e+00
1  2
    3.71000000e-02    1.00000000e+00
1  3
    1.82900000e-01    1.00000000e+00
1  3
    8.16000000e-02    1.00000000e+00
