39
1  0
    1.15553000e+02    1.00000000e+00
1  0
    2.42286000e+01    1.00000000e+00
1  0
    7.79537000e+00    1.00000000e+00
1  0
    2.89136000e+00    1.00000000e+00
1  0
    1.42394000e+00    1.00000000e+00
1  0
    7.05917000e-01    1.00000000e+00
1  0
    3.80123000e-01    1.00000000e+00
1  0
    2.46901000e-01    1.00000000e+00
1  0
    1.23532000e-01    1.00000000e+00
1  0
    6.42881000e-02    1.00000000e+00
1  1
    2.00939000e+01    1.00000000e+00
1  1
    6.08149000e+00    1.00000000e+00
1  1
    2.34726000e+00    1.00000000e+00
1  1
    1.02995000e+00    1.00000000e+00
1  1
    5.20190000e-01    1.00000000e+00
1  1
    2.23276000e-01    1.00000000e+00
1  1
    1.21261000e-01    1.00000000e+00
1  1
    7.27775000e-02    1.00000000e+00
1  2
    6.96358000e+00    1.00000000e+00
1  2
    2.68153000e+00    1.00000000e+00
1  2
    1.35163000e+00    1.00000000e+00
1  2
    7.71893000e-01    1.00000000e+00
1  2
    3.39644000e-01    1.00000000e+00
1  2
    1.73452000e-01    1.00000000e+00
1  2
    1.01078000e-01    1.00000000e+00
1  3
    3.22949000e+00    1.00000000e+00
1  3
    1.34929000e+00    1.00000000e+00
1  3
    7.64640000e-01    1.00000000e+00
1  3
    4.15519000e-01    1.00000000e+00
1  3
    2.59280000e-01    1.00000000e+00
1  3
    1.56013000e-01    1.00000000e+00
1  4
    1.81964000e+00    1.00000000e+00
1  4
    8.56517000e-01    1.00000000e+00
1  4
    4.34910000e-01    1.00000000e+00
1  4
    1.96188000e-01    1.00000000e+00
1  5
    1.18528000e+00    1.00000000e+00
1  5
    5.98672000e-01    1.00000000e+00
1  5
    4.27119000e-01    1.00000000e+00
1  6
    5.98672000e-01    1.00000000e+00
