29
12  0
    6.60100000e+03    1.17000000e-04
    9.89700000e+02    9.11000000e-04
    2.25700000e+02    4.72800000e-03
    6.42900000e+01    1.91970000e-02
    2.11800000e+01    6.30470000e-02
    7.72400000e+00    1.63208000e-01
    3.00300000e+00    3.14827000e-01
    1.21200000e+00    3.93936000e-01
    4.93000000e-01    1.96918000e-01
    9.51500000e-02    9.99700000e-03
    4.79100000e-02   -5.40200000e-03
    2.22000000e-02    1.70400000e-03
12  0
    6.60100000e+03   -1.80000000e-05
    9.89700000e+02   -1.42000000e-04
    2.25700000e+02   -7.41000000e-04
    6.42900000e+01   -3.02000000e-03
    2.11800000e+01   -1.01230000e-02
    7.72400000e+00   -2.70940000e-02
    3.00300000e+00   -5.73590000e-02
    1.21200000e+00   -9.38950000e-02
    4.93000000e-01   -1.21091000e-01
    9.51500000e-02    2.76608000e-01
    4.79100000e-02    5.49548000e-01
    2.22000000e-02    2.77385000e-01
1  0
    9.51500000e-02    1.00000000e+00
1  0
    4.79100000e-02    1.00000000e+00
1  0
    2.22000000e-02    1.00000000e+00
1  0
    5.61400000e+00    1.00000000e+00
1  0
    1.86000000e+00    1.00000000e+00
1  0
    6.16000000e-01    1.00000000e+00
1  0
    6.36000000e-03    1.00000000e+00
6  1
    6.25000000e+00    3.38800000e-03
    1.37000000e+00    1.93160000e-02
    3.67200000e-01    7.91040000e-02
    1.19200000e-01    2.74095000e-01
    4.47400000e-02    5.19488000e-01
    1.79500000e-02    2.84423000e-01
1  1
    1.19200000e-01    1.00000000e+00
1  1
    4.47400000e-02    1.00000000e+00
1  1
    1.79500000e-02    1.00000000e+00
1  1
    9.78500000e+00    1.00000000e+00
1  1
    2.59300000e+00    1.00000000e+00
1  1
    6.87000000e-01    1.00000000e+00
1  1
    7.56000000e-03    1.00000000e+00
1  2
    3.44000000e-01    1.00000000e+00
1  2
    1.53000000e-01    1.00000000e+00
1  2
    6.80000000e-02    1.00000000e+00
1  2
    1.06020000e+01    1.00000000e+00
1  2
    3.06600000e+00    1.00000000e+00
1  2
    2.66000000e-02    1.00000000e+00
1  3
    2.46000000e-01    1.00000000e+00
1  3
    1.29200000e-01    1.00000000e+00
1  3
    6.68300000e+00    1.00000000e+00
1  3
    5.52000000e-02    1.00000000e+00
1  4
    2.38000000e-01    1.00000000e+00
1  4
    1.05000000e-01    1.00000000e+00
