11
9  0
    1.46900000e+03    7.66000000e-04
    2.20500000e+02    5.89200000e-03
    5.02600000e+01    2.96710000e-02
    1.42400000e+01    1.09180000e-01
    4.58100000e+00    2.82789000e-01
    1.58000000e+00    4.53123000e-01
    5.64000000e-01    2.74774000e-01
    7.34500000e-02    9.75100000e-03
    2.80500000e-02   -3.18000000e-03
9  0
    1.46900000e+03   -1.20000000e-04
    2.20500000e+02   -9.23000000e-04
    5.02600000e+01   -4.68900000e-03
    1.42400000e+01   -1.76820000e-02
    4.58100000e+00   -4.89020000e-02
    1.58000000e+00   -9.60090000e-02
    5.64000000e-01   -1.36380000e-01
    7.34500000e-02    5.75102000e-01
    2.80500000e-02    5.17661000e-01
1  0
    2.80500000e-02    1.00000000e+00
1  0
    9.06000000e-01    1.00000000e+00
1  0
    8.64000000e-03    1.00000000e+00
4  1
    1.53400000e+00    2.27840000e-02
    2.74900000e-01    1.39107000e-01
    7.36200000e-02    5.00375000e-01
    2.40300000e-02    5.08474000e-01
1  1
    2.40300000e-02    1.00000000e+00
1  1
    3.24200000e+00    1.00000000e+00
1  1
    5.79000000e-03    1.00000000e+00
1  2
    1.23900000e-01    1.00000000e+00
1  2
    7.25000000e-02    1.00000000e+00
