23
1  0
    9.80209000e+01    1.00000000e+00
1  0
    2.04906000e+01    1.00000000e+00
1  0
    6.23005000e+00    1.00000000e+00
1  0
    1.97995000e+00    1.00000000e+00
1  0
    8.12480000e-01    1.00000000e+00
1  0
    3.02821000e-01    1.00000000e+00
1  0
    1.32817000e-01    1.00000000e+00
1  0
    6.87151000e-02    1.00000000e+00
1  1
    9.98153000e+00    1.00000000e+00
1  1
    2.74212000e+00    1.00000000e+00
1  1
    9.95132000e-01    1.00000000e+00
1  1
    4.55449000e-01    1.00000000e+00
1  1
    1.90615000e-01    1.00000000e+00
1  1
    8.59203000e-02    1.00000000e+00
1  2
    3.90895000e+00    1.00000000e+00
1  2
    9.50364000e-01    1.00000000e+00
1  2
    2.73703000e-01    1.00000000e+00
1  2
    1.48839000e-01    1.00000000e+00
1  2
    7.46477000e-02    1.00000000e+00
1  3
    9.79494000e-01    1.00000000e+00
1  3
    3.62171000e-01    1.00000000e+00
1  3
    1.82526000e-01    1.00000000e+00
1  4
    3.00000000e-01    1.00000000e+00
