15 
8    0 
  6601.0000000    1.53496336E-04
   989.7000000    1.18991943E-03
   225.7000000    6.16408616E-03
    64.2900000    2.49956644E-02
    21.1800000    8.15086503E-02
     7.7240000    2.08470025E-01
     3.0030000    3.87640541E-01
     1.2120000    4.22099034E-01
6    0 
    64.2900000   -9.04007953E-05
    21.1800000   -1.92958450E-03
     7.7240000   -1.20853326E-02
     3.0030000   -6.39527801E-02
     1.2120000   -2.56490698E-01
     0.4930000   -7.19727544E-01
 1    0 
     0.0951500     1.0000000E+00    
 1    0 
     0.0479100     1.0000000E+00    
 1    0 
     0.0222000     1.0000000E+00    
 3    1 
     6.2500000     3.3880000E-03    
     1.3700000     1.9316000E-02    
     0.3672000     7.9104000E-02    
 1    1 
     0.1192000     1.0000000E+00    
 1    1 
     0.0447400     1.0000000E+00    
 1    1 
     0.0179500     1.0000000E+00    
 1    2 
     0.3440000     1.0000000E+00    
 1    2 
     0.1530000     1.0000000E+00    
 1    2 
     0.0680000     1.0000000E+00    
 1    3 
     0.2460000     1.0000000E+00    
 1    3 
     0.1292000     1.0000000E+00    
 1    4 
     0.2380000     1.0000000E+00    
