13
9  0
    1.48539771e+04    4.27113888e-05
    2.22522365e+03    3.32353108e-04
    5.04887390e+02    1.75184366e-03
    1.42458475e+02    7.34779959e-03
    4.63155996e+01    2.58998377e-02
    1.66553355e+01    7.66706824e-02
    6.43311862e+00    1.82760758e-01
    2.60270439e+00    3.26554340e-01
    1.08972454e+00    3.70004298e-01
2  0
    4.42365960e+00    1.11209879e-01
    1.23563950e+00    7.99873359e-01
1  0
    4.60674706e-01    1.00000000e+00
1  0
    9.66171670e-02    1.00000000e+00
1  0
    4.59154523e-02    1.00000000e+00
1  0
    2.11400487e-02    1.00000000e+00
3  1
    3.26051092e+00    8.65047490e-03
    6.50030431e-01    4.76141237e-02
    1.69416711e-01    2.10011380e-01
1  1
    5.57323438e-02    1.00000000e+00
1  1
    2.04899592e-02    1.00000000e+00
1  1
    3.32700000e+00    1.00000000e+00
1  2
    2.30000000e-01    1.00000000e+00
1  2
    7.57000000e-02    1.00000000e+00
1  3
    1.35000000e-01    1.00000000e+00
