Li nelec 2
Li ul
1 2.31139943 1.00000000
2 1.91381113 -183.29838623
2 2.45037806 -310.12583184
2 2.57595204 189.71752431
2 2.05558822 302.59989618
3 1.38743418 2.31139943
Li s
2 3.01727847 -763.76187310
2 2.21434600 -1258.39134397
2 2.59321188 1560.94700819
2 1.73843383 455.98100516
2 1.46608211 -101.20961516
2 3.68107419 108.34298972
Li p
2 1.69553922 1565.85459337
2 1.89452377 947.87376261
2 2.79957282 133.93461522
2 2.61590526 -224.95358800
2 1.74254264 -2353.15933522
2 1.95071039 -70.10738734
