19
12  0
    8.84669000e+04    1.25450000e-05
    1.32495000e+04    9.75394000e-05
    3.01504000e+03    5.13045000e-04
    8.54032000e+02    2.16538000e-03
    2.78704000e+02    7.86351000e-03
    1.00686000e+02    2.53659000e-02
    3.94087000e+01    7.19619000e-02
    1.64879000e+01    1.81504000e-01
    7.34787000e+00    3.48588000e-01
    3.59135000e+00    5.32900000e-01
    1.95301000e+00    5.00000000e-01
    1.01030000e+00    7.70000000e-01
4  0
    3.77262000e+01    1.02727000e-03
    7.78069000e+00    1.71265000e-02
    1.95505000e+00    1.58407000e-01
    4.81626000e-01    5.00000000e-01
1  0
    2.29140000e-01    1.00000000e+00
1  0
    9.32706000e-02    1.00000000e+00
1  0
    4.17901000e-02    1.00000000e+00
1  0
    1.79044000e-02    1.00000000e+00
3  1
    1.89396000e+02    3.18724000e-03
    2.91379000e+01    6.16883000e-02
    6.77083000e+00    5.00000000e-01
1  1
    1.97116000e+00    1.00000000e+00
1  1
    6.53530000e-01    1.00000000e+00
1  1
    2.58317000e-01    1.00000000e+00
1  1
    1.05819000e-01    1.00000000e+00
1  1
    4.31501000e-02    1.00000000e+00
1  1
    1.65492000e-02    1.00000000e+00
1  2
    1.75000000e+00    1.00000000e+00
1  2
    3.00000000e-01    1.00000000e+00
1  2
    1.10000000e-01    1.00000000e+00
1  3
    5.00000000e-01    1.00000000e+00
1  3
    2.00000000e-01    1.00000000e+00
1  4
    5.50000000e-01    1.00000000e+00
