12
7 0
 11.239972891300  0.054603195700
  5.901000927300  0.270775225600
  2.112884130500  0.325051811600
  0.924220069400  0.336052669000
  0.384340513600  0.147793809000
  0.074579113300  0.004965606000
  0.026612754500 -0.001330225800
7 0
 11.239972891300  0.012112139400
  5.901000927300  0.044294398600
  2.112884130500  0.086460315900
  0.924220069400  0.098255651000
  0.384340513600  0.072437163500
  0.074579113300 -0.560807791500
  0.026612754500 -0.538587566200
1 0
  0.384340513600 1.000000000000
1 0
  0.074579113300 1.000000000000
1 0
  0.026612754500 1.000000000000
1 1
  0.924220069400 1.000000000000
1 1
  0.384340513600 1.000000000000
1 1
  0.074579113300 1.000000000000
1 1
  0.026612754500 1.000000000000
1 2
  0.344000000000  1.000000000000
1 2
  0.153000000000  1.000000000000
1 2
  0.068000000000  1.000000000000

