3
6  0
    1.67175846e+02    9.16359628e-03
    3.06515084e+01    4.93614929e-02
    8.57518748e+00    1.68538305e-01
    2.94580834e+00    3.70562800e-01
    1.14394358e+00    4.16491530e-01
    4.71139139e-01    1.30334084e-01
6  0
    6.59756398e+00   -1.32527881e-02
    1.30583009e+00   -4.69917101e-02
    4.05851019e-01   -3.37853715e-02
    1.56145516e-01    2.50241786e-01
    6.78141039e-02    5.95117253e-01
    3.10841655e-02    2.40706176e-01
6  1
    6.59756398e+00    3.75969660e-03
    1.30583009e+00    3.76793698e-02
    4.05851019e-01    1.73896744e-01
    1.56145516e-01    4.18036435e-01
    6.78141039e-02    4.25859548e-01
    3.10841655e-02    1.01708296e-01
