24
1  0
    5.52301806e+02    1.00000000e+00
1  0
    1.98845664e+02    1.00000000e+00
1  0
    7.53376656e+01    1.00000000e+00
1  0
    2.99459683e+01    1.00000000e+00
1  0
    1.24426338e+01    1.00000000e+00
1  0
    5.38129526e+00    1.00000000e+00
1  0
    2.41073665e+00    1.00000000e+00
1  0
    1.11258851e+00    1.00000000e+00
1  0
    5.25826450e-01    1.00000000e+00
1  0
    2.52858220e-01    1.00000000e+00
1  0
    1.22882840e-01    1.00000000e+00
1  0
    5.99297800e-02    1.00000000e+00
1  1
    1.07024696e+01    1.00000000e+00
1  1
    3.65515430e+00    1.00000000e+00
1  1
    1.24640130e+00    1.00000000e+00
1  1
    4.24628200e-01    1.00000000e+00
1  1
    1.44619200e-01    1.00000000e+00
1  2
    1.15106470e+00    1.00000000e+00
1  2
    6.01911200e-01    1.00000000e+00
1  2
    3.10957300e-01    1.00000000e+00
1  2
    1.60003200e-01    1.00000000e+00
1  3
    5.96791800e-01    1.00000000e+00
1  3
    1.79068700e-01    1.00000000e+00
1  4
    1.04601300e+00    1.00000000e+00
