28
5  0
    9.51697670e+04    2.20000000e-05
    1.54884030e+04    1.45000000e-04
    3.77623350e+03    6.51000000e-04
    1.07905010e+03    2.03800000e-03
    2.68953800e+02    5.12700000e-03
1  0
    6.34679000e+01    1.00000000e+00
1  0
    4.51332000e+01    1.00000000e+00
1  0
    2.14568000e+01    1.00000000e+00
1  0
    5.34830000e+00    1.00000000e+00
1  0
    2.67780000e+00    1.00000000e+00
1  0
    1.02870000e+00    1.00000000e+00
1  0
    4.40800000e-01    1.00000000e+00
1  0
    7.91000000e-02    1.00000000e+00
1  0
    3.13000000e-02    1.00000000e+00
6  1
    1.50053173e+03   -1.01925696e-03
    3.82397489e+02   -5.94762121e-03
    1.32999696e+02   -1.62651609e-02
    4.61100324e+01   -3.56238458e-02
    1.55835290e+01    2.37091711e-01
    5.78566770e+00   -3.06709778e-01
3  1
    1.23337339e+01   -1.53130311e-01
    1.10803314e+01   -2.03006649e-01
    2.03417472e+00   -1.94583613e-01
1  1
    3.78233610e+00    1.00000000e+00
1  1
    1.36825922e+00    1.00000000e+00
1  1
    5.72882056e-01    1.00000000e+00
1  1
    2.27931651e-01    1.00000000e+00
1  1
    8.14039180e-02    1.00000000e+00
1  1
    2.90910718e-02    1.00000000e+00
6  2
    4.84527500e+02    2.28600000e-03
    1.46665500e+02    1.86290000e-02
    5.63779000e+01    7.40880000e-02
    2.36711000e+01    1.61554000e-01
    9.44010000e+00    3.08091000e-01
    4.37120000e+00    4.48334000e-01
1  2
    1.95800000e+00    1.00000000e+00
1  2
    7.27200000e-01    1.00000000e+00
1  2
    2.46000000e-01    1.00000000e+00
1  2
    7.44000000e-02    1.00000000e+00
5  3
    1.75155900e+02    4.10200000e-03
    6.28909000e+01    3.90860000e-02
    2.83624000e+01    1.47044000e-01
    1.32478000e+01    2.71092000e-01
    6.14400000e+00    3.45665000e-01
1  3
    2.76230000e+00    1.00000000e+00
1  3
    1.15740000e+00    1.00000000e+00
1  3
    4.24400000e-01    1.00000000e+00
1  4
    7.00900000e-01    1.00000000e+00
