34
6  0
    1.60368941e+05    1.04970524e-05
    3.47217530e+04    5.21212428e-05
    8.92316920e+03    2.49138764e-04
    2.58189110e+03    9.73558849e-04
    7.51059740e+02    2.84780249e-03
    1.38890390e+02    1.73149636e-02
1  0
    6.69190718e+01    1.00000000e+00
1  0
    4.92732289e+01    1.00000000e+00
1  0
    2.09446841e+01    1.00000000e+00
1  0
    5.42521713e+00    1.00000000e+00
1  0
    2.73359531e+00    1.00000000e+00
1  0
    1.04232696e+00    1.00000000e+00
1  0
    4.51670017e-01    1.00000000e+00
1  0
    8.92696821e-02    1.00000000e+00
1  0
    4.55911974e-02    1.00000000e+00
1  0
    2.17037108e-02    1.00000000e+00
3  1
    2.86321405e+01    3.43747341e-02
    1.38868915e+01   -2.46933845e-01
    7.27951839e+00    8.04519410e-02
9  1
    4.66744988e+03    2.26261000e-04
    1.12618637e+03    1.81533900e-03
    3.61892396e+02    8.52004000e-03
    1.32594015e+02    2.36654370e-02
    4.20766767e+01    8.20054660e-02
    2.94794303e+01   -5.51151220e-02
    1.45723929e+01   -2.52264469e-01
    9.06809609e+00    4.41387962e-01
    4.36815504e+00    6.06613730e-01
1  1
    2.11593957e+00    1.00000000e+00
1  1
    9.40527358e-01    1.00000000e+00
1  1
    4.07925176e-01    1.00000000e+00
1  1
    1.50763559e-01    1.00000000e+00
1  1
    6.70000000e-02    1.00000000e+00
1  1
    3.00000000e-02    1.00000000e+00
6  2
    6.78331338e+02    1.10861080e-03
    2.07666491e+02    9.38258245e-03
    8.25427210e+01    4.08250644e-02
    3.65262016e+01    1.06963302e-01
    1.65516610e+01    1.77299096e-01
    7.27019690e+00    3.69766843e-01
1  2
    3.51965752e+00    1.00000000e+00
1  2
    1.61849069e+00    1.00000000e+00
1  2
    6.09309721e-01    1.00000000e+00
1  2
    2.12530667e-01    1.00000000e+00
1  2
    6.81957655e-02    1.00000000e+00
6  3
    2.56924128e+02    1.54268005e-03
    8.86171381e+01    1.75289150e-02
    3.91976095e+01    8.92930726e-02
    1.89553072e+01    2.04187111e-01
    9.15388348e+00    3.01579029e-01
    4.38752321e+00    3.27949934e-01
1  3
    2.05392182e+00    1.00000000e+00
1  3
    9.34864276e-01    1.00000000e+00
1  3
    4.23078501e-01    1.00000000e+00
1  3
    1.99724231e-01    1.00000000e+00
4  4
    2.83624000e+01    4.79050000e-02
    1.32478000e+01    1.50128000e-01
    6.14400000e+00    3.22911000e-01
    2.76230000e+00    4.44494000e-01
1  4
    1.15740000e+00    1.00000000e+00
1  4
    4.24400000e-01    1.00000000e+00
1  5
    3.80000000e+00    1.00000000e+00
