67
1  0
    5.58493566e+07    1.00000000e+00
1  0
    2.03354804e+07    1.00000000e+00
1  0
    7.62656533e+06    1.00000000e+00
1  0
    2.94582349e+06    1.00000000e+00
1  0
    1.17175715e+06    1.00000000e+00
1  0
    4.79905319e+05    1.00000000e+00
1  0
    2.02337840e+05    1.00000000e+00
1  0
    8.78011298e+04    1.00000000e+00
1  0
    3.92014722e+04    1.00000000e+00
1  0
    1.80028125e+04    1.00000000e+00
1  0
    8.50056288e+03    1.00000000e+00
1  0
    4.12509373e+03    1.00000000e+00
1  0
    2.05628205e+03    1.00000000e+00
1  0
    1.05232846e+03    1.00000000e+00
1  0
    5.52546222e+02    1.00000000e+00
1  0
    2.97463816e+02    1.00000000e+00
1  0
    1.64065433e+02    1.00000000e+00
1  0
    9.26307778e+01    1.00000000e+00
1  0
    5.34877868e+01    1.00000000e+00
1  0
    3.15564601e+01    1.00000000e+00
1  0
    1.90018833e+01    1.00000000e+00
1  0
    1.16650673e+01    1.00000000e+00
1  0
    7.29180530e+00    1.00000000e+00
1  0
    4.63535665e+00    1.00000000e+00
1  0
    2.99256569e+00    1.00000000e+00
1  0
    1.95929273e+00    1.00000000e+00
1  0
    1.29898746e+00    1.00000000e+00
1  0
    8.70742780e-01    1.00000000e+00
1  0
    5.89196710e-01    1.00000000e+00
1  0
    4.01792900e-01    1.00000000e+00
1  0
    2.75666950e-01    1.00000000e+00
1  0
    1.89960410e-01    1.00000000e+00
1  0
    1.31245090e-01    1.00000000e+00
1  0
    9.07578500e-02    1.00000000e+00
1  1
    7.77457920e+00    1.00000000e+00
1  1
    3.52708620e+00    1.00000000e+00
1  1
    1.61545730e+00    1.00000000e+00
1  1
    7.45456900e-01    1.00000000e+00
1  1
    3.45847300e-01    1.00000000e+00
1  1
    1.60973000e-01    1.00000000e+00
1  1
    7.50053000e-02    1.00000000e+00
1  2
    5.51594180e+00    1.00000000e+00
1  2
    2.45533560e+00    1.00000000e+00
1  2
    1.10294500e+00    1.00000000e+00
1  2
    4.98702700e-01    1.00000000e+00
1  2
    2.26383900e-01    1.00000000e+00
1  2
    6.00000000e-02    1.00000000e+00
1  3
    1.43783720e+01    1.00000000e+00
1  3
    4.78444470e+00    1.00000000e+00
1  3
    1.65492820e+00    1.00000000e+00
1  3
    5.89056900e-01    1.00000000e+00
1  3
    2.13387000e-01    1.00000000e+00
1  3
    7.77594000e-02    1.00000000e+00
1  4
    4.55087205e+01    1.00000000e+00
1  4
    1.53340424e+01    1.00000000e+00
1  4
    5.28219860e+00    1.00000000e+00
1  4
    1.84909520e+00    1.00000000e+00
1  4
    6.53657600e-01    1.00000000e+00
1  4
    2.31828100e-01    1.00000000e+00
1  5
    1.83215312e+01    1.00000000e+00
1  5
    3.70778040e+00    1.00000000e+00
1  5
    7.54906600e-01    1.00000000e+00
1  6
    6.35040860e+01    1.00000000e+00
1  6
    1.46588949e+01    1.00000000e+00
1  6
    3.44551730e+00    1.00000000e+00
1  6
    8.18820900e-01    1.00000000e+00
1  6
    1.95312000e-01    1.00000000e+00
