29
13  0
    3.27600000e+05    3.09608000e-05
    4.90500000e+04    2.40954000e-04
    1.11500000e+04    1.26660000e-03
    3.15200000e+03    5.33359000e-03
    1.02500000e+03    1.90770000e-02
    3.68800000e+02    5.88058000e-02
    1.43200000e+02    1.51454000e-01
    5.89600000e+01    3.00716000e-01
    2.54000000e+01    3.81149000e-01
    1.11500000e+01    2.13584000e-01
    4.00400000e+00    2.31210000e-02
    1.70100000e+00   -2.30757000e-03
    7.06000000e-01    1.28900000e-03
13  0
    3.27600000e+05   -7.83173000e-06
    4.90500000e+04   -6.07935000e-05
    1.11500000e+04   -3.21197000e-04
    3.15200000e+03   -1.34955000e-03
    1.02500000e+03   -4.90570000e-03
    3.68800000e+02   -1.53561000e-02
    1.43200000e+02   -4.23409000e-02
    5.89600000e+01   -9.40603000e-02
    2.54000000e+01   -1.63425000e-01
    1.11500000e+01   -1.24754000e-01
    4.00400000e+00    2.35623000e-01
    1.70100000e+00    5.77563000e-01
    7.06000000e-01    3.35232000e-01
13  0
    3.27600000e+05    1.50908000e-06
    4.90500000e+04    1.17134000e-05
    1.11500000e+04    6.18980000e-05
    3.15200000e+03    2.60088000e-04
    1.02500000e+03    9.46218000e-04
    3.68800000e+02    2.96595000e-03
    1.43200000e+02    8.21245000e-03
    5.89600000e+01    1.83977000e-02
    2.54000000e+01    3.26657000e-02
    1.11500000e+01    2.57315000e-02
    4.00400000e+00   -5.35351000e-02
    1.70100000e+00   -1.56895000e-01
    7.06000000e-01   -2.06659000e-01
1  0
    1.41000000e-01    1.00000000e+00
1  0
    6.80800000e-02    1.00000000e+00
1  0
    3.06300000e-02    1.00000000e+00
1  0
    2.32430000e+01    1.00000000e+00
1  0
    9.56100000e+00    1.00000000e+00
1  0
    3.93300000e+00    1.00000000e+00
9  1
    5.39600000e+02    8.33969000e-04
    1.27900000e+02    6.89215000e-03
    4.10200000e+01    3.37874000e-02
    1.52500000e+01    1.14401000e-01
    6.16600000e+00    2.59514000e-01
    2.56100000e+00    3.85095000e-01
    1.06000000e+00    3.35373000e-01
    4.17600000e-01    1.10641000e-01
    2.69000000e-01   -1.21315000e-02
9  1
    5.39600000e+02   -1.32076000e-04
    1.27900000e+02   -1.09538000e-03
    4.10200000e+01   -5.39495000e-03
    1.52500000e+01   -1.85572000e-02
    6.16600000e+00   -4.27375000e-02
    2.56100000e+00   -6.47684000e-02
    1.06000000e+00   -6.27818000e-02
    4.17600000e-01   -2.44912000e-02
    2.69000000e-01    1.04761000e-01
1  1
    1.22300000e-01    1.00000000e+00
1  1
    5.47600000e-02    1.00000000e+00
1  1
    2.38800000e-02    1.00000000e+00
1  1
    3.95360000e+01    1.00000000e+00
1  1
    1.27780000e+01    1.00000000e+00
1  1
    4.13000000e+00    1.00000000e+00
1  2
    1.06000000e-01    1.00000000e+00
1  2
    1.94400000e-01    1.00000000e+00
1  2
    3.57000000e-01    1.00000000e+00
1  2
    1.25330000e+01    1.00000000e+00
1  2
    4.67700000e+00    1.00000000e+00
1  2
    1.74500000e+00    1.00000000e+00
1  3
    1.81000000e-01    1.00000000e+00
1  3
    3.59000000e-01    1.00000000e+00
1  3
    7.87600000e+00    1.00000000e+00
1  3
    2.80500000e+00    1.00000000e+00
1  4
    3.07000000e-01    1.00000000e+00
1  4
    5.39400000e+00    1.00000000e+00
