41
16  0
    2.96800000e+06    1.97177000e-06
    4.44300000e+05    1.53362000e-05
    1.01100000e+05    8.06852000e-05
    2.86400000e+04    3.40771000e-04
    9.34300000e+03    1.24194000e-03
    3.37300000e+03    4.04124000e-03
    1.31600000e+03    1.19797000e-02
    5.45800000e+02    3.24253000e-02
    2.38100000e+02    7.89332000e-02
    1.08200000e+02    1.66575000e-01
    5.08000000e+01    2.82871000e-01
    2.44800000e+01    3.31890000e-01
    1.19300000e+01    2.03287000e-01
    5.54300000e+00    3.82897000e-02
    2.67500000e+00    3.08916000e-04
    1.26300000e+00    1.38907000e-03
16  0
    2.96800000e+06   -4.98160000e-07
    4.44300000e+05   -3.87563000e-06
    1.01100000e+05   -2.03854000e-05
    2.86400000e+04   -8.61659000e-05
    9.34300000e+03   -3.14176000e-04
    3.37300000e+03   -1.02577000e-03
    1.31600000e+03   -3.05816000e-03
    5.45800000e+02   -8.41063000e-03
    2.38100000e+02   -2.11202000e-02
    1.08200000e+02   -4.76882000e-02
    5.08000000e+01   -9.24119000e-02
    2.44800000e+01   -1.42548000e-01
    1.19300000e+01   -1.26168000e-01
    5.54300000e+00    7.15282000e-02
    2.67500000e+00    3.83039000e-01
    1.26300000e+00    4.90133000e-01
16  0
    2.96800000e+06    9.60175000e-08
    4.44300000e+05    7.46164000e-07
    1.01100000e+05    3.93119000e-06
    2.86400000e+04    1.65812000e-05
    9.34300000e+03    6.06257000e-05
    3.37300000e+03    1.97322000e-04
    1.31600000e+03    5.90881000e-04
    5.45800000e+02    1.61904000e-03
    2.38100000e+02    4.09756000e-03
    1.08200000e+02    9.22989000e-03
    5.08000000e+01    1.82168000e-02
    2.44800000e+01    2.82884000e-02
    1.19300000e+01    2.65059000e-02
    5.54300000e+00   -1.72053000e-02
    2.67500000e+00   -8.85917000e-02
    1.26300000e+00   -1.63871000e-01
1  0
    5.88300000e-01    1.00000000e+00
1  0
    1.49600000e-01    1.00000000e+00
1  0
    6.70000000e-02    1.00000000e+00
1  0
    2.95200000e-02    1.00000000e+00
1  0
    1.43960000e+01    1.00000000e+00
1  0
    8.12900000e+00    1.00000000e+00
1  0
    4.59000000e+00    1.00000000e+00
1  0
    2.59200000e+00    1.00000000e+00
10  1
    1.44100000e+03    1.52407000e-04
    3.41400000e+02    1.32764000e-03
    1.10700000e+02    7.21937000e-03
    4.19700000e+01    2.85205000e-02
    1.74900000e+01    8.65346000e-02
    7.75300000e+00    1.94950000e-01
    3.53400000e+00    3.12051000e-01
    1.61400000e+00    3.48476000e-01
    7.29900000e-01    2.18886000e-01
    3.02900000e-01    4.35579000e-02
10  1
    1.44100000e+03   -2.41031000e-05
    3.41400000e+02   -2.10809000e-04
    1.10700000e+02   -1.14530000e-03
    4.19700000e+01   -4.56417000e-03
    1.74900000e+01   -1.39603000e-02
    7.75300000e+00   -3.21105000e-02
    3.53400000e+00   -5.16217000e-02
    1.61400000e+00   -6.13713000e-02
    7.29900000e-01   -4.42465000e-02
    3.02900000e-01    5.23191000e-02
1  1
    1.58300000e-01    1.00000000e+00
1  1
    8.19000000e-02    1.00000000e+00
1  1
    4.12300000e-02    1.00000000e+00
1  1
    1.98800000e-02    1.00000000e+00
1  1
    6.77730000e+01    1.00000000e+00
1  1
    2.48870000e+01    1.00000000e+00
1  1
    9.13900000e+00    1.00000000e+00
1  1
    3.35600000e+00    1.00000000e+00
1  2
    1.10000000e-01    1.00000000e+00
1  2
    2.42000000e-01    1.00000000e+00
1  2
    5.32000000e-01    1.00000000e+00
1  2
    1.17100000e+00    1.00000000e+00
1  2
    2.48230000e+01    1.00000000e+00
1  2
    1.18200000e+01    1.00000000e+00
1  2
    5.62900000e+00    1.00000000e+00
1  2
    2.30300000e+00    1.00000000e+00
1  3
    1.55000000e-01    1.00000000e+00
1  3
    2.64000000e-01    1.00000000e+00
1  3
    4.48000000e-01    1.00000000e+00
1  3
    1.30000000e+01    1.00000000e+00
1  3
    5.47100000e+00    1.00000000e+00
1  3
    2.30300000e+00    1.00000000e+00
1  4
    2.40000000e-01    1.00000000e+00
1  4
    4.44000000e-01    1.00000000e+00
1  4
    9.38900000e+00    1.00000000e+00
1  4
    3.53000000e+00    1.00000000e+00
1  5
    3.75000000e-01    1.00000000e+00
1  5
    6.72100000e+00    1.00000000e+00
