16
1  0
    6.14000000e+03    1.00000000e+00
1  0
    1.22000000e+03    1.00000000e+00
1  0
    3.10000000e+02    1.00000000e+00
1  0
    7.70000000e+01    1.00000000e+00
1  0
    1.90000000e+01    1.00000000e+00
1  0
    8.00000000e-02    1.00000000e+00
1  1
    8.00000000e-02    1.00000000e+00
1  0
    6.00000000e+00    1.00000000e+00
1  1
    6.00000000e+00    1.00000000e+00
1  0
    1.20000000e+00    1.00000000e+00
1  1
    1.20000000e+00    1.00000000e+00
1  0
    3.00000000e-01    1.00000000e+00
1  1
    3.00000000e-01    1.00000000e+00
1  2
    6.00000000e+00    1.00000000e+00
1  2
    1.20000000e+00    1.00000000e+00
1  2
    3.00000000e-01    1.00000000e+00
