19
10  0
    6.05967788e+05    1.44301766e-05
    9.05690947e+04    1.12498718e-04
    2.05742528e+04    5.92649725e-04
    5.81862849e+03    2.49887704e-03
    1.89562961e+03    9.02307751e-03
    6.83459410e+02    2.85799198e-02
    2.66182198e+02    7.90644539e-02
    1.10112200e+02    1.82693378e-01
    4.77770412e+01    3.21571940e-01
    2.15421661e+01    3.50282594e-01
3  0
    1.74121364e+02    2.29311113e-02
    5.34849725e+01    1.91517776e-01
    2.05002133e+01    6.11557111e-01
1  0
    9.80568269e+00    1.00000000e+00
1  0
    3.54029893e+00    1.00000000e+00
1  0
    1.54508500e+00    1.00000000e+00
1  0
    6.65401954e-01    1.00000000e+00
1  0
    1.43554391e-01    1.00000000e+00
1  0
    6.66246735e-02    1.00000000e+00
1  0
    2.97726483e-02    1.00000000e+00
8  1
    8.93204608e+02    3.49582674e-04
    2.11782583e+02    2.98118901e-03
    6.84432005e+01    1.55178458e-02
    2.57272653e+01    5.75786596e-02
    1.06066343e+01    1.56103079e-01
    4.59341265e+00    2.92309126e-01
    2.01004698e+00    3.72190241e-01
    8.73848415e-01    2.75780889e-01
1  1
    3.56150767e-01    1.00000000e+00
1  1
    1.89959544e-01    1.00000000e+00
1  1
    7.45801357e-02    1.00000000e+00
1  1
    2.92216413e-02    1.00000000e+00
1  2
    3.81000000e+00    1.00000000e+00
1  2
    6.50000000e-01    1.00000000e+00
1  2
    2.00000000e-01    1.00000000e+00
1  2
    5.20000000e-02    1.00000000e+00
1  3
    1.60000000e-01    1.00000000e+00
