12
8  0
    6.96037000e+04    2.49938000e-04
    1.04340000e+04    1.93826000e-03
    2.37475000e+03    1.00873000e-02
    6.72334000e+02    4.10647000e-02
    2.18958000e+02    1.33776000e-01
    7.86250000e+01    3.23983000e-01
    3.02141000e+01    5.00000000e-01
    1.17909000e+01    3.21048000e-01
3  0
    6.50711000e+01   -3.03312000e-02
    1.94626000e+01   -1.36074000e-01
    3.12938000e+00    5.00000000e-01
2  0
    1.37154000e+00    5.00000000e-01
    5.93539000e-01    2.51494000e-01
1  0
    1.15034000e-01    1.00000000e+00
1  0
    4.03001000e-02    1.00000000e+00
5  1
    2.00791000e+03    2.48588000e-04
    3.08909000e+02    4.84295000e-03
    7.28662000e+01    3.96686000e-02
    2.34913000e+01    1.72313000e-01
    8.56264000e+00    5.00000000e-01
1  1
    3.30686000e+00    1.00000000e+00
1  1
    1.26930000e+00    1.00000000e+00
1  1
    4.61127000e-01    1.00000000e+00
1  1
    1.77000000e-01    1.00000000e+00
1  1
    5.70000000e-02    1.00000000e+00
1  2
    3.00000000e-01    1.00000000e+00
