8
7  0
    2.64576000e+04    7.83649000e-04
    3.96929000e+03    6.04998000e-03
    9.03446000e+02    3.08916000e-02
    2.55556000e+02    1.17807000e-01
    8.27415000e+01    3.22294000e-01
    2.93478000e+01    5.00000000e-01
    1.08238000e+01    2.82422000e-01
3  0
    2.51406000e+01   -7.86240000e-02
    2.49250000e+00    5.18640000e-01
    8.44000000e-01    5.00000000e-01
1  0
    9.99808000e-02    1.00000000e+00
1  0
    3.59920000e-02    1.00000000e+00
5  1
    1.15553000e+03    3.94937000e-04
    1.77774000e+02    7.42446000e-03
    4.14783000e+01    5.78578000e-02
    1.28188000e+01    2.25242000e-01
    4.51684000e+00    5.00000000e-01
1  1
    1.61289000e+00    1.00000000e+00
1  1
    5.45656000e-01    1.00000000e+00
1  1
    1.35000000e-01    1.00000000e+00
