17
11  0
    5.38259000e+05    2.45171000e-05
    8.05844000e+04    1.90712000e-04
    1.83370000e+04    1.00214000e-03
    5.19433000e+03    4.21655000e-03
    1.69476000e+03    1.51856000e-02
    6.11505000e+02    4.79832000e-02
    2.38275000e+02    1.31144000e-01
    9.81804000e+01    2.98073000e-01
    4.22541000e+01    5.02336000e-01
    1.87245000e+01    5.00000000e-01
    8.30456000e+00    1.89152000e-01
5  0
    1.49806000e+02   -5.41681000e-03
    4.68043000e+01   -4.11145000e-02
    1.74271000e+01   -1.16283000e-01
    3.33187000e+00    3.89056000e-01
    1.37463000e+00    5.00000000e-01
2  0
    1.74095000e+00    2.68043000e-01
    6.24536000e-01    5.00000000e-01
1  0
    1.75615000e-01    1.00000000e+00
1  0
    7.70183000e-02    1.00000000e+00
1  0
    3.12628000e-02    1.00000000e+00
6  1
    9.85133000e+03    3.98260000e-05
    1.51559000e+03    8.06925000e-04
    3.59697000e+02    7.31656000e-03
    1.16778000e+02    3.98442000e-02
    4.36050000e+01    1.69656000e-01
    1.79485000e+01    5.00000000e-01
1  1
    7.94618000e+00    1.00000000e+00
1  1
    3.60728000e+00    1.00000000e+00
1  1
    1.64510000e+00    1.00000000e+00
1  1
    7.41391000e-01    1.00000000e+00
1  1
    3.16719000e-01    1.00000000e+00
1  1
    1.49000000e-01    1.00000000e+00
1  1
    5.50000000e-02    1.00000000e+00
1  2
    1.20000000e+00    1.00000000e+00
1  2
    2.50000000e-01    1.00000000e+00
1  3
    3.30000000e-01    1.00000000e+00
