6
5  0
    4.93788000e+03    5.88250000e-03
    7.43048000e+02    4.39409000e-02
    1.68817000e+02    1.96125000e-01
    4.69828000e+01    5.00000000e-01
    1.45627000e+01    4.42642000e-01
2  0
    2.10737000e+00    5.00000000e-01
    7.09072000e-01    3.22304000e-01
1  0
    1.01738000e-01    1.00000000e+00
1  0
    3.77840000e-02    1.00000000e+00
5  1
    3.22425000e+02    3.00073000e-03
    4.96039000e+01    4.82979000e-02
    1.11546000e+01    2.71054000e-01
    3.13780000e+00    5.93673000e-01
    8.62606000e-01    5.00000000e-01
1  1
    1.60000000e-01    1.00000000e+00
