23
14  0
    3.68901000e+06    2.26101000e-06
    5.51274000e+05    1.76931000e-05
    1.24720000e+05    9.38399000e-05
    3.51973000e+04    3.97641000e-04
    1.14689000e+04    1.44898000e-03
    4.14218000e+03    4.71921000e-03
    1.61749000e+03    1.40154000e-02
    6.72134000e+02    3.81692000e-02
    2.93772000e+02    9.44709000e-02
    1.33336000e+02    2.06035000e-01
    6.25579000e+01    3.72727000e-01
    2.99620000e+01    5.00000000e-01
    1.44193000e+01    3.88575000e-01
    6.91028000e+00    1.09201000e-01
5  0
    1.48908000e+02   -5.95860000e-03
    4.65525000e+01   -4.50480000e-02
    1.73493000e+01   -1.26530000e-01
    3.41836000e+00    3.84595000e-01
    1.48605000e+00    5.00000000e-01
2  0
    1.90567000e+00    2.23489000e-01
    7.38987000e-01    5.00000000e-01
1  0
    3.21000000e-01    1.00000000e+00
1  0
    1.46716000e-01    1.00000000e+00
1  0
    6.36243000e-02    1.00000000e+00
1  0
    2.70158000e-02    1.00000000e+00
7  1
    2.77388000e+04    1.02351000e-05
    4.26751000e+03    2.07623000e-04
    1.01507000e+03    1.91257000e-03
    3.30816000e+02    1.09199000e-02
    1.25804000e+02    4.93124000e-02
    5.16334000e+01    1.86448000e-01
    2.34596000e+01    5.00000000e-01
1  1
    1.11649000e+01    1.00000000e+00
1  1
    5.46781000e+00    1.00000000e+00
1  1
    2.66860000e+00    1.00000000e+00
1  1
    1.27921000e+00    1.00000000e+00
1  1
    6.04098000e-01    1.00000000e+00
1  1
    2.73645000e-01    1.00000000e+00
1  1
    1.22500000e-01    1.00000000e+00
1  1
    5.57000000e-02    1.00000000e+00
1  1
    2.53000000e-02    1.00000000e+00
1  2
    3.36000000e+00    1.00000000e+00
1  2
    8.00000000e-01    1.00000000e+00
1  2
    2.00000000e-01    1.00000000e+00
1  3
    1.35000000e+00    1.00000000e+00
1  3
    3.00000000e-01    1.00000000e+00
1  4
    3.50000000e-01    1.00000000e+00
