10
5  0
    5.80883498e+04    2.92179698e-04
    8.70811810e+03    2.26442367e-03
    1.98162242e+03    1.17560399e-02
    5.60439860e+02    4.75699432e-02
    1.81729761e+02    1.53080479e-01
1  0
    6.46033357e+01    1.00000000e+00
2  0
    2.47421447e+01    3.98835606e-01
    1.00246647e+01    1.81888152e-01
1  0
    2.69474413e+00    1.00000000e+00
1  0
    9.11452519e-01    1.00000000e+00
1  0
    1.06896730e-01    1.00000000e+00
1  0
    4.00916171e-02    1.00000000e+00
5  1
    1.79833727e+02    5.38197692e-03
    4.21130967e+01    3.93257518e-02
    1.31173538e+01    1.57490441e-01
    4.62294354e+00    3.59405608e-01
    1.66857858e+00    4.55162300e-01
1  1
    5.85477972e-01    1.00000000e+00
1  1
    1.89147962e-01    1.00000000e+00
