40
27  0
    1.37766000e+08    8.84297500e-08
    2.45640000e+07    5.90561500e-07
    5.47999000e+06    3.42133000e-06
    1.46664000e+06    1.56603600e-05
    4.54421000e+05    6.06384600e-05
    1.58216000e+05    2.05366300e-04
    6.04043000e+04    6.27818000e-04
    2.47936000e+04    1.77153400e-03
    1.07723000e+04    4.68768200e-03
    4.89554000e+03    1.17234100e-02
    2.30656000e+03    2.76912100e-02
    1.11956000e+03    6.09646500e-02
    5.57381000e+02    1.21398500e-01
    2.83778000e+02    2.06723600e-01
    1.47436000e+02    2.71655200e-01
    7.80227000e+01    2.29626200e-01
    4.19679000e+01    9.99353100e-02
    2.28778000e+01    4.33567800e-02
    1.25845000e+01    7.09763700e-02
    6.94170000e+00    6.19577100e-02
    3.80629000e+00    1.87869300e-02
    2.05031000e+00    1.45571100e-03
    1.06838000e+00   -5.04561300e-05
    5.36606000e-01   -8.38083700e-05
    1.83260000e-01   -9.77633800e-07
    1.05297000e-01    9.77951600e-06
    5.14640000e-02    1.14602600e-05
27  0
    1.37766000e+08   -4.21870600e-08
    2.45640000e+07   -2.81738800e-07
    5.47999000e+06   -1.63222300e-06
    1.46664000e+06   -7.47131100e-06
    4.54421000e+05   -2.89318100e-05
    1.58216000e+05   -9.80040700e-05
    6.04043000e+04   -2.99754800e-04
    2.47936000e+04   -8.46812100e-04
    1.07723000e+04   -2.24652300e-03
    4.89554000e+03   -5.64900800e-03
    2.30656000e+03   -1.34932900e-02
    1.11956000e+03   -3.03765100e-02
    5.57381000e+02   -6.31716800e-02
    2.83778000e+02   -1.16958600e-01
    1.47436000e+02   -1.80491700e-01
    7.80227000e+01   -1.99956900e-01
    4.19679000e+01   -9.13564900e-02
    2.28778000e+01    1.70522400e-01
    1.25845000e+01    4.56298400e-01
    6.94170000e+00    4.05813400e-01
    3.80629000e+00    1.22820500e-01
    2.05031000e+00    9.02045800e-03
    1.06838000e+00   -1.82543600e-03
    5.36606000e-01   -1.09326200e-03
    1.83260000e-01   -8.29861900e-05
    1.05297000e-01    1.05317200e-04
    5.14640000e-02    5.62566800e-05
27  0
    1.37766000e+08    1.01545700e-08
    2.45640000e+07    6.78294500e-08
    5.47999000e+06    3.92861400e-07
    1.46664000e+06    1.79887100e-06
    4.54421000e+05    6.96357700e-06
    1.58216000e+05    2.36027500e-05
    6.04043000e+04    7.21724800e-05
    2.47936000e+04    2.04183500e-04
    1.07723000e+04    5.42118300e-04
    4.89554000e+03    1.36924100e-03
    2.30656000e+03    3.29000500e-03
    1.11956000e+03    7.51881200e-03
    5.57381000e+02    1.60211600e-02
    2.83778000e+02    3.11318900e-02
    1.47436000e+02    5.18793100e-02
    7.80227000e+01    6.45544000e-02
    4.19679000e+01    3.10945300e-02
    2.28778000e+01   -8.13439700e-02
    1.25845000e+01   -2.83084700e-01
    6.94170000e+00   -3.68328200e-01
    3.80629000e+00   -5.59902300e-02
    2.05031000e+00    4.28550900e-01
    1.06838000e+00    5.81962300e-01
    5.36606000e-01    2.49608000e-01
    1.83260000e-01    1.72802200e-02
    1.05297000e-01   -4.79503100e-03
    5.14640000e-02    3.44043300e-03
26  0
    2.45640000e+07   -1.50076700e-08
    5.47999000e+06   -8.69163300e-08
    1.46664000e+06   -3.98017100e-07
    4.54421000e+05   -1.54058600e-06
    1.58216000e+05   -5.22248200e-06
    6.04043000e+04   -1.59667100e-05
    2.47936000e+04   -4.51813500e-05
    1.07723000e+04   -1.19933600e-04
    4.89554000e+03   -3.03024700e-04
    2.30656000e+03   -7.27969500e-04
    1.11956000e+03   -1.66473900e-03
    5.57381000e+02   -3.54763100e-03
    2.83778000e+02   -6.90479000e-03
    1.47436000e+02   -1.15234200e-02
    7.80227000e+01   -1.44138100e-02
    4.19679000e+01   -6.96178300e-03
    2.28778000e+01    1.83892900e-02
    1.25845000e+01    6.65831000e-02
    6.94170000e+00    9.02675400e-02
    3.80629000e+00    1.11406200e-02
    2.05031000e+00   -1.23277900e-01
    1.06838000e+00   -2.09459200e-01
    5.36606000e-01   -1.92512900e-01
    1.83260000e-01    7.52431000e-02
    1.05297000e-01    4.09645700e-01
    5.14640000e-02    5.13888100e-01
26  0
    2.45640000e+07   -3.00340600e-08
    5.47999000e+06   -1.75830900e-07
    1.46664000e+06   -7.94798600e-07
    4.54421000e+05   -3.12560900e-06
    1.58216000e+05   -1.03902500e-05
    6.04043000e+04   -3.25363900e-05
    2.47936000e+04   -8.94343400e-05
    1.07723000e+04   -2.45716400e-04
    4.89554000e+03   -5.96419700e-04
    2.30656000e+03   -1.50046100e-03
    1.11956000e+03   -3.25520900e-03
    5.57381000e+02   -7.37962300e-03
    2.83778000e+02   -1.33323900e-02
    1.47436000e+02   -2.46173500e-02
    7.80227000e+01   -2.60786100e-02
    4.19679000e+01   -2.08882600e-02
    2.28778000e+01    5.12310700e-02
    1.25845000e+01    1.13029500e-01
    6.94170000e+00    2.46677100e-01
    3.80629000e+00   -6.50854600e-02
    2.05031000e+00   -2.32440300e-01
    1.06838000e+00   -7.88468600e-01
    5.36606000e-01    2.57125000e-01
    1.83260000e-01    1.47350000e+00
    1.05297000e-01   -1.64199700e-02
    5.14640000e-02   -6.17679400e-01
26  0
    2.45640000e+07   -4.72006800e-08
    5.47999000e+06   -2.77423800e-07
    1.46664000e+06   -1.24808300e-06
    4.54421000e+05   -4.93671100e-06
    1.58216000e+05   -1.62937100e-05
    6.04043000e+04   -5.14711500e-05
    2.47936000e+04   -1.39987200e-04
    1.07723000e+04   -3.89488200e-04
    4.89554000e+03   -9.31670100e-04
    2.30656000e+03   -2.38412600e-03
    1.11956000e+03   -5.07525100e-03
    5.57381000e+02   -1.17753300e-02
    2.83778000e+02   -2.07316800e-02
    1.47436000e+02   -3.97804100e-02
    7.80227000e+01   -3.98361000e-02
    4.19679000e+01   -3.72321900e-02
    2.28778000e+01    9.00645400e-02
    1.25845000e+01    1.83397900e-01
    6.94170000e+00    4.67647700e-01
    3.80629000e+00   -2.12828300e-01
    2.05031000e+00   -7.68032400e-01
    1.06838000e+00   -1.24961700e+00
    5.36606000e-01    2.41279700e+00
    1.83260000e-01    7.22779500e-01
    1.05297000e-01   -2.52184300e+00
    5.14640000e-02    3.30250300e-01
26  0
    2.45640000e+07    6.11075000e-08
    5.47999000e+06    3.44103300e-07
    1.46664000e+06    1.62958000e-06
    4.54421000e+05    6.05256300e-06
    1.58216000e+05    2.15821300e-05
    6.04043000e+04    6.19957800e-05
    2.47936000e+04    1.89093100e-04
    1.07723000e+04    4.59040600e-04
    4.89554000e+03    1.28660100e-03
    2.30656000e+03    2.74442900e-03
    1.11956000e+03    7.19722500e-03
    5.57381000e+02    1.31114900e-02
    2.83778000e+02    3.10396200e-02
    1.47436000e+02    4.02860800e-02
    7.80227000e+01    7.61199600e-02
    4.19679000e+01   -3.92903900e-03
    2.28778000e+01   -8.21230800e-03
    1.25845000e+01   -5.08201900e-01
    6.94170000e+00   -3.34345200e-01
    3.80629000e+00    8.96944100e-02
    2.05031000e+00    2.78847200e+00
    1.06838000e+00   -2.23870700e+00
    5.36606000e-01   -1.62151400e+00
    1.83260000e-01    5.05022600e+00
    1.05297000e-01   -3.45804000e+00
    5.14640000e-02   -1.28506800e+00
27  0
    1.37766000e+08   -1.06638100e-08
    2.45640000e+07   -7.31602700e-08
    5.47999000e+06   -4.09566900e-07
    1.46664000e+06   -1.95297300e-06
    4.54421000e+05   -7.19258700e-06
    1.58216000e+05   -2.59134600e-05
    6.04043000e+04   -7.34907000e-05
    2.47936000e+04   -2.27623500e-04
    1.07723000e+04   -5.42526800e-04
    4.89554000e+03   -1.55347300e-03
    2.30656000e+03   -3.23532100e-03
    1.11956000e+03   -8.72868800e-03
    5.57381000e+02   -1.54334900e-02
    2.83778000e+02   -3.80399100e-02
    1.47436000e+02   -4.71939400e-02
    7.80227000e+01   -9.65459300e-02
    4.19679000e+01    1.10205300e-02
    2.28778000e+01    2.26864300e-03
    1.25845000e+01    7.23571400e-01
    6.94170000e+00    6.28426200e-01
    3.80629000e+00   -1.38687300e+00
    2.05031000e+00   -3.61823000e+00
    1.06838000e+00    8.74722400e+00
    5.36606000e-01   -6.94469300e+00
    1.83260000e-01    1.92040400e+00
    1.05297000e-01    2.76732400e+00
    5.14640000e-02   -4.80341800e+00
1  0
    2.46780000e-02    1.00000000e+00
1  0
    1.18300000e-02    1.00000000e+00
19  1
    7.92968000e+04    3.00000000e-06
    1.93171000e+04    2.30000000e-05
    6.11410000e+03    1.40000000e-04
    2.31626000e+03    6.49000000e-04
    9.89690000e+02    2.49000000e-03
    4.57942000e+02    8.27800000e-03
    2.23642000e+02    2.42560000e-02
    1.13594000e+02    6.22630000e-02
    5.95621000e+01    1.34425000e-01
    3.21072000e+01    2.30546000e-01
    1.77103000e+01    3.02802000e-01
    9.90621000e+00    2.70929000e-01
    5.52243000e+00    1.31124000e-01
    3.00832000e+00    2.38760000e-02
    1.59873000e+00   -1.33300000e-03
    8.30868000e-01   -2.20100000e-03
    4.13538000e-01   -8.92000000e-04
    1.71108000e-01   -5.80000000e-05
    7.21660000e-02   -6.00000000e-06
19  1
    7.92968000e+04   -1.00000000e-06
    1.93171000e+04   -8.00000000e-06
    6.11410000e+03   -4.90000000e-05
    2.31626000e+03   -2.26000000e-04
    9.89690000e+02   -8.67000000e-04
    4.57942000e+02   -2.89900000e-03
    2.23642000e+02   -8.58800000e-03
    1.13594000e+02   -2.24810000e-02
    5.95621000e+01   -5.00630000e-02
    3.21072000e+01   -8.90050000e-02
    1.77103000e+01   -1.23156000e-01
    9.90621000e+00   -1.08133000e-01
    5.52243000e+00    3.30910000e-02
    3.00832000e+00    2.64916000e-01
    1.59873000e+00    4.03483000e-01
    8.30868000e-01    3.24854000e-01
    4.13538000e-01    1.17430000e-01
    1.71108000e-01    1.01160000e-02
    7.21660000e-02    1.39000000e-04
18  1
    1.93171000e+04   -2.00000000e-06
    6.11410000e+03   -1.10000000e-05
    2.31626000e+03   -5.20000000e-05
    9.89690000e+02   -2.01000000e-04
    4.57942000e+02   -6.64000000e-04
    2.23642000e+02   -1.98900000e-03
    1.13594000e+02   -5.16300000e-03
    5.95621000e+01   -1.16530000e-02
    3.21072000e+01   -2.04990000e-02
    1.77103000e+01   -2.91510000e-02
    9.90621000e+00   -2.46150000e-02
    5.52243000e+00    9.71500000e-03
    3.00832000e+00    7.54410000e-02
    1.59873000e+00    1.13204000e-01
    8.30868000e-01    1.11776000e-01
    4.13538000e-01   -4.40690000e-02
    1.71108000e-01   -3.66324000e-01
    7.21660000e-02   -5.21750000e-01
18  1
    1.93171000e+04    2.00000000e-06
    6.11410000e+03    1.50000000e-05
    2.31626000e+03    6.90000000e-05
    9.89690000e+02    2.68000000e-04
    4.57942000e+02    8.87000000e-04
    2.23642000e+02    2.65100000e-03
    1.13594000e+02    6.88700000e-03
    5.95621000e+01    1.55180000e-02
    3.21072000e+01    2.73590000e-02
    1.77103000e+01    3.88620000e-02
    9.90621000e+00    3.31240000e-02
    5.52243000e+00   -1.23220000e-02
    3.00832000e+00   -9.93820000e-02
    1.59873000e+00   -1.52107000e-01
    8.30868000e-01   -1.56431000e-01
    4.13538000e-01    6.50050000e-02
    1.71108000e-01    6.06020000e-01
    7.21660000e-02    4.36603000e-01
19  1
    7.92968000e+04    1.00000000e-06
    1.93171000e+04    5.00000000e-06
    6.11410000e+03    3.40000000e-05
    2.31626000e+03    1.43000000e-04
    9.89690000e+02    5.98000000e-04
    4.57942000e+02    1.83600000e-03
    2.23642000e+02    5.92600000e-03
    1.13594000e+02    1.42470000e-02
    5.95621000e+01    3.49660000e-02
    3.21072000e+01    5.55390000e-02
    1.77103000e+01    9.32280000e-02
    9.90621000e+00    6.37480000e-02
    5.52243000e+00   -4.82000000e-03
    3.00832000e+00   -3.31396000e-01
    1.59873000e+00   -4.08608000e-01
    8.30868000e-01   -1.20632000e-01
    4.13538000e-01    1.21305300e+00
    1.71108000e-01    8.34220000e-02
    7.21660000e-02   -7.98457000e-01
19  1
    7.92968000e+04    1.00000000e-06
    1.93171000e+04    8.00000000e-06
    6.11410000e+03    3.80000000e-05
    2.31626000e+03    2.18000000e-04
    9.89690000e+02    6.87000000e-04
    4.57942000e+02    2.80500000e-03
    2.23642000e+02    6.81900000e-03
    1.13594000e+02    2.19170000e-02
    5.95621000e+01    3.91730000e-02
    3.21072000e+01    9.16730000e-02
    1.77103000e+01    8.89890000e-02
    9.90621000e+00    1.93843000e-01
    5.52243000e+00   -1.67091000e-01
    3.00832000e+00   -6.03008000e-01
    1.59873000e+00   -7.46980000e-01
    8.30868000e-01    1.98646500e+00
    4.13538000e-01   -2.64037000e-01
    1.71108000e-01   -1.52782000e+00
    7.21660000e-02    1.11027700e+00
19  1
    7.92968000e+04   -1.00000000e-06
    1.93171000e+04   -9.00000000e-06
    6.11410000e+03   -6.10000000e-05
    2.31626000e+03   -2.58000000e-04
    9.89690000e+02   -1.09000000e-03
    4.57942000e+02   -3.33600000e-03
    2.23642000e+02   -1.08790000e-02
    1.13594000e+02   -2.62170000e-02
    5.95621000e+01   -6.51420000e-02
    3.21072000e+01   -1.03659000e-01
    1.77103000e+01   -1.79815000e-01
    9.90621000e+00   -2.37212000e-01
    5.52243000e+00    4.28933000e-01
    3.00832000e+00    1.71594500e+00
    1.59873000e+00   -2.18894300e+00
    8.30868000e-01   -7.88607000e-01
    4.13538000e-01    2.90455000e+00
    1.71108000e-01   -2.49753800e+00
    7.21660000e-02    9.96916000e-01
1  1
    3.01650000e-02    1.00000000e+00
1  1
    1.26100000e-02    1.00000000e+00
11  2
    4.35100000e+02    1.64000000e-04
    1.30982000e+02    1.52200000e-03
    5.08816000e+01    8.27300000e-03
    2.23008000e+01    3.00090000e-02
    1.03552000e+01    8.25800000e-02
    5.01521000e+00    1.73577000e-01
    2.46793000e+00    2.62651000e-01
    1.20369000e+00    2.98479000e-01
    5.74152000e-01    2.65681000e-01
    2.64114000e-01    1.80283000e-01
    1.15128000e-01    7.66130000e-02
11  2
    4.35100000e+02   -1.67000000e-04
    1.30982000e+02   -1.55200000e-03
    5.08816000e+01   -8.46500000e-03
    2.23008000e+01   -3.08790000e-02
    1.03552000e+01   -8.69740000e-02
    5.01521000e+00   -1.83899000e-01
    2.46793000e+00   -2.52334000e-01
    1.20369000e+00   -1.70524000e-01
    5.74152000e-01    1.22633000e-01
    2.64114000e-01    4.21657000e-01
    1.15128000e-01    4.06948000e-01
11  2
    4.35100000e+02   -2.64000000e-04
    1.30982000e+02   -2.46500000e-03
    5.08816000e+01   -1.35790000e-02
    2.23008000e+01   -5.01340000e-02
    1.03552000e+01   -1.47057000e-01
    5.01521000e+00   -3.00568000e-01
    2.46793000e+00   -2.74734000e-01
    1.20369000e+00    1.99537000e-01
    5.74152000e-01    6.30424000e-01
    2.64114000e-01    9.36480000e-02
    1.15128000e-01   -5.78032000e-01
11  2
    4.35100000e+02   -3.35000000e-04
    1.30982000e+02   -3.11700000e-03
    5.08816000e+01   -1.73510000e-02
    2.23008000e+01   -6.44280000e-02
    1.03552000e+01   -2.03197000e-01
    5.01521000e+00   -4.12263000e-01
    2.46793000e+00   -1.04480000e-02
    1.20369000e+00    9.38306000e-01
    5.74152000e-01   -1.06718000e-01
    2.64114000e-01   -9.81534000e-01
    1.15128000e-01    4.63715000e-01
11  2
    4.35100000e+02    4.28000000e-04
    1.30982000e+02    4.06500000e-03
    5.08816000e+01    2.24800000e-02
    2.23008000e+01    8.81960000e-02
    1.03552000e+01    3.01523000e-01
    5.01521000e+00    4.54876000e-01
    2.46793000e+00   -8.56274000e-01
    1.20369000e+00   -4.85447000e-01
    5.74152000e-01    1.60970400e+00
    2.64114000e-01   -1.00020500e+00
    1.15128000e-01   -3.45156000e-01
1  2
    4.60820000e-02    1.00000000e+00
1  2
    1.84500000e-02    1.00000000e+00
1  3
    6.56010000e+00    1.00000000e+00
1  3
    2.24900000e+00    1.00000000e+00
1  3
    7.71000000e-01    1.00000000e+00
1  3
    2.64300000e-01    1.00000000e+00
1  3
    8.75300000e-02    1.00000000e+00
1  4
    4.93720000e+00    1.00000000e+00
1  4
    1.63300000e+00    1.00000000e+00
1  4
    5.40100000e-01    1.00000000e+00
1  4
    1.92530000e-01    1.00000000e+00
1  5
    3.58890000e+00    1.00000000e+00
1  5
    1.07930000e+00    1.00000000e+00
1  5
    4.17870000e-01    1.00000000e+00
1  6
    2.60520000e+00    1.00000000e+00
1  6
    1.11221000e+00    1.00000000e+00
