22
12  0
    4.11909471e+01    1.24000000e-02
    2.19450315e+01   -1.41461000e-01
    1.28908151e+01    6.69584000e-01
    8.14876869e+00   -1.01543100e+00
    3.94904809e+00    1.49151000e-01
    1.91298055e+00    3.50677000e-01
    1.10736282e+00    6.27006000e-01
    4.79326600e-01    2.35349000e-01
    2.26752930e-01   -2.42140000e-02
    1.06396520e-01    1.73570000e-02
    5.00049400e-02   -5.27200000e-03
    2.34982000e-02    2.18100000e-03
12  0
    4.11909471e+01   -2.03600000e-03
    2.19450315e+01    2.70900000e-02
    1.28908151e+01   -1.42056000e-01
    8.14876869e+00    2.29945000e-01
    3.94904809e+00   -3.55380000e-02
    1.91298055e+00   -8.53360000e-02
    1.10736282e+00   -2.43550000e-01
    4.79326600e-01   -2.01798000e-01
    2.26752930e-01    9.87610000e-02
    1.06396520e-01    4.39512000e-01
    5.00049400e-02    5.24416000e-01
    2.34982000e-02    1.31920000e-01
12  0
    4.11909471e+01   -4.64600000e-03
    2.19450315e+01    9.05000000e-02
    1.28908151e+01   -5.85022000e-01
    8.14876869e+00    1.11186700e+00
    3.94904809e+00   -3.63063000e-01
    1.91298055e+00   -1.33458000e+00
    1.10736282e+00    1.22790000e-01
    4.79326600e-01    7.08339000e-01
    2.26752930e-01    7.60146000e-01
    1.06396520e-01    3.53040000e-02
    5.00049400e-02   -5.76692000e-01
    2.34982000e-02   -2.37352000e-01
12  0
    4.11909471e+01   -2.38300000e-03
    2.19450315e+01    9.25230000e-02
    1.28908151e+01   -7.33494000e-01
    8.14876869e+00    1.60453900e+00
    3.94904809e+00   -9.89623000e-01
    1.91298055e+00   -2.28709500e+00
    1.10736282e+00    2.09128600e+00
    4.79326600e-01    1.46990200e+00
    2.26752930e-01   -1.52295300e+00
    1.06396520e-01   -8.60672000e-01
    5.00049400e-02    6.55242000e-01
    2.34982000e-02    5.14686000e-01
1  0
    2.34982000e-02    1.00000000e+00
1  0
    1.10422100e-02    1.00000000e+00
12  1
    6.01913049e+01    7.57000000e-04
    3.11792672e+01   -6.53800000e-03
    1.62427687e+01    4.29020000e-02
    8.80021485e+00   -1.64602000e-01
    5.33575038e+00    9.93870000e-02
    3.03250560e+00    2.17723000e-01
    1.63861968e+00    4.43669000e-01
    8.02587110e-01    3.27850000e-01
    4.06278330e-01    9.86410000e-02
    1.73829980e-01    1.17680000e-02
    7.30638600e-02   -7.03000000e-04
    3.07100500e-02    4.03000000e-04
12  1
    6.01913049e+01   -1.18000000e-04
    3.11792672e+01    1.20800000e-03
    1.62427687e+01   -9.12200000e-03
    8.80021485e+00    3.89240000e-02
    5.33575038e+00   -2.74730000e-02
    3.03250560e+00   -5.82150000e-02
    1.63861968e+00   -1.24371000e-01
    8.02587110e-01   -1.07355000e-01
    4.06278330e-01    4.07410000e-02
    1.73829980e-01    3.50952000e-01
    7.30638600e-02    5.23294000e-01
    3.07100500e-02    2.34255000e-01
12  1
    6.01913049e+01   -2.42000000e-04
    3.11792672e+01   -1.84000000e-03
    1.62427687e+01    3.62670000e-02
    8.80021485e+00   -2.33302000e-01
    5.33575038e+00    1.80046000e-01
    3.03250560e+00    8.31949000e-01
    1.63861968e+00    8.79270000e-02
    8.02587110e-01   -8.75277000e-01
    4.06278330e-01   -4.20967000e-01
    1.73829980e-01    5.88099000e-01
    7.30638600e-02    4.09206000e-01
    3.07100500e-02    7.90100000e-03
12  1
    6.01913049e+01   -7.06000000e-04
    3.11792672e+01   -6.52000000e-04
    1.62427687e+01    5.76790000e-02
    8.80021485e+00   -5.40394000e-01
    5.33575038e+00    1.07397400e+00
    3.03250560e+00    8.67896000e-01
    1.63861968e+00   -1.57012700e+00
    8.02587110e-01   -6.38280000e-01
    4.06278330e-01    1.54049600e+00
    1.73829980e-01   -7.19650000e-02
    7.30638600e-02   -6.46393000e-01
    3.07100500e-02   -5.85500000e-03
1  1
    3.07100500e-02    1.00000000e+00
1  1
    1.29079800e-02    1.00000000e+00
10  2
    5.25690084e+01    3.07000000e-04
    2.38165422e+01   -7.96100000e-03
    1.13269350e+01    1.14253000e-01
    4.99176622e+00    1.64228000e-01
    2.46839125e+00    2.69996000e-01
    1.15974738e+00    3.20627000e-01
    5.31240910e-01    2.73188000e-01
    2.42201210e-01    1.61357000e-01
    1.12489340e-01    5.82440000e-02
    5.20137100e-02    9.57400000e-03
10  2
    5.25690084e+01    3.29000000e-04
    2.38165422e+01    4.98100000e-03
    1.13269350e+01   -1.07244000e-01
    4.99176622e+00   -2.05338000e-01
    2.46839125e+00   -3.65645000e-01
    1.15974738e+00   -9.16270000e-02
    5.31240910e-01    2.61299000e-01
    2.42201210e-01    4.08087000e-01
    1.12489340e-01    2.83046000e-01
    5.20137100e-02    7.08200000e-02
10  2
    5.25690084e+01   -2.08700000e-03
    2.38165422e+01    2.77000000e-03
    1.13269350e+01    1.06828000e-01
    4.99176622e+00    3.84896000e-01
    2.46839125e+00    3.60764000e-01
    1.15974738e+00   -5.99205000e-01
    5.31240910e-01   -4.95286000e-01
    2.42201210e-01    2.47074000e-01
    1.12489340e-01    4.72515000e-01
    5.20137100e-02    1.38768000e-01
1  2
    5.20137100e-02    1.00000000e+00
1  2
    2.40505100e-02    1.00000000e+00
1  3
    3.33913900e+00    1.00000000e+00
1  3
    9.26076000e-01    1.00000000e+00
1  3
    2.56837680e-01    1.00000000e+00
1  4
    2.98258200e+00    1.00000000e+00
1  4
    8.27188540e-01    1.00000000e+00
