81
1  0
    3.82497000e+02    1.00000000e+00
1  0
    1.95348000e+02    1.00000000e+00
1  0
    8.32642000e+01    1.00000000e+00
1  0
    3.49383000e+01    1.00000000e+00
1  0
    1.29203000e+01    1.00000000e+00
1  0
    6.02081000e+00    1.00000000e+00
1  0
    3.36700000e+00    1.00000000e+00
1  0
    1.85170000e+00    1.00000000e+00
1  0
    7.19712000e-01    1.00000000e+00
1  0
    5.39530000e-01    1.00000000e+00
1  0
    2.31177000e-01    1.00000000e+00
1  0
    1.48501000e-01    1.00000000e+00
1  0
    7.53130000e-02    1.00000000e+00
1  0
    4.43640000e-02    1.00000000e+00
1  1
    1.50364000e+02    1.00000000e+00
1  1
    6.49717000e+01    1.00000000e+00
1  1
    2.49382000e+01    1.00000000e+00
1  1
    1.09290000e+01    1.00000000e+00
1  1
    5.18325000e+00    1.00000000e+00
1  1
    2.12824000e+00    1.00000000e+00
1  1
    1.31546000e+00    1.00000000e+00
1  1
    8.73867000e-01    1.00000000e+00
1  1
    5.93614000e-01    1.00000000e+00
1  1
    2.75981000e-01    1.00000000e+00
1  1
    1.34795000e-01    1.00000000e+00
1  1
    6.94290000e-02    1.00000000e+00
1  1
    4.50820000e-02    1.00000000e+00
1  2
    3.37152000e+01    1.00000000e+00
1  2
    1.71150000e+01    1.00000000e+00
1  2
    8.93066000e+00    1.00000000e+00
1  2
    5.16000000e+00    1.00000000e+00
1  2
    2.81840000e+00    1.00000000e+00
1  2
    1.80375000e+00    1.00000000e+00
1  2
    7.23797000e-01    1.00000000e+00
1  2
    5.44703000e-01    1.00000000e+00
1  2
    2.37618000e-01    1.00000000e+00
1  2
    1.59958000e-01    1.00000000e+00
1  2
    8.22370000e-02    1.00000000e+00
1  2
    4.23520000e-02    1.00000000e+00
1  3
    5.22649000e+01    1.00000000e+00
1  3
    1.61420000e+01    1.00000000e+00
1  3
    9.00360000e+00    1.00000000e+00
1  3
    4.49842000e+00    1.00000000e+00
1  3
    2.85214000e+00    1.00000000e+00
1  3
    1.33854000e+00    1.00000000e+00
1  3
    8.26903000e-01    1.00000000e+00
1  3
    3.84682000e-01    1.00000000e+00
1  3
    1.84418000e-01    1.00000000e+00
1  3
    1.30680000e-01    1.00000000e+00
1  3
    9.08160000e-02    1.00000000e+00
1  4
    4.07104000e+01    1.00000000e+00
1  4
    1.51368000e+01    1.00000000e+00
1  4
    7.17659000e+00    1.00000000e+00
1  4
    4.36818000e+00    1.00000000e+00
1  4
    2.53220000e+00    1.00000000e+00
1  4
    1.22617000e+00    1.00000000e+00
1  4
    6.52675000e-01    1.00000000e+00
1  4
    3.03822000e-01    1.00000000e+00
1  4
    1.54983000e-01    1.00000000e+00
1  4
    9.42630000e-02    1.00000000e+00
1  5
    1.78556000e+01    1.00000000e+00
1  5
    1.01186000e+01    1.00000000e+00
1  5
    4.73525000e+00    1.00000000e+00
1  5
    2.95028000e+00    1.00000000e+00
1  5
    1.34306000e+00    1.00000000e+00
1  5
    5.32835000e-01    1.00000000e+00
1  5
    2.57757000e-01    1.00000000e+00
1  6
    1.23464000e+01    1.00000000e+00
1  6
    6.67679000e+00    1.00000000e+00
1  6
    3.04235000e+00    1.00000000e+00
1  6
    1.81823000e+00    1.00000000e+00
1  6
    8.87814000e-01    1.00000000e+00
1  6
    4.04205000e-01    1.00000000e+00
1  7
    1.13038000e+01    1.00000000e+00
1  7
    5.18129000e+00    1.00000000e+00
1  7
    3.02825000e+00    1.00000000e+00
1  7
    1.56173000e+00    1.00000000e+00
1  7
    7.02540000e-01    1.00000000e+00
1  8
    6.19034000e+00    1.00000000e+00
1  8
    3.47896000e+00    1.00000000e+00
1  8
    1.64238000e+00    1.00000000e+00
