37
12  0
    4.11909471e+01    1.24000000e-02
    2.19450315e+01   -1.41461000e-01
    1.28908151e+01    6.69584000e-01
    8.14876869e+00   -1.01543100e+00
    3.94904809e+00    1.49151000e-01
    1.91298055e+00    3.50677000e-01
    1.10736282e+00    6.27006000e-01
    4.79326600e-01    2.35349000e-01
    2.26752930e-01   -2.42140000e-02
    1.06396520e-01    1.73570000e-02
    5.00049400e-02   -5.27200000e-03
    2.34982000e-02    2.18100000e-03
12  0
    4.11909471e+01   -2.03600000e-03
    2.19450315e+01    2.70900000e-02
    1.28908151e+01   -1.42056000e-01
    8.14876869e+00    2.29945000e-01
    3.94904809e+00   -3.55380000e-02
    1.91298055e+00   -8.53360000e-02
    1.10736282e+00   -2.43550000e-01
    4.79326600e-01   -2.01798000e-01
    2.26752930e-01    9.87610000e-02
    1.06396520e-01    4.39512000e-01
    5.00049400e-02    5.24416000e-01
    2.34982000e-02    1.31920000e-01
12  0
    4.11909471e+01   -4.64400000e-03
    2.19450315e+01    9.13980000e-02
    1.28908151e+01   -5.93823000e-01
    8.14876869e+00    1.13397700e+00
    3.94904809e+00   -3.85688000e-01
    1.91298055e+00   -1.34213600e+00
    1.10736282e+00    1.31267000e-01
    4.79326600e-01    7.35724000e-01
    2.26752930e-01    7.31076000e-01
    1.06396520e-01    3.08710000e-02
    5.00049400e-02   -5.63551000e-01
    2.34982000e-02   -2.38050000e-01
12  0
    4.11909471e+01   -2.52100000e-03
    2.19450315e+01    9.40940000e-02
    1.28908151e+01   -7.46782000e-01
    8.14876869e+00    1.64617700e+00
    3.94904809e+00   -1.07733100e+00
    1.91298055e+00   -2.19063900e+00
    1.10736282e+00    2.07412000e+00
    4.79326600e-01    1.42583800e+00
    2.26752930e-01   -1.50253900e+00
    1.06396520e-01   -8.55784000e-01
    5.00049400e-02    6.39677000e-01
    2.34982000e-02    5.28673000e-01
12  0
    4.11909471e+01   -7.28700000e-03
    2.19450315e+01   -6.50210000e-02
    1.28908151e+01    1.02172900e+00
    8.14876869e+00   -2.94891500e+00
    3.94904809e+00    4.25031800e+00
    1.91298055e+00   -6.52388000e-01
    1.10736282e+00   -3.53620200e+00
    4.79326600e-01    2.69845200e+00
    2.26752930e-01    9.15947000e-01
    1.06396520e-01   -2.20319800e+00
    5.00049400e-02    9.95120000e-02
    2.34982000e-02    8.85461000e-01
12  0
    4.11909471e+01    7.49160000e-02
    2.19450315e+01   -4.00813000e-01
    1.28908151e+01    1.85004000e-01
    8.14876869e+00    2.33651100e+00
    3.94904809e+00   -7.48492700e+00
    1.91298055e+00    1.00509490e+01
    1.10736282e+00   -4.97322300e+00
    4.79326600e-01   -2.70227600e+00
    2.26752930e-01    5.10076600e+00
    1.06396520e-01   -2.67443500e+00
    5.00049400e-02   -8.46107000e-01
    2.34982000e-02    1.25940200e+00
1  0
    2.34982000e-02    1.00000000e+00
1  0
    1.10422100e-02    1.00000000e+00
12  1
    6.01913049e+01    7.57000000e-04
    3.11792672e+01   -6.53800000e-03
    1.62427687e+01    4.29020000e-02
    8.80021485e+00   -1.64602000e-01
    5.33575038e+00    9.93870000e-02
    3.03250560e+00    2.17723000e-01
    1.63861968e+00    4.43669000e-01
    8.02587110e-01    3.27850000e-01
    4.06278330e-01    9.86410000e-02
    1.73829980e-01    1.17680000e-02
    7.30638600e-02   -7.03000000e-04
    3.07100500e-02    4.03000000e-04
12  1
    6.01913049e+01   -1.18000000e-04
    3.11792672e+01    1.20800000e-03
    1.62427687e+01   -9.12200000e-03
    8.80021485e+00    3.89240000e-02
    5.33575038e+00   -2.74730000e-02
    3.03250560e+00   -5.82150000e-02
    1.63861968e+00   -1.24371000e-01
    8.02587110e-01   -1.07355000e-01
    4.06278330e-01    4.07410000e-02
    1.73829980e-01    3.50952000e-01
    7.30638600e-02    5.23294000e-01
    3.07100500e-02    2.34255000e-01
12  1
    6.01913049e+01   -1.22000000e-04
    3.11792672e+01   -2.52400000e-03
    1.62427687e+01    3.93090000e-02
    8.80021485e+00   -2.46292000e-01
    5.33575038e+00    2.02747000e-01
    3.03250560e+00    8.30561000e-01
    1.63861968e+00    7.35540000e-02
    8.02587110e-01   -8.98871000e-01
    4.06278330e-01   -3.88688000e-01
    1.73829980e-01    6.08536000e-01
    7.30638600e-02    3.90790000e-01
    3.07100500e-02    7.58100000e-03
12  1
    6.01913049e+01   -6.70000000e-05
    3.11792672e+01   -4.46900000e-03
    1.62427687e+01    7.57460000e-02
    8.80021485e+00   -6.17361000e-01
    5.33575038e+00    1.20473500e+00
    3.03250560e+00    8.37857000e-01
    1.63861968e+00   -1.67663200e+00
    8.02587110e-01   -5.37307000e-01
    4.06278330e-01    1.53860200e+00
    1.73829980e-01   -1.11581000e-01
    7.30638600e-02   -6.42905000e-01
    3.07100500e-02   -3.51900000e-03
12  1
    6.01913049e+01   -4.94300000e-03
    3.11792672e+01    2.45130000e-02
    1.62427687e+01   -2.46640000e-02
    8.80021485e+00   -7.98003000e-01
    5.33575038e+00    3.20065900e+00
    3.03250560e+00   -2.17540800e+00
    1.63861968e+00   -1.56310800e+00
    8.02587110e-01    3.02674700e+00
    4.06278330e-01   -1.28333000e+00
    1.73829980e-01   -8.63632000e-01
    7.30638600e-02    9.66057000e-01
    3.07100500e-02   -3.59200000e-03
12  1
    6.01913049e+01   -3.58330000e-02
    3.11792672e+01    2.11484000e-01
    1.62427687e+01   -8.60106000e-01
    8.80021485e+00    1.48117300e+00
    5.33575038e+00    2.24969000e+00
    3.03250560e+00   -6.49349800e+00
    1.63861968e+00    5.58919200e+00
    8.02587110e-01   -1.64154500e+00
    4.06278330e-01   -1.37018300e+00
    1.73829980e-01    2.17020200e+00
    7.30638600e-02   -1.19881800e+00
    3.07100500e-02    3.87100000e-03
1  1
    3.07100500e-02    1.00000000e+00
1  1
    1.29079800e-02    1.00000000e+00
10  2
    5.25690084e+01    3.07000000e-04
    2.38165422e+01   -7.96100000e-03
    1.13269350e+01    1.14253000e-01
    4.99176622e+00    1.64228000e-01
    2.46839125e+00    2.69996000e-01
    1.15974738e+00    3.20627000e-01
    5.31240910e-01    2.73188000e-01
    2.42201210e-01    1.61357000e-01
    1.12489340e-01    5.82440000e-02
    5.20137100e-02    9.57400000e-03
10  2
    5.25690084e+01    3.28000000e-04
    2.38165422e+01    5.00300000e-03
    1.13269350e+01   -1.07474000e-01
    4.99176622e+00   -2.06605000e-01
    2.46839125e+00   -3.67710000e-01
    1.15974738e+00   -9.18720000e-02
    5.31240910e-01    2.68026000e-01
    2.42201210e-01    4.08822000e-01
    1.12489340e-01    2.77730000e-01
    5.20137100e-02    6.76360000e-02
10  2
    5.25690084e+01   -2.25000000e-03
    2.38165422e+01    3.53400000e-03
    1.13269350e+01    1.05016000e-01
    4.99176622e+00    4.07075000e-01
    2.46839125e+00    3.37271000e-01
    1.15974738e+00   -6.08868000e-01
    5.31240910e-01   -4.81238000e-01
    2.42201210e-01    2.59217000e-01
    1.12489340e-01    4.64969000e-01
    5.20137100e-02    1.32991000e-01
10  2
    5.25690084e+01   -1.07100000e-03
    2.38165422e+01   -6.79400000e-03
    1.13269350e+01    2.65074000e-01
    4.99176622e+00    9.13078000e-01
    2.46839125e+00   -9.82373000e-01
    1.15974738e+00   -5.62487000e-01
    5.31240910e-01    9.21060000e-01
    2.42201210e-01    1.08321000e-01
    1.12489340e-01   -4.47324000e-01
    5.20137100e-02   -1.53233000e-01
10  2
    5.25690084e+01    2.00510000e-02
    2.38165422e+01   -1.14479000e-01
    1.13269350e+01    7.75513000e-01
    4.99176622e+00    2.14420000e-01
    2.46839125e+00   -1.89568400e+00
    1.15974738e+00    2.04657100e+00
    5.31240910e-01   -6.31441000e-01
    2.42201210e-01   -7.11978000e-01
    1.12489340e-01    5.43971000e-01
    5.20137100e-02    2.27636000e-01
1  2
    5.20137100e-02    1.00000000e+00
1  2
    2.40505100e-02    1.00000000e+00
1  3
    5.79595400e+00    1.00000000e+00
1  3
    2.30323000e+00    1.00000000e+00
1  3
    9.15268000e-01    1.00000000e+00
1  3
    3.63713000e-01    1.00000000e+00
1  3
    1.44533780e-01    1.00000000e+00
1  4
    5.33910700e+00    1.00000000e+00
1  4
    2.19677000e+00    1.00000000e+00
1  4
    9.03857000e-01    1.00000000e+00
1  4
    3.71890300e-01    1.00000000e+00
1  5
    5.07277200e+00    1.00000000e+00
1  5
    1.98591900e+00    1.00000000e+00
1  5
    7.77459380e-01    1.00000000e+00
1  6
    3.95109800e+00    1.00000000e+00
1  6
    1.54679935e+00    1.00000000e+00
