26
11  0
    4.28935764e+06    7.93605550e-06
    6.36361003e+05    6.25429868e-05
    1.43637276e+05    3.32263887e-04
    4.04063454e+04    1.41300096e-03
    1.31043634e+04    5.15609183e-03
    4.70506643e+03    1.66595749e-02
    1.82571254e+03    4.79080834e-02
    7.53338162e+02    1.19949038e-01
    3.26472533e+02    2.45502970e-01
    1.47103007e+02    3.58227396e-01
    6.79872269e+01    2.82957644e-01
4  0
    1.30072667e+03    7.60251541e-03
    4.02720275e+02    7.43651098e-02
    1.54389713e+02    3.37804748e-01
    6.64433846e+01    6.27793317e-01
1  0
    3.09753160e+01    1.00000000e+00
1  0
    1.42229809e+01    1.00000000e+00
1  0
    6.75982651e+00    1.00000000e+00
1  0
    2.90870833e+00    1.00000000e+00
1  0
    1.39665078e+00    1.00000000e+00
1  0
    6.17926241e-01    1.00000000e+00
1  0
    1.34394837e-01    1.00000000e+00
1  0
    6.51950538e-02    1.00000000e+00
1  0
    2.94157136e-02    1.00000000e+00
9  1
    6.48326297e+03    2.04797789e-04
    1.55671349e+03    1.75257502e-03
    5.09739255e+02    9.57988025e-03
    1.95284081e+02    3.86813630e-02
    8.25425475e+01    1.18324016e-01
    3.72120767e+01    2.61684596e-01
    1.74258045e+01    3.84006288e-01
    8.36913770e+00    2.97041668e-01
    3.94090004e+00    7.82632903e-02
5  1
    5.72027410e+01   -4.77490998e-03
    2.00909359e+01   -2.29897299e-02
    3.93575538e+00    2.31970659e-01
    1.81819840e+00    4.84352040e-01
    8.18815353e-01    3.91594790e-01
1  1
    3.40383592e-01    1.00000000e+00
1  1
    1.50000000e-01    1.00000000e+00
1  1
    6.30000000e-02    1.00000000e+00
1  1
    2.70000000e-02    1.00000000e+00
6  2
    2.00402545e+02    8.95495602e-04
    5.98982258e+01    7.62576309e-03
    2.28105702e+01    3.45232242e-02
    9.58741421e+00    1.05526770e-01
    4.29337109e+00    2.25753777e-01
    1.95376184e+00    3.27665337e-01
1  2
    8.73788736e-01    1.00000000e+00
1  2
    3.75977489e-01    1.00000000e+00
1  2
    1.48115476e-01    1.00000000e+00
1  2
    6.00000000e-02    1.00000000e+00
1  3
    4.35300000e+00    1.00000000e+00
1  3
    1.32600000e+00    1.00000000e+00
1  3
    4.08000000e-01    1.00000000e+00
1  4
    1.75500000e+00    1.00000000e+00
