18
8  0
    2.77185002e+05    2.28383851e-04
    4.15507699e+04    1.77076504e-03
    9.45597002e+03    9.20772100e-03
    2.67652065e+03    3.74159718e-02
    8.71466875e+02    1.21648614e-01
    3.12983064e+02    2.88243925e-01
    1.21444541e+02    4.10416008e-01
    4.79225988e+01    2.13723751e-01
4  0
    3.03667232e+02   -2.45899261e-02
    9.38814032e+01   -1.16026080e-01
    1.48794212e+01    5.51120597e-01
    6.28652007e+00    5.37075608e-01
2  0
    9.48585913e+00   -2.28892627e-01
    1.56987062e+00    7.11961696e-01
1  0
    6.59032136e-01    1.00000000e+00
1  0
    1.06862924e-01    1.00000000e+00
1  0
    3.92674354e-02    1.00000000e+00
6  1
    1.44479782e+03    2.39941365e-03
    3.42065512e+02    1.93692869e-02
    1.09584009e+02    9.02361090e-02
    4.07479882e+01    2.57454679e-01
    1.61886266e+01    4.12723520e-01
    6.54845060e+00    2.40877000e-01
3  1
    2.53570864e+01   -2.87071741e-02
    3.48301688e+00    5.52081007e-01
    1.38588009e+00    9.72269014e-01
1  1
    5.25550949e-01    1.00000000e+00
1  1
    1.99300000e-01    1.00000000e+00
1  1
    7.55700000e-02    1.00000000e+00
4  2
    5.65631891e+01    1.15432453e-02
    1.62787347e+01    7.02998460e-02
    5.69642739e+00    2.24507708e-01
    2.14111479e+00    3.97030654e-01
1  2
    7.82918019e-01    1.00000000e+00
1  2
    2.59523112e-01    1.00000000e+00
1  2
    8.60000000e-02    1.00000000e+00
1  3
    2.97500000e+00    1.00000000e+00
1  3
    7.20000000e-01    1.00000000e+00
1  4
    1.75500000e+00    1.00000000e+00
