29
12  0
    4.44306000e+06    1.09935000e-05
    6.65487000e+05    8.54815000e-05
    1.51470000e+05    4.49145000e-04
    4.29520000e+04    1.89077000e-03
    1.40379000e+04    6.83589000e-03
    5.07761000e+03    2.19494000e-02
    1.98387000e+03    6.28328000e-02
    8.21735000e+02    1.59006000e-01
    3.56214000e+02    3.31527000e-01
    1.61324000e+02    5.00000000e-01
    7.50784000e+01    4.41783000e-01
    3.47979000e+01    1.38980000e-01
7  0
    1.44027000e+03   -1.00066000e-03
    4.44969000e+02   -1.01010000e-02
    1.72469000e+02   -4.49198000e-02
    7.60856000e+01   -9.45957000e-02
    1.72049000e+01    3.50220000e-01
    8.50158000e+00    5.00000000e-01
    4.18160000e+00    1.98570000e-01
4  0
    1.41324000e+01   -8.04870000e-02
    6.93844000e+00   -2.06070000e-01
    2.13427000e+00    4.16638000e-01
    1.02172000e+00    5.00000000e-01
2  0
    1.27168000e+00    2.80491000e-01
    5.07351000e-01    5.00000000e-01
1  0
    2.50347000e-01    1.00000000e+00
1  0
    9.34204000e-02    1.00000000e+00
1  0
    3.57980000e-02    1.00000000e+00
6  1
    7.96715000e+04    3.15932000e-05
    1.22572000e+04    6.43215000e-04
    2.90427000e+03    5.95127000e-03
    9.42155000e+02    3.39956000e-02
    3.58579000e+02    1.48074000e-01
    1.52605000e+02    5.00000000e-01
1  1
    6.88515000e+01    1.00000000e+00
1  1
    3.25818000e+01    1.00000000e+00
1  1
    1.59055000e+01    1.00000000e+00
1  1
    7.80090000e+00    1.00000000e+00
1  1
    3.75947000e+00    1.00000000e+00
1  1
    1.79641000e+00    1.00000000e+00
1  1
    8.23937000e-01    1.00000000e+00
1  1
    3.54547000e-01    1.00000000e+00
1  1
    1.00000000e-01    1.00000000e+00
5  2
    2.50086000e+02    1.69222000e-03
    7.51680000e+01    1.44500000e-02
    2.93165000e+01    6.58444000e-02
    1.30225000e+01    2.06957000e-01
    5.89518000e+00    5.00000000e-01
1  2
    2.77018000e+00    1.00000000e+00
1  2
    1.28680000e+00    1.00000000e+00
1  2
    5.80330000e-01    1.00000000e+00
1  2
    2.48219000e-01    1.00000000e+00
1  2
    9.65149000e-02    1.00000000e+00
1  3
    5.81300000e+00    1.00000000e+00
1  3
    1.61500000e+00    1.00000000e+00
1  3
    4.49000000e-01    1.00000000e+00
1  4
    3.87600000e+00    1.00000000e+00
1  4
    8.61000000e-01    1.00000000e+00
1  5
    1.96400000e+00    1.00000000e+00
