39
15  0
    2.18551000e+07    1.61039000e-06
    3.32755000e+06    1.22165000e-05
    7.70232000e+05    6.28693000e-05
    2.21423000e+05    2.60478000e-04
    7.34963000e+04    9.24940000e-04
    2.70853000e+04    2.93447000e-03
    1.08058000e+04    8.49381000e-03
    4.60572000e+03    2.25097000e-02
    2.07949000e+03    5.45396000e-02
    9.81521000e+02    1.20947000e-01
    4.83473000e+02    2.32824000e-01
    2.44176000e+02    3.93827000e-01
    1.22987000e+02    5.00000000e-01
    6.19365000e+01    3.66226000e-01
    3.06628000e+01    9.55302000e-02
7  0
    1.40278000e+03   -1.12236000e-03
    4.34324000e+02   -1.12234000e-02
    1.68637000e+02   -4.90816000e-02
    7.50128000e+01   -9.87174000e-02
    1.76031000e+01    3.42447000e-01
    9.17234000e+00    5.00000000e-01
    4.90374000e+00    2.70964000e-01
5  0
    6.21694000e+01    4.82574000e-03
    1.75914000e+01   -7.17714000e-02
    8.42638000e+00   -2.77072000e-01
    4.65430000e+00   -1.65986000e-01
    2.52238000e+00    5.00000000e-01
1  0
    1.22288000e+00    1.00000000e+00
1  0
    5.61698000e-01    1.00000000e+00
1  0
    1.77699000e-01    1.00000000e+00
1  0
    7.78155000e-02    1.00000000e+00
1  0
    3.14490000e-02    1.00000000e+00
7  1
    2.17528000e+05    1.01407000e-05
    3.34658000e+04    2.02318000e-04
    8.02645000e+03    1.84221000e-03
    2.65752000e+03    1.02761000e-02
    1.03910000e+03    4.50413000e-02
    4.54743000e+02    1.58603000e-01
    2.14347000e+02    5.00000000e-01
1  1
    1.04192000e+02    1.00000000e+00
1  1
    5.26768000e+01    1.00000000e+00
1  1
    2.75256000e+01    1.00000000e+00
1  1
    1.49408000e+01    1.00000000e+00
1  1
    8.16119000e+00    1.00000000e+00
1  1
    4.46716000e+00    1.00000000e+00
1  1
    2.30562000e+00    1.00000000e+00
1  1
    1.17092000e+00    1.00000000e+00
1  1
    5.82735000e-01    1.00000000e+00
1  1
    2.75327000e-01    1.00000000e+00
1  1
    8.60000000e-02    1.00000000e+00
5  2
    4.53339000e+02    1.18039000e-03
    1.39103000e+02    1.05699000e-02
    5.37163000e+01    5.92683000e-02
    2.34525000e+01    2.12646000e-01
    1.17411000e+01    5.00000000e-01
1  2
    5.95754000e+00    1.00000000e+00
1  2
    3.05665000e+00    1.00000000e+00
1  2
    1.55261000e+00    1.00000000e+00
1  2
    7.71911000e-01    1.00000000e+00
1  2
    3.71073000e-01    1.00000000e+00
1  2
    1.70775000e-01    1.00000000e+00
1  2
    7.28537000e-02    1.00000000e+00
1  3
    1.59450000e+01    1.00000000e+00
1  3
    4.98300000e+00    1.00000000e+00
1  3
    1.84600000e+00    1.00000000e+00
1  3
    7.69000000e-01    1.00000000e+00
1  3
    3.20000000e-01    1.00000000e+00
1  4
    8.61200000e+00    1.00000000e+00
1  4
    2.15300000e+00    1.00000000e+00
1  4
    5.38000000e-01    1.00000000e+00
1  5
    4.65100000e+00    1.00000000e+00
1  5
    1.03300000e+00    1.00000000e+00
1  6
    2.35600000e+00    1.00000000e+00
