15
6  0
    5.63228000e+04    1.87564000e-03
    8.45756000e+03    1.43746000e-02
    1.92472000e+03    7.12472000e-02
    5.43438000e+02    2.47029000e-01
    1.76629000e+02    5.00000000e-01
    6.06530000e+01    3.87114000e-01
4  0
    1.16703000e+02   -8.16209000e-02
    1.37458000e+01    5.00000000e-01
    6.10683000e+00    4.10075000e-01
    2.05997000e+00    4.65684000e-02
2  0
    1.49424000e+00    5.00000000e-01
    5.83817000e-01    2.30491000e-01
1  0
    1.10571000e-01    1.00000000e+00
1  0
    4.12415000e-02    1.00000000e+00
5  1
    7.82781000e+03    2.64085000e-04
    1.20428000e+03    5.15448000e-03
    2.84127000e+02    4.30318000e-02
    9.07821000e+01    1.89434000e-01
    3.35404000e+01    5.00000000e-01
1  1
    1.32838000e+01    1.00000000e+00
1  1
    5.43552000e+00    1.00000000e+00
1  1
    1.94499000e+00    1.00000000e+00
1  1
    6.55426000e-01    1.00000000e+00
1  1
    1.25000000e-01    1.00000000e+00
4  2
    5.43935000e+01    1.57347000e-02
    1.55491000e+01    9.80587000e-02
    5.36115000e+00    3.03221000e-01
    1.98356000e+00    5.00000000e-01
1  2
    6.95015000e-01    1.00000000e+00
1  2
    2.13292000e-01    1.00000000e+00
1  3
    1.36400000e+00    1.00000000e+00
