35
1  0
    6.09338695e+04    1.00000000e+00
1  0
    2.49205140e+04    1.00000000e+00
1  0
    1.04312235e+04    1.00000000e+00
1  0
    4.46478542e+03    1.00000000e+00
1  0
    1.95221631e+03    1.00000000e+00
1  0
    8.71083488e+02    1.00000000e+00
1  0
    3.96192478e+02    1.00000000e+00
1  0
    1.83461648e+02    1.00000000e+00
1  0
    8.63820636e+01    1.00000000e+00
1  0
    4.13006854e+01    1.00000000e+00
1  0
    2.00231996e+01    1.00000000e+00
1  0
    9.82906188e+00    1.00000000e+00
1  0
    4.87784170e+00    1.00000000e+00
1  0
    2.44338755e+00    1.00000000e+00
1  0
    1.23338356e+00    1.00000000e+00
1  0
    6.26354950e-01    1.00000000e+00
1  0
    3.19463720e-01    1.00000000e+00
1  0
    1.63362990e-01    1.00000000e+00
1  0
    8.36110200e-02    1.00000000e+00
1  1
    2.71992750e+00    1.00000000e+00
1  1
    1.17437330e+00    1.00000000e+00
1  1
    5.06876200e-01    1.00000000e+00
1  1
    2.18728700e-01    1.00000000e+00
1  1
    9.43798000e-02    1.00000000e+00
1  2
    1.15225001e+01    1.00000000e+00
1  2
    3.77930490e+00    1.00000000e+00
1  2
    1.25286320e+00    1.00000000e+00
1  2
    4.18018200e-01    1.00000000e+00
1  2
    1.39773200e-01    1.00000000e+00
1  3
    6.96465220e+00    1.00000000e+00
1  3
    2.41709220e+00    1.00000000e+00
1  3
    8.41578900e-01    1.00000000e+00
1  4
    5.93661520e+00    1.00000000e+00
1  4
    1.43121600e+00    1.00000000e+00
1  4
    3.46519200e-01    1.00000000e+00
