30
15  0
    1.79463000e+04    2.00000000e-06
    3.31227000e+03    1.40000000e-05
    6.81626000e+02    7.80000000e-05
    1.80162000e+02    2.49000000e-04
    3.06673000e+01    7.11500000e-03
    1.91509000e+01   -5.64880000e-02
    1.18941000e+01    1.78158000e-01
    4.89814000e+00   -3.06899000e-01
    3.04885000e+00   -3.82229000e-01
    1.39817000e+00    3.63491000e-01
    7.82032000e-01    6.69726000e-01
    4.09074000e-01    3.22312000e-01
    1.70545000e-01    2.89300000e-02
    8.79630000e-02   -3.17300000e-03
    4.26100000e-02    2.52700000e-03
15  0
    1.79463000e+04   -1.00000000e-06
    3.31227000e+03   -5.00000000e-06
    6.81626000e+02   -2.60000000e-05
    1.80162000e+02   -8.70000000e-05
    3.06673000e+01   -2.13100000e-03
    1.91509000e+01    1.74860000e-02
    1.18941000e+01   -5.74820000e-02
    4.89814000e+00    1.12315000e-01
    3.04885000e+00    1.21513000e-01
    1.39817000e+00   -1.47456000e-01
    7.82032000e-01   -3.09461000e-01
    4.09074000e-01   -2.63923000e-01
    1.70545000e-01    9.52130000e-02
    8.79630000e-02    5.12754000e-01
    4.26100000e-02    5.00388000e-01
15  0
    1.79463000e+04   -1.00000000e-06
    3.31227000e+03   -9.00000000e-06
    6.81626000e+02   -5.80000000e-05
    1.80162000e+02   -1.50000000e-04
    3.06673000e+01   -5.19000000e-03
    1.91509000e+01    3.83330000e-02
    1.18941000e+01   -1.21175000e-01
    4.89814000e+00    2.51910000e-01
    3.04885000e+00    2.28227000e-01
    1.39817000e+00   -2.89542000e-01
    7.82032000e-01   -1.19541100e+00
    4.09074000e-01    2.45869000e-01
    1.70545000e-01    1.79478400e+00
    8.79630000e-02   -9.00170000e-02
    4.26100000e-02   -9.12327000e-01
15  0
    1.79463000e+04   -2.00000000e-06
    3.31227000e+03   -1.50000000e-05
    6.81626000e+02   -9.20000000e-05
    1.80162000e+02   -2.73000000e-04
    3.06673000e+01   -7.47400000e-03
    1.91509000e+01    5.79880000e-02
    1.18941000e+01   -1.93250000e-01
    4.89814000e+00    4.43959000e-01
    3.04885000e+00    4.35927000e-01
    1.39817000e+00   -1.20613800e+00
    7.82032000e-01   -2.16722900e+00
    4.09074000e-01    3.99712800e+00
    1.70545000e-01   -3.76749000e-01
    8.79630000e-02   -2.65294700e+00
    4.26100000e-02    1.34965100e+00
15  0
    1.79463000e+04    1.00000000e-06
    3.31227000e+03    3.70000000e-05
    6.81626000e+02   -1.00000000e-06
    1.80162000e+02    9.57000000e-04
    3.06673000e+01   -1.29690000e-02
    1.91509000e+01    1.15460000e-02
    1.18941000e+01    1.19269000e-01
    4.89814000e+00   -1.98171000e-01
    3.04885000e+00   -1.68084100e+00
    1.39817000e+00    6.17671200e+00
    7.82032000e-01   -5.01288800e+00
    4.09074000e-01   -1.85525100e+00
    1.70545000e-01    7.08312500e+00
    8.79630000e-02   -6.36898800e+00
    4.26100000e-02    1.38480400e+00
15  0
    1.79463000e+04    1.20000000e-05
    3.31227000e+03   -2.30000000e-05
    6.81626000e+02    6.30000000e-04
    1.80162000e+02   -1.42200000e-03
    3.06673000e+01    9.33800000e-02
    1.91509000e+01   -4.22416000e-01
    1.18941000e+01    9.13728000e-01
    4.89814000e+00   -2.77701200e+00
    3.04885000e+00    1.48055200e+00
    1.39817000e+00    8.73041600e+00
    7.82032000e-01   -1.74963080e+01
    4.09074000e-01    1.53033290e+01
    1.70545000e-01   -9.61049500e+00
    8.79630000e-02    4.15651300e+00
    4.26100000e-02    9.51747000e-01
1  0
    2.08110000e-02    1.00000000e+00
12  1
    1.02209000e+02    1.49000000e-04
    1.80149000e+01   -3.39800000e-03
    1.12538000e+01    4.52000000e-02
    7.03000000e+00   -8.62460000e-02
    4.15831000e+00   -1.30905000e-01
    1.64811000e+00    2.68023000e-01
    9.37961000e-01    4.34723000e-01
    5.20057000e-01    3.31994000e-01
    2.79194000e-01    1.19678000e-01
    1.41109000e-01    1.52740000e-02
    7.20550000e-02    1.64300000e-03
    3.68770000e-02    1.24000000e-04
12  1
    1.02209000e+02   -4.80000000e-05
    1.80149000e+01    1.05900000e-03
    1.12538000e+01   -1.43500000e-02
    7.03000000e+00    2.91870000e-02
    4.15831000e+00    3.83440000e-02
    1.64811000e+00   -9.74270000e-02
    9.37961000e-01   -1.62548000e-01
    5.20057000e-01   -1.47975000e-01
    2.79194000e-01    3.86590000e-02
    1.41109000e-01    3.03594000e-01
    7.20550000e-02    4.47350000e-01
    3.68770000e-02    3.06565000e-01
12  1
    1.02209000e+02   -7.30000000e-05
    1.80149000e+01    1.59500000e-03
    1.12538000e+01   -2.20460000e-02
    7.03000000e+00    4.45480000e-02
    4.15831000e+00    6.14870000e-02
    1.64811000e+00   -1.55396000e-01
    9.37961000e-01   -2.65856000e-01
    5.20057000e-01   -2.32927000e-01
    2.79194000e-01    1.88185000e-01
    1.41109000e-01    5.75796000e-01
    7.20550000e-02    3.74080000e-01
    3.68770000e-02    6.36110000e-02
12  1
    1.02209000e+02   -1.23000000e-04
    1.80149000e+01    2.41300000e-03
    1.12538000e+01   -3.77930000e-02
    7.03000000e+00    7.73360000e-02
    4.15831000e+00    1.21566000e-01
    1.64811000e+00   -3.48925000e-01
    9.37961000e-01   -7.20134000e-01
    5.20057000e-01    1.37637000e-01
    2.79194000e-01    1.32082300e+00
    1.41109000e-01    3.90320000e-02
    7.20550000e-02   -8.28420000e-01
    3.68770000e-02   -1.83863000e-01
12  1
    1.02209000e+02   -1.91000000e-04
    1.80149000e+01    3.47600000e-03
    1.12538000e+01   -5.94480000e-02
    7.03000000e+00    1.20293000e-01
    4.15831000e+00    2.50713000e-01
    1.64811000e+00   -1.19544400e+00
    9.37961000e-01   -7.22334000e-01
    5.20057000e-01    2.75090100e+00
    2.79194000e-01   -6.59732000e-01
    1.41109000e-01   -1.80131100e+00
    7.20550000e-02    1.03852800e+00
    3.68770000e-02    3.23493000e-01
12  1
    1.02209000e+02   -5.38000000e-04
    1.80149000e+01    1.66440000e-02
    1.12538000e+01   -1.47929000e-01
    7.03000000e+00    3.29703000e-01
    4.15831000e+00    2.78565000e-01
    1.64811000e+00   -3.74758600e+00
    9.37961000e-01    4.82853700e+00
    5.20057000e-01   -3.92675000e-01
    2.79194000e-01   -3.77261700e+00
    1.41109000e-01    3.64646100e+00
    7.20550000e-02   -1.00651500e+00
    3.68770000e-02   -4.05545000e-01
1  1
    1.85410000e-02    1.00000000e+00
10  2
    1.21694000e+02    4.30000000e-05
    3.79153000e+01    3.21000000e-04
    1.38001000e+01    2.45200000e-03
    7.03411000e+00   -1.29520000e-02
    2.22961000e+00    8.69780000e-02
    1.23326000e+00    2.23047000e-01
    6.58015000e-01    3.05744000e-01
    3.40849000e-01    3.01091000e-01
    1.70237000e-01    2.21145000e-01
    8.14650000e-02    1.06111000e-01
10  2
    1.21694000e+02   -4.20000000e-05
    3.79153000e+01   -3.95000000e-04
    1.38001000e+01   -2.42600000e-03
    7.03411000e+00    1.36530000e-02
    2.22961000e+00   -1.07485000e-01
    1.23326000e+00   -2.74598000e-01
    6.58015000e-01   -3.22619000e-01
    3.40849000e-01   -1.93610000e-02
    1.70237000e-01    3.88095000e-01
    8.14650000e-02    4.63518000e-01
10  2
    1.21694000e+02    5.60000000e-05
    3.79153000e+01    7.13000000e-04
    1.38001000e+01    3.26400000e-03
    7.03411000e+00   -2.03340000e-02
    2.22961000e+00    2.19537000e-01
    1.23326000e+00    4.89654000e-01
    6.58015000e-01    1.14629000e-01
    3.40849000e-01   -7.25356000e-01
    1.70237000e-01   -4.02137000e-01
    8.14650000e-02    5.39456000e-01
10  2
    1.21694000e+02   -1.49000000e-04
    3.79153000e+01   -4.39000000e-04
    1.38001000e+01   -7.36500000e-03
    7.03411000e+00    3.69350000e-02
    2.22961000e+00   -3.92706000e-01
    1.23326000e+00   -7.85421000e-01
    6.58015000e-01    1.14518100e+00
    3.40849000e-01    5.58136000e-01
    1.70237000e-01   -1.27657900e+00
    8.14650000e-02    8.26430000e-02
10  2
    1.21694000e+02    3.82000000e-04
    3.79153000e+01   -2.09000000e-04
    1.38001000e+01    1.65020000e-02
    7.03411000e+00   -7.30110000e-02
    2.22961000e+00    1.16633900e+00
    1.23326000e+00   -3.35451000e-01
    6.58015000e-01   -2.10524700e+00
    3.40849000e-01    2.64739300e+00
    1.70237000e-01   -9.03461000e-01
    8.14650000e-02   -7.86559000e-01
1  2
    3.64040000e-02    1.00000000e+00
1  3
    3.74830000e+00    1.00000000e+00
1  3
    1.36010000e+00    1.00000000e+00
1  3
    4.93500000e-01    1.00000000e+00
1  3
    1.79100000e-01    1.00000000e+00
1  4
    1.80890000e+00    1.00000000e+00
1  4
    7.02800000e-01    1.00000000e+00
1  4
    2.73100000e-01    1.00000000e+00
1  5
    1.43590000e+00    1.00000000e+00
1  5
    4.98900000e-01    1.00000000e+00
1  6
    1.05040000e+00    1.00000000e+00
