23
13  0
    6.71123000e+03    8.00000000e-06
    9.88262000e+02    5.90000000e-05
    2.16291000e+02    2.44000000e-04
    3.11617000e+01    7.75100000e-03
    1.94654000e+01   -5.77500000e-02
    1.21603000e+01    1.70278000e-01
    4.51710000e+00   -3.98393000e-01
    2.82032000e+00   -2.76178000e-01
    1.26028000e+00    5.03947000e-01
    6.80013000e-01    6.36817000e-01
    3.51406000e-01    2.24681000e-01
    1.24746000e-01    1.20130000e-02
    5.66870000e-02   -7.04000000e-04
13  0
    6.71123000e+03   -3.00000000e-06
    9.88262000e+02   -1.90000000e-05
    2.16291000e+02   -8.40000000e-05
    3.11617000e+01   -2.32800000e-03
    1.94654000e+01    1.78340000e-02
    1.21603000e+01   -5.46970000e-02
    4.51710000e+00    1.45228000e-01
    2.82032000e+00    8.05810000e-02
    1.26028000e+00   -1.98647000e-01
    6.80013000e-01   -3.31803000e-01
    3.51406000e-01   -1.94579000e-01
    1.24746000e-01    3.48310000e-01
    5.66870000e-02    6.44111000e-01
13  0
    6.71123000e+03   -5.00000000e-06
    9.88262000e+02   -4.90000000e-05
    2.16291000e+02   -1.13000000e-04
    3.11617000e+01   -7.62100000e-03
    1.94654000e+01    4.66430000e-02
    1.21603000e+01   -1.26031000e-01
    4.51710000e+00    3.55069000e-01
    2.82032000e+00    7.88460000e-02
    1.26028000e+00   -3.29210000e-01
    6.80013000e-01   -1.46224200e+00
    3.51406000e-01    1.10474700e+00
    1.24746000e-01    1.64284900e+00
    5.66870000e-02   -1.14465100e+00
13  0
    6.71123000e+03   -9.00000000e-06
    9.88262000e+02   -6.60000000e-05
    2.16291000e+02   -2.91000000e-04
    3.11617000e+01   -7.25700000e-03
    1.94654000e+01    5.59090000e-02
    1.21603000e+01   -1.79088000e-01
    4.51710000e+00    5.62606000e-01
    2.82032000e+00    2.99024000e-01
    1.26028000e+00   -1.87245100e+00
    6.80013000e-01   -9.93348000e-01
    3.51406000e-01    3.95673100e+00
    1.24746000e-01   -2.73683300e+00
    5.66870000e-02   -7.03700000e-03
13  0
    6.71123000e+03   -1.80000000e-05
    9.88262000e+02   -1.70000000e-05
    2.16291000e+02   -8.44000000e-04
    3.11617000e+01    1.29570000e-02
    1.94654000e+01   -9.94900000e-03
    1.21603000e+01   -1.23698000e-01
    4.51710000e+00    4.46893000e-01
    2.82032000e+00    1.40395300e+00
    1.26028000e+00   -7.78429400e+00
    6.80013000e-01    1.02859540e+01
    3.51406000e-01   -4.78849400e+00
    1.24746000e-01   -1.22948600e+00
    5.66870000e-02    3.45592500e+00
1  0
    2.55690000e-02    1.00000000e+00
10  1
    1.52958000e+02    8.90000000e-05
    1.00454000e+01    4.86580000e-02
    6.27869000e+00   -1.42916000e-01
    3.25290000e+00   -1.11924000e-01
    1.75619000e+00    2.87255000e-01
    9.16440000e-01    4.88267000e-01
    4.75210000e-01    3.32504000e-01
    2.34041000e-01    8.79450000e-02
    1.09987000e-01    5.13700000e-03
    5.09000000e-02    1.46900000e-03
10  1
    1.52958000e+02   -3.00000000e-05
    1.00454000e+01   -1.51180000e-02
    6.27869000e+00    4.62370000e-02
    3.25290000e+00    3.21610000e-02
    1.75619000e+00   -1.00368000e-01
    9.16440000e-01   -1.87828000e-01
    4.75210000e-01   -1.41229000e-01
    2.34041000e-01    1.12927000e-01
    1.09987000e-01    4.36549000e-01
    5.09000000e-02    4.73568000e-01
10  1
    1.52958000e+02   -4.60000000e-05
    1.00454000e+01   -2.34060000e-02
    6.27869000e+00    7.13700000e-02
    3.25290000e+00    5.23310000e-02
    1.75619000e+00   -1.60686000e-01
    9.16440000e-01   -3.05696000e-01
    4.75210000e-01   -2.09695000e-01
    2.34041000e-01    3.49844000e-01
    1.09987000e-01    6.42711000e-01
    5.09000000e-02    2.11302000e-01
10  1
    1.52958000e+02   -8.20000000e-05
    1.00454000e+01   -4.25660000e-02
    6.27869000e+00    1.31661000e-01
    3.25290000e+00    1.04192000e-01
    1.75619000e+00   -3.54087000e-01
    9.16440000e-01   -8.23120000e-01
    4.75210000e-01    4.69112000e-01
    2.34041000e-01    1.30606700e+00
    1.09987000e-01   -6.00521000e-01
    5.09000000e-02   -6.03379000e-01
10  1
    1.52958000e+02   -1.57000000e-04
    1.00454000e+01   -6.17300000e-02
    6.27869000e+00    1.91273000e-01
    3.25290000e+00    3.03492000e-01
    1.75619000e+00   -1.26016000e+00
    9.16440000e-01   -6.60169000e-01
    4.75210000e-01    2.99411000e+00
    2.34041000e-01   -1.86286300e+00
    1.09987000e-01   -6.54895000e-01
    5.09000000e-02    1.07664100e+00
1  1
    2.31980000e-02    1.00000000e+00
9  2
    6.40194000e+01    1.67000000e-04
    1.75538000e+01    1.65300000e-03
    6.50016000e+00   -1.32930000e-02
    2.40482000e+00    6.70070000e-02
    1.34210000e+00    2.09129000e-01
    7.07823000e-01    3.09695000e-01
    3.60336000e-01    3.13996000e-01
    1.77077000e-01    2.32351000e-01
    8.36650000e-02    1.11934000e-01
9  2
    6.40194000e+01   -1.97000000e-04
    1.75538000e+01   -1.71100000e-03
    6.50016000e+00    1.42690000e-02
    2.40482000e+00   -8.26730000e-02
    1.34210000e+00   -2.57307000e-01
    7.07823000e-01   -3.43421000e-01
    3.60336000e-01   -5.48000000e-02
    1.77077000e-01    3.76531000e-01
    8.36650000e-02    4.79798000e-01
9  2
    6.40194000e+01    3.68000000e-04
    1.75538000e+01    2.28500000e-03
    6.50016000e+00   -2.10710000e-02
    2.40482000e+00    1.65744000e-01
    1.34210000e+00    4.84847000e-01
    7.07823000e-01    2.11394000e-01
    3.60336000e-01   -7.06618000e-01
    1.77077000e-01   -4.64957000e-01
    8.36650000e-02    5.32168000e-01
9  2
    6.40194000e+01   -3.50000000e-04
    1.75538000e+01   -4.10700000e-03
    6.50016000e+00    3.59670000e-02
    2.40482000e+00   -2.93865000e-01
    1.34210000e+00   -8.12650000e-01
    7.07823000e-01    8.50340000e-01
    3.60336000e-01    8.69025000e-01
    1.77077000e-01   -1.32379800e+00
    8.36650000e-02    4.94800000e-03
1  2
    3.70260000e-02    1.00000000e+00
1  3
    2.18100000e+00    1.00000000e+00
1  3
    7.02600000e-01    1.00000000e+00
1  3
    2.26300000e-01    1.00000000e+00
1  4
    1.25680000e+00    1.00000000e+00
1  4
    4.00700000e-01    1.00000000e+00
1  5
    8.38400000e-01    1.00000000e+00
