20
3  0
    1.50000000e+01    5.70829031e-02
    1.35000000e+01   -6.68247993e-01
    1.25717641e+01    7.55211462e-01
1  0
    4.13043423e+00    1.00000000e+00
1  0
    9.64781133e-01    1.00000000e+00
1  0
    4.37366490e-01    1.00000000e+00
1  0
    1.13186055e-01    1.00000000e+00
1  0
    5.75794237e-02    1.00000000e+00
1  0
    2.70181515e-02    1.00000000e+00
4  1
    9.10873434e+00    1.01921253e-01
    5.34954766e+00   -3.84602795e-01
    1.48701966e+00    5.34571347e-01
    9.05854738e-01    6.17241171e-01
1  1
    5.01412402e-01    1.00000000e+00
1  1
    2.32863181e-01    1.00000000e+00
1  1
    6.20000000e-02    1.00000000e+00
1  1
    2.10000000e-02    1.00000000e+00
4  2
    1.72153771e+01    3.01474759e-03
    5.84969169e+00   -2.89238363e-02
    1.82329672e+00    2.53986420e-01
    8.69702331e-01    5.27256039e-01
1  2
    3.94616976e-01    1.00000000e+00
1  2
    1.70841412e-01    1.00000000e+00
1  2
    6.92728196e-02    1.00000000e+00
1  3
    1.94625000e+00    1.00000000e+00
1  3
    6.55450000e-01    1.00000000e+00
1  3
    2.20740000e-01    1.00000000e+00
1  4
    6.46700000e-01    1.00000000e+00
