23
4  0
    2.26901662e+01    1.94991700e-01
    1.36509970e+01   -1.40975220e+00
    8.35604780e+00    3.96935290e+00
    4.91532210e+00   -3.98898330e+00
1  0
    3.00206340e+00    1.00000000e+00
1  0
    1.70080340e+00    1.00000000e+00
1  0
    1.00047260e+00    1.00000000e+00
1  0
    5.58553900e-01    1.00000000e+00
1  0
    2.46760100e-01    1.00000000e+00
1  0
    1.19786900e-01    1.00000000e+00
1  0
    7.04629000e-02    1.00000000e+00
1  1
    1.79739970e+00    1.00000000e+00
1  1
    8.39201000e-01    1.00000000e+00
1  1
    3.86317600e-01    1.00000000e+00
1  1
    1.76351200e-01    1.00000000e+00
1  1
    8.02794000e-02    1.00000000e+00
1  2
    2.53924370e+00    1.00000000e+00
1  2
    1.18556590e+00    1.00000000e+00
1  2
    5.45763100e-01    1.00000000e+00
1  2
    2.49137000e-01    1.00000000e+00
1  2
    1.13413300e-01    1.00000000e+00
2  3
    1.70057220e+00   -2.10507000e-02
    7.05547500e-01    1.01358000e-02
1  3
    2.98697400e-01    1.00000000e+00
1  4
    2.03781480e+00    1.00000000e+00
1  4
    7.51147000e-01    1.00000000e+00
1  4
    2.75145400e-01    1.00000000e+00
