43
1  0
    7.63747498e+05    1.00000000e+00
1  0
    3.37635617e+05    1.00000000e+00
1  0
    1.51900055e+05    1.00000000e+00
1  0
    6.95132100e+04    1.00000000e+00
1  0
    3.23408712e+04    1.00000000e+00
1  0
    1.52887803e+04    1.00000000e+00
1  0
    7.33971190e+03    1.00000000e+00
1  0
    3.57606183e+03    1.00000000e+00
1  0
    1.76714499e+03    1.00000000e+00
1  0
    8.85092199e+02    1.00000000e+00
1  0
    4.49002634e+02    1.00000000e+00
1  0
    2.30534203e+02    1.00000000e+00
1  0
    1.19706451e+02    1.00000000e+00
1  0
    6.28135105e+01    1.00000000e+00
1  0
    3.32803636e+01    1.00000000e+00
1  0
    1.77892610e+01    1.00000000e+00
1  0
    9.58490632e+00    1.00000000e+00
1  0
    5.20108496e+00    1.00000000e+00
1  0
    2.83977364e+00    1.00000000e+00
1  0
    1.55868139e+00    1.00000000e+00
1  0
    8.59228260e-01    1.00000000e+00
1  0
    4.75253940e-01    1.00000000e+00
1  0
    2.63507550e-01    1.00000000e+00
1  0
    1.46315960e-01    1.00000000e+00
1  0
    8.12832400e-02    1.00000000e+00
1  1
    1.79739970e+00    1.00000000e+00
1  1
    8.39201000e-01    1.00000000e+00
1  1
    3.86317600e-01    1.00000000e+00
1  1
    1.76351200e-01    1.00000000e+00
1  1
    8.02794000e-02    1.00000000e+00
1  2
    2.53924370e+00    1.00000000e+00
1  2
    1.18556590e+00    1.00000000e+00
1  2
    5.45763100e-01    1.00000000e+00
1  2
    2.49137000e-01    1.00000000e+00
1  2
    1.13413300e-01    1.00000000e+00
1  3
    1.70057220e+00    1.00000000e+00
1  3
    7.05547500e-01    1.00000000e+00
1  3
    2.98697400e-01    1.00000000e+00
1  4
    4.30000000e+01    1.00000000e+00
1  4
    6.00000000e+00    1.00000000e+00
1  4
    2.03781480e+00    1.00000000e+00
1  4
    7.51147000e-01    1.00000000e+00
1  4
    2.75145400e-01    1.00000000e+00
