49
13  0
    2.14501218e+05    1.25422257e-05
    3.57970357e+04    9.05247601e-05
    7.87169082e+03    5.17724887e-04
    2.14487919e+03    2.26309163e-03
    6.88070356e+02    8.17935925e-03
    2.49180984e+02    2.54132833e-02
    9.84658350e+01    6.88880391e-02
    4.13204940e+01    1.59350315e-01
    1.80245180e+01    2.94201087e-01
    8.03677300e+00    3.67436164e-01
    3.61424900e+00    2.03495451e-01
    1.62133400e+00    2.32824415e-02
    7.18374000e-01    1.69924119e-03
9  0
    9.84658350e+01   -5.96642592e-04
    4.13204940e+01   -3.09401537e-03
    1.80245180e+01   -1.49454492e-02
    8.03677300e+00   -5.09069233e-02
    3.61424900e+00   -7.70378039e-02
    1.62133400e+00    8.89535385e-02
    7.18374000e-01    3.90258315e-01
    3.11291000e-01    4.82048519e-01
    1.30482000e-01    1.73313039e-01
1  0
    9.57638240e+01    1.00000000e+00
1  0
    3.67744710e+01    1.00000000e+00
1  0
    1.41218430e+01    1.00000000e+00
1  0
    5.42295900e+00    1.00000000e+00
1  0
    3.08248200e+00    1.00000000e+00
1  0
    1.93906400e+00    1.00000000e+00
1  0
    7.89040000e-01    1.00000000e+00
1  0
    3.21075000e-01    1.00000000e+00
1  0
    1.30651000e-01    1.00000000e+00
1  0
    4.87307443e-02    1.00000000e+00
10  1
    4.12528338e+02    1.47029095e-04
    9.92969470e+01    1.27502303e-03
    3.16159790e+01    6.86386777e-03
    1.19170880e+01    2.51769358e-02
    4.94560100e+00    7.39615970e-02
    2.16244500e+00    1.73912604e-01
    9.71290000e-01    2.93688388e-01
    4.40809000e-01    3.47152658e-01
    1.98610000e-01    2.56623850e-01
    8.63360000e-02    7.02593187e-02
1  1
    2.38666336e+02    1.00000000e+00
1  1
    9.82495190e+01    1.00000000e+00
1  1
    4.04454530e+01    1.00000000e+00
1  1
    1.66497980e+01    1.00000000e+00
1  1
    6.85406500e+00    1.00000000e+00
1  1
    3.73143300e+00    1.00000000e+00
1  1
    2.03143600e+00    1.00000000e+00
1  1
    8.11120000e-01    1.00000000e+00
1  1
    3.23867000e-01    1.00000000e+00
1  1
    1.29315000e-01    1.00000000e+00
1  1
    5.59260000e-02    1.00000000e+00
1  1
    2.27910000e-02    1.00000000e+00
1  2
    1.75242810e+02    1.00000000e+00
1  2
    7.06018650e+01    1.00000000e+00
1  2
    2.84440960e+01    1.00000000e+00
1  2
    1.14595640e+01    1.00000000e+00
1  2
    5.37645100e+00    1.00000000e+00
1  2
    2.12150800e+00    1.00000000e+00
1  2
    8.37131000e-01    1.00000000e+00
1  2
    3.30326000e-01    1.00000000e+00
1  2
    1.30344300e-01    1.00000000e+00
1  3
    1.29095507e+02    1.00000000e+00
1  3
    4.93631390e+01    1.00000000e+00
1  3
    1.88753240e+01    1.00000000e+00
1  3
    7.38087100e+00    1.00000000e+00
1  3
    2.88616300e+00    1.00000000e+00
1  3
    1.18393800e+00    1.00000000e+00
1  3
    4.85665000e-01    1.00000000e+00
1  3
    1.99225300e-01    1.00000000e+00
1  4
    9.08766390e+01    1.00000000e+00
1  4
    3.14121790e+01    1.00000000e+00
1  4
    8.86656300e+00    1.00000000e+00
1  4
    2.50272200e+00    1.00000000e+00
1  4
    9.22436000e-01    1.00000000e+00
1  4
    3.39985000e-01    1.00000000e+00
1  5
    1.67656417e+00    1.00000000e+00
