 8 
 6    0 
  4173.5110000     1.8348000E-03    
   627.4579000     1.3995000E-02    
   142.9021000     6.8587000E-02    
    40.2343300     2.3224100E-01    
    12.8202100     4.6907000E-01    
     4.3904370     3.6045500E-01    
 3    0 
    11.6263580    -1.1496100E-01    
     2.7162800    -1.6911800E-01    
     0.7722180     1.1458520E+00    
 3    1 
    11.6263580     6.7580000E-02    
     2.7162800     3.2390700E-01    
     0.7722180     7.4089500E-01    
 1    0 
     0.2120313     1.0000000E+00    
 1    1 
     0.2120313     1.0000000E+00    
 1    0 
     0.0639000     1.0000000E+00    
 1    1 
     0.0639000     1.0000000E+00    
 1    2 
     0.8000000     1.0000000E+00    
