6
6    0
      0.4173511460D+04       0.1834772160D-02
      0.6274579110D+03       0.1399462700D-01
      0.1429020930D+03       0.6858655181D-01
      0.4023432930D+02       0.2322408730D+00
      0.1282021290D+02       0.4690699481D+00
      0.4390437010D+01       0.3604551991D+00
3    0
      0.1162636186D+02      -0.1149611817D+00       
      0.2716279807D+01      -0.1691174786D+00       
      0.7722183966D+00       0.1145851947D+01       
3    1
      0.1162636186D+02       0.6757974388D-01
      0.2716279807D+01       0.3239072959D+00
      0.7722183966D+00       0.7408951398D+00
1    0
      0.2120314975D+00       0.1000000000D+01       
1    1
      0.2120314975D+00       0.1000000000D+01
1    2
      0.8000000000D+00       1.0000000
