15
1    0
    151.440439               1.0
1    0
     59.396988               1.0
1    0
     23.296302               1.0
1    0
      9.137125               1.0
1    0
      3.583704               1.0
1    0
      1.405577               1.0
1    1
     20.411097               1.0
1    1
      5.431907               1.0
1    1
      1.445567               1.0
1    1
      0.384702               1.0
1    2
      4.255896               1.0
1    2
      1.417789               1.0
1    2
      0.472315               1.0
1    3
      1.485662               1.0
1    4
      0.979199               1.0
