19
10  0
    1.14200000e+04    5.23000000e-04
    1.71200000e+03    4.04500000e-03
    3.89300000e+02    2.07750000e-02
    1.10000000e+02    8.07270000e-02
    3.55700000e+01    2.33074000e-01
    1.25400000e+01    4.33501000e-01
    4.64400000e+00    3.47472000e-01
    1.29300000e+00    4.12620000e-02
    5.11800000e-01   -8.50800000e-03
    1.78700000e-01    2.38400000e-03
10  0
    1.14200000e+04   -1.15000000e-04
    1.71200000e+03   -8.95000000e-04
    3.89300000e+02   -4.62400000e-03
    1.10000000e+02   -1.85280000e-02
    3.55700000e+01   -5.73390000e-02
    1.25400000e+01   -1.32076000e-01
    4.64400000e+00   -1.72510000e-01
    1.29300000e+00    1.51814000e-01
    5.11800000e-01    5.99944000e-01
    1.78700000e-01    3.87462000e-01
1  0
    1.29300000e+00    1.00000000e+00
1  0
    1.78700000e-01    1.00000000e+00
1  0
    1.62010000e+01    1.00000000e+00
1  0
    5.95200000e+00    1.00000000e+00
1  0
    5.76000000e-02    1.00000000e+00
5  1
    2.66300000e+01    1.46700000e-02
    5.94800000e+00    9.17640000e-02
    1.74200000e+00    2.98683000e-01
    5.55000000e-01    4.98487000e-01
    1.72500000e-01    3.37023000e-01
1  1
    5.55000000e-01    1.00000000e+00
1  1
    1.72500000e-01    1.00000000e+00
1  1
    4.48490000e+01    1.00000000e+00
1  1
    1.18710000e+01    1.00000000e+00
1  1
    4.91000000e-02    1.00000000e+00
1  2
    1.65400000e+00    1.00000000e+00
1  2
    4.69000000e-01    1.00000000e+00
1  2
    1.42000000e+01    1.00000000e+00
1  2
    1.51000000e-01    1.00000000e+00
1  3
    1.09300000e+00    1.00000000e+00
1  3
    3.64000000e-01    1.00000000e+00
