 9 
7    0 
  9046.0000000   7.01708743E-04
  1357.0000000   5.40299880E-03
   309.3000000   2.74729510E-02
    87.7300000   1.03514580E-01
    28.5600000   2.79586579E-01
    10.2100000   4.51317241E-01
     3.8380000   2.80626875E-01
7    0 
  9046.0000000  7.77446797E-06
   309.3000000  3.00742072E-04
    87.7300000  -2.80016549E-03
    28.5600000  -9.89708505E-03
    10.2100000  -1.14331114E-01
     3.8380000  -1.18162383E-01
     0.7466000   1.09786885E+00 
 1    0 
     0.2248000     1.0000000E+00    
 1    0 
     0.0612400     1.0000000E+00    
 3    1 
    13.5500000    5.89056768E-02
     2.9170000    3.20461107E-01
     0.7973000    7.53042062E-01
 1    1 
     0.2185000     1.0000000E+00    
 1    1 
     0.0561100     1.0000000E+00    
 1    2 
     0.8170000     1.0000000E+00    
 1    2 
     0.2300000     1.0000000E+00  
