22 
 1    0 
    87.6864000     1.0000000E+00    
 1    0 
    20.4679000     1.0000000E+00    
 1    0 
     7.6243600     1.0000000E+00    
 1    0 
     2.3442600     1.0000000E+00    
 1    0 
     1.1232400     1.0000000E+00    
 1    0 
     0.7235390     1.0000000E+00    
 1    0 
     0.3272610     1.0000000E+00    
 1    1 
    29.2373000     1.0000000E+00    
 1    1 
     8.5529900     1.0000000E+00    
 1    1 
     2.5336400     1.0000000E+00    
 1    1 
     1.0946100     1.0000000E+00    
 1    1 
     0.4611040     1.0000000E+00    
 1    2 
    12.3278000     1.0000000E+00    
 1    2 
     3.4281600     1.0000000E+00    
 1    2 
     1.2853700     1.0000000E+00    
 1    2 
     0.4778500     1.0000000E+00    
 1    3 
     3.4011800     1.0000000E+00    
 1    3 
     1.3347300     1.0000000E+00    
1    0
      0.10361182811          1.0000000        
1    1
      0.16968199389          1.0000000        
1    2
      0.13349941560          1.0000000
1    3
      0.41976031664          1.0000000
