28
1  0
    2.87509269e+02    1.00000000e+00
1  0
    6.42760309e+01    1.00000000e+00
1  0
    2.16819240e+01    1.00000000e+00
1  0
    7.90687432e+00    1.00000000e+00
1  0
    2.43196739e+00    1.00000000e+00
1  0
    1.22266815e+00    1.00000000e+00
1  0
    7.66748274e-01    1.00000000e+00
1  0
    3.11588470e-01    1.00000000e+00
1  1
    3.49650274e+01    1.00000000e+00
1  1
    1.03238966e+01    1.00000000e+00
1  1
    2.89815826e+00    1.00000000e+00
1  1
    1.40774046e+00    1.00000000e+00
1  1
    8.50833865e-01    1.00000000e+00
1  1
    3.73532741e-01    1.00000000e+00
1  2
    1.39086371e+01    1.00000000e+00
1  2
    4.58472325e+00    1.00000000e+00
1  2
    2.21018487e+00    1.00000000e+00
1  2
    8.37683012e-01    1.00000000e+00
1  2
    4.19483756e-01    1.00000000e+00
1  3
    3.47306658e+00    1.00000000e+00
1  3
    1.55894635e+00    1.00000000e+00
1  3
    8.46776382e-01    1.00000000e+00
1  4
    1.77640663e+00    1.00000000e+00
1  0
    1.01097362e-01    1.00000000e+00
1  1
    1.48101837e-01    1.00000000e+00
1  2
    1.34106491e-01    1.00000000e+00
1  3
    2.88587433e-01    1.00000000e+00
1  4
    5.99811883e-01    1.00000000e+00
