36
1  0
    2.84729768e+02    1.00000000e+00
1  0
    6.18121302e+01    1.00000000e+00
1  0
    1.41333788e+01    1.00000000e+00
1  0
    5.15871076e+00    1.00000000e+00
1  0
    2.05491505e+00    1.00000000e+00
1  0
    1.13705730e+00    1.00000000e+00
1  0
    5.94815280e-01    1.00000000e+00
1  0
    3.58606800e-01    1.00000000e+00
1  1
    6.67499559e+01    1.00000000e+00
1  1
    1.69247864e+01    1.00000000e+00
1  1
    5.03034928e+00    1.00000000e+00
1  1
    2.82122380e+00    1.00000000e+00
1  1
    1.70033620e+00    1.00000000e+00
1  1
    6.95073520e-01    1.00000000e+00
1  1
    3.49537000e-01    1.00000000e+00
1  2
    2.51362075e+01    1.00000000e+00
1  2
    8.35522401e+00    1.00000000e+00
1  2
    3.36252870e+00    1.00000000e+00
1  2
    1.49897708e+00    1.00000000e+00
1  2
    7.40931790e-01    1.00000000e+00
1  2
    4.69488290e-01    1.00000000e+00
1  3
    8.47976509e+00    1.00000000e+00
1  3
    3.61735700e+00    1.00000000e+00
1  3
    2.49535994e+00    1.00000000e+00
1  3
    1.03313399e+00    1.00000000e+00
1  3
    4.81533510e-01    1.00000000e+00
1  4
    4.18508470e+00    1.00000000e+00
1  4
    1.92553488e+00    1.00000000e+00
1  4
    9.70773630e-01    1.00000000e+00
1  5
    2.12819152e+00    1.00000000e+00
1  0
    8.98489364e-02    1.00000000e+00
1  1
    1.14497941e-01    1.00000000e+00
1  2
    1.57620135e-01    1.00000000e+00
1  3
    1.63533892e-01    1.00000000e+00
1  4
    4.26561819e-01    1.00000000e+00
1  5
    7.85327263e-01    1.00000000e+00
