26
10  0
    4.32060020e+01   -1.21300000e-03
    2.67271730e+01    1.28400000e-02
    1.66097740e+01   -6.81030000e-02
    1.04320860e+01    1.89694000e-01
    6.44744500e+00   -2.12684000e-01
    3.82644300e+00   -7.71670000e-02
    2.18033500e+00    2.86690000e-02
    7.98095000e-01    4.03618000e-01
    3.22841000e-01    5.30966000e-01
    1.31215000e-01    1.82598000e-01
1  0
    1.67740400e+00    1.00000000e+00
1  0
    7.00176000e-01    1.00000000e+00
1  0
    2.92264000e-01    1.00000000e+00
1  0
    1.21995000e-01    1.00000000e+00
1  0
    4.19000000e-02    1.00000000e+00
10  1
    3.67679830e+01   -6.09000000e-04
    2.28533840e+01    6.55400000e-03
    1.44842860e+01   -3.30260000e-02
    9.19899600e+00    6.65180000e-02
    5.09733900e+00    4.31650000e-02
    2.41261200e+00    1.54619000e-01
    1.08714800e+00    2.78518000e-01
    4.89455000e-01    3.54003000e-01
    2.16608000e-01    2.82811000e-01
    9.18660000e-02    8.51100000e-02
1  1
    1.74909900e+00    1.00000000e+00
1  1
    7.14832000e-01    1.00000000e+00
1  1
    2.92141000e-01    1.00000000e+00
1  1
    1.19393000e-01    1.00000000e+00
1  1
    2.82170000e-02    1.00000000e+00
1  2
    4.71800000e+00    1.00000000e+00
1  2
    1.84323200e+00    1.00000000e+00
1  2
    7.20113000e-01    1.00000000e+00
1  2
    2.81334000e-01    1.00000000e+00
1  2
    9.13760000e-02    1.00000000e+00
1  3
    3.15500000e+00    1.00000000e+00
1  3
    1.28132400e+00    1.00000000e+00
1  3
    5.20376000e-01    1.00000000e+00
1  3
    1.89026000e-01    1.00000000e+00
1  4
    2.34901500e+00    1.00000000e+00
1  4
    9.24017000e-01    1.00000000e+00
1  4
    3.71626000e-01    1.00000000e+00
1  5
    1.87777000e+00    1.00000000e+00
1  5
    7.86700000e-01    1.00000000e+00
