44
18  0
    1.29629600e+06    1.40000000e-06
    1.94068600e+05    1.10000000e-05
    4.41605700e+04    5.80000000e-05
    1.25077200e+04    2.45000000e-04
    4.08047600e+03    8.93000000e-04
    1.47314000e+03    2.91300000e-03
    5.74606600e+02    8.66400000e-03
    2.38370000e+02    2.36350000e-02
    1.03993600e+02    5.85180000e-02
    4.72794400e+01    1.27728700e-01
    2.22187100e+01    2.32873700e-01
    1.07356900e+01    3.21117000e-01
    5.30885600e+00    2.71316700e-01
    2.63917700e+00    9.85308000e-02
    1.16576400e+00    7.88860000e-03
    5.37091000e-01    3.12500000e-04
    2.44904000e-01    3.64000000e-04
    1.10271000e-01    7.27000000e-05
1  0
    5.30885600e+00    1.00000000e+00
1  0
    2.63917700e+00    1.00000000e+00
1  0
    1.16576400e+00    1.00000000e+00
1  0
    5.37091000e-01    1.00000000e+00
18  0
    1.29629600e+06   -3.10000000e-07
    1.94068600e+05   -2.43000000e-06
    4.41605700e+04   -1.27900000e-05
    1.25077200e+04   -5.39900000e-05
    4.08047600e+03   -1.97300000e-04
    1.47314000e+03   -6.43200000e-04
    5.74606600e+02   -1.92640000e-03
    2.38370000e+02   -5.29480000e-03
    1.03993600e+02   -1.34588000e-02
    4.72794400e+01   -3.06129000e-02
    2.22187100e+01   -6.15113000e-02
    1.07356900e+01   -1.02005500e-01
    5.30885600e+00   -1.29501400e-01
    2.63917700e+00   -5.37032000e-02
    1.16576400e+00    2.02976500e-01
    5.37091000e-01    4.48574700e-01
    2.44904000e-01    4.00313860e-01
    1.10271000e-01    1.02452920e-01
1  0
    2.44904000e-01    1.00000000e+00
1  0
    1.10271000e-01    1.00000000e+00
0  0
1  1
    2.80363000e+00    1.00000000e+00
1  1
    1.35573600e+00    1.00000000e+00
1  1
    6.62396000e-01    1.00000000e+00
12  1
    1.09496000e+03    2.76000000e-05
    2.58661100e+02    2.45000000e-04
    8.38525500e+01    1.39200000e-03
    3.19622500e+01    5.85900000e-03
    1.34112100e+01    1.94130000e-02
    5.98547100e+00    5.35998000e-02
    2.80363000e+00    1.23195600e-01
    1.35573600e+00    2.21569000e-01
    6.62396000e-01    3.02409500e-01
    3.22912000e-01    3.00986400e-01
    1.55921000e-01    1.81791800e-01
    7.28200000e-02    3.87420000e-02
1  1
    3.22912000e-01    1.00000000e+00
1  1
    1.55921000e-01    1.00000000e+00
1  1
    7.28200000e-02    1.00000000e+00
0  1
1  2
    8.59142980e+00    1.00000000e+00
1  2
    4.03353510e+00    1.00000000e+00
1  2
    1.89367850e+00    1.00000000e+00
1  2
    8.89050900e-01    1.00000000e+00
1  2
    4.17394800e-01    1.00000000e+00
1  2
    1.95960000e-01    1.00000000e+00
0  2
1  3
    5.73890020e+00    1.00000000e+00
1  3
    2.77241560e+00    1.00000000e+00
1  3
    1.33933120e+00    1.00000000e+00
1  3
    6.47019900e-01    1.00000000e+00
1  3
    3.12570000e-01    1.00000000e+00
0  3
1  4
    5.53680240e+00    1.00000000e+00
1  4
    2.58729080e+00    1.00000000e+00
1  4
    1.20901440e+00    1.00000000e+00
1  4
    5.64960000e-01    1.00000000e+00
0  4
1  5
    4.21812880e+00    1.00000000e+00
1  5
    2.08714940e+00    1.00000000e+00
1  5
    1.03273000e+00    1.00000000e+00
0  5
1  6
    3.45000000e+00    1.00000000e+00
1  6
    1.58000000e+00    1.00000000e+00
0  6
1  7
    2.37900000e+00    1.00000000e+00
0  7
