35
10  0
    1.29200000e+05    2.50000000e-05
    1.93500000e+04    1.97000000e-04
    4.40400000e+03    1.03200000e-03
    1.24800000e+03    4.32500000e-03
    4.08000000e+02    1.53800000e-02
    1.48200000e+02    4.68670000e-02
    5.85000000e+01    1.20116000e-01
    2.45900000e+01    2.45695000e-01
    1.08100000e+01    3.61379000e-01
    4.88200000e+00    2.87283000e-01
10  0
    1.29200000e+05   -6.00000000e-06
    1.93500000e+04   -4.30000000e-05
    4.40400000e+03   -2.27000000e-04
    1.24800000e+03   -9.58000000e-04
    4.08000000e+02   -3.41600000e-03
    1.48200000e+02   -1.06670000e-02
    5.85000000e+01   -2.82790000e-02
    2.45900000e+01   -6.40200000e-02
    1.08100000e+01   -1.13932000e-01
    4.88200000e+00   -1.46995000e-01
1  0
    2.19500000e+00    1.00000000e+00
1  0
    8.71500000e-01    1.00000000e+00
1  0
    3.50400000e-01    1.00000000e+00
1  0
    1.39700000e-01    1.00000000e+00
1  0
    1.22750000e+01    1.00000000e+00
1  0
    2.78270000e+01    1.00000000e+00
1  0
    6.30850000e+01    1.00000000e+00
1  0
    1.43013000e+02    1.00000000e+00
4  1
    1.47000000e+02    8.92000000e-04
    3.47600000e+01    7.08200000e-03
    1.10000000e+01    3.28160000e-02
    3.99500000e+00    1.08209000e-01
1  1
    1.58700000e+00    1.00000000e+00
1  1
    6.53300000e-01    1.00000000e+00
1  1
    2.68600000e-01    1.00000000e+00
1  1
    1.06700000e-01    1.00000000e+00
1  1
    1.07600000e+01    1.00000000e+00
1  1
    2.71800000e+01    1.00000000e+00
1  1
    6.86560000e+01    1.00000000e+00
1  1
    1.73425000e+02    1.00000000e+00
1  2
    4.64700000e+00    1.00000000e+00
1  2
    1.81300000e+00    1.00000000e+00
1  2
    7.07000000e-01    1.00000000e+00
1  2
    2.76000000e-01    1.00000000e+00
1  2
    1.40530000e+01    1.00000000e+00
1  2
    3.90810000e+01    1.00000000e+00
1  2
    1.08685000e+02    1.00000000e+00
1  3
    2.94200000e+00    1.00000000e+00
1  3
    1.20400000e+00    1.00000000e+00
1  3
    4.93000000e-01    1.00000000e+00
1  3
    1.43570000e+01    1.00000000e+00
1  3
    5.26900000e+01    1.00000000e+00
1  4
    2.51100000e+00    1.00000000e+00
1  4
    9.42000000e-01    1.00000000e+00
1  4
    4.11200000e+01    1.00000000e+00
1  5
    1.76800000e+00    1.00000000e+00
