 6 
 9    0 
  9046.0000000     7.0000000E-04    
  1357.0000000     5.3890000E-03    
   309.3000000     2.7406000E-02    
    87.7300000     1.0320700E-01    
    28.5600000     2.7872300E-01    
    10.2100000     4.4854000E-01    
     3.8380000     2.7823800E-01    
     0.7466000     1.5440000E-02    
     0.2248000    -2.8640000E-03    
 9    0 
  9046.0000000    -1.5300000E-04    
  1357.0000000    -1.2080000E-03    
   309.3000000    -5.9920000E-03    
    87.7300000    -2.4544000E-02    
    28.5600000    -6.7459000E-02    
    10.2100000    -1.5807800E-01    
     3.8380000    -1.2183100E-01    
     0.7466000     5.4900300E-01    
     0.2248000     5.7881500E-01    
 1    0 
     0.2248000     1.0000000E+00    
 4    1 
    13.5500000     3.9919000E-02    
     2.9170000     2.1716900E-01    
     0.7973000     5.1031900E-01    
     0.2185000     4.6221400E-01    
 1    1 
     0.2185000     1.0000000E+00    
 1    2 
     0.8170000     1.0000000E+00    
