15 
8    0 
 45840.0000000   1.53498860E-04
  6868.0000000   1.17982663E-03
  1563.0000000   6.20774627E-03
   442.4000000   2.53809233E-02
   144.3000000   8.65027768E-02
    52.1800000   2.26618948E-01
    20.3400000   4.35502199E-01
     8.3810000   3.46559202E-01
7    0 
  6868.0000000   -1.03979248E-05
   442.4000000   -4.73651749E-04
   144.3000000   -2.10247496E-03
    52.1800000   -2.30614753E-02
    20.3400000   -9.67685261E-02
     8.3810000   -4.37663793E-01
     3.5290000   -5.05621886E-01
 1    0 
     1.0540000     1.0000000E+00    
 1    0 
     0.4118000     1.0000000E+00    
 1    0 
     0.1552000     1.0000000E+00    
 3    1 
    49.3300000     5.5330000E-03    
    11.3700000     3.7962000E-02    
     3.4350000     1.4902800E-01    
 1    1 
     1.1820000     1.0000000E+00    
 1    1 
     0.4173000     1.0000000E+00    
 1    1 
     0.1428000     1.0000000E+00    
 1    2 
     2.8370000     1.0000000E+00    
 1    2 
     0.9680000     1.0000000E+00    
 1    2 
     0.3350000     1.0000000E+00    
 1    3 
     2.0270000     1.0000000E+00    
 1    3 
     0.6850000     1.0000000E+00    
 1    4 
     1.4270000     1.0000000E+00    
