23 
 1    0 
   287.5092695     1.0000000E+00    
 1    0 
    64.2760309     1.0000000E+00    
 1    0 
    21.6819240     1.0000000E+00    
 1    0 
     7.9068743     1.0000000E+00    
 1    0 
     2.4319674     1.0000000E+00    
 1    0 
     1.2226681     1.0000000E+00    
 1    0 
     0.7667483     1.0000000E+00    
 1    0 
     0.3115885     1.0000000E+00    
 1    1 
    34.9650274     1.0000000E+00    
 1    1 
    10.3238966     1.0000000E+00    
 1    1 
     2.8981583     1.0000000E+00    
 1    1 
     1.4077405     1.0000000E+00    
 1    1 
     0.8508339     1.0000000E+00    
 1    1 
     0.3735327     1.0000000E+00    
 1    2 
    13.9086371     1.0000000E+00    
 1    2 
     4.5847233     1.0000000E+00    
 1    2 
     2.2101849     1.0000000E+00    
 1    2 
     0.8376830     1.0000000E+00    
 1    2 
     0.4194838     1.0000000E+00    
 1    3 
     3.4730666     1.0000000E+00    
 1    3 
     1.5589464     1.0000000E+00    
 1    3 
     0.8467764     1.0000000E+00    
 1    4 
     1.7764066     1.0000000E+00    
