12
8  0
    9.04600000e+03    7.00000000e-04
    1.35700000e+03    5.38900000e-03
    3.09300000e+02    2.74060000e-02
    8.77300000e+01    1.03207000e-01
    2.85600000e+01    2.78723000e-01
    1.02100000e+01    4.48540000e-01
    3.83800000e+00    2.78238000e-01
    7.46600000e-01    1.54400000e-02
8  0
    9.04600000e+03   -1.53000000e-04
    1.35700000e+03   -1.20800000e-03
    3.09300000e+02   -5.99200000e-03
    8.77300000e+01   -2.45440000e-02
    2.85600000e+01   -6.74590000e-02
    1.02100000e+01   -1.58078000e-01
    3.83800000e+00   -1.21831000e-01
    7.46600000e-01    5.49003000e-01
1  0
    2.24800000e-01    1.00000000e+00
1  0
    6.12400000e-02    1.00000000e+00
1  0
    1.67000000e-02    1.00000000e+00
3  1
    1.35500000e+01    3.99190000e-02
    2.91700000e+00    2.17169000e-01
    7.97300000e-01    5.10319000e-01
1  1
    2.18500000e-01    1.00000000e+00
1  1
    5.61100000e-02    1.00000000e+00
1  1
    1.44000000e-02    1.00000000e+00
1  2
    8.17000000e-01    1.00000000e+00
1  2
    2.30000000e-01    1.00000000e+00
1  2
    6.47000000e-02    1.00000000e+00
