33
1    0
    270.16                   1.0000000
1    0
     65.5655                 1.0000000
1    0
     26.1581                 1.0000000
1    0
     12.1539                 1.0000000
1    0
      2.93899                1.0000000
1    0
      1.74277                1.0000000
1    0
      0.970756               1.0000000
1    0
      0.431318               1.0000000
1    0
      0.265722               1.0000000
1    1
     75.0137                 1.0000000
1    1
     20.646                  1.0000000
1    1
      8.50289                1.0000000
1    1
      3.51896                1.0000000
1    1
      2.17404                1.0000000
1    1
      0.852831               1.0000000
1    1
      0.453657               1.0000000
1    1
      0.323403               1.0000000
1    2
     21.1146                 1.0000000
1    2
      7.10001                1.0000000
1    2
      3.57592                1.0000000
1    2
      2.04643                1.0000000
1    2
      1.25245                1.0000000
1    2
      0.631629               1.0000000
1    2
      0.311297               1.0000000
1    3
      8.47976509             1.0000000
1    3
      3.61735700             1.0000000
1    3
      2.49535994             1.0000000
1    3
      1.03313399             1.0000000
1    3
      0.48153351             1.0000000
1    4
      4.18508470             1.0000000
1    4
      1.92553488             1.0000000
1    4
      0.97077363             1.0000000
1    5
      2.12819152             1.0000000
