22
1    0
    291.18394257              .56533084
1    0
     62.03053238             1.37490932
1    0
     21.98113229              .28294012
1    0
      9.06711534             1.0000000
1    0
      3.60654848             1.0000000
1    0
      1.37284474             1.0000000
1    0
       .63709085             1.0000000
1    0
       .26907231             1.0000000
1    1
     34.12169197             1.03739350
1    1
      8.66927085              .98879118
1    1
      3.96958444             1.0000000
1    1
      1.67569027             1.0000000
1    1
       .69769401             1.0000000
1    1
       .33582544             1.0000000
2    2
     12.72717340              .53636257
      5.02916611             1.31247449
1    2
      2.09125025             1.0000000
1    2
       .85902043             1.0000000
1    2
       .35068479             1.0000000
1    3
      3.46865369              .90354051
1    3
      1.66865042             1.65562725
1    3
       .80947600              .24984638
1    4
      1.78131415             1.0000000
