10
1    0
   1640.00000000             1.00000000       
1    0
    328.00000000             1.00000000       
1    0
     82.00000000             1.00000000       
1    0
     20.50000000             1.00000000       
1    10
      6.40000000             1.00000000             1.00000000       
1    10
      1.28000000             1.00000000             1.00000000       
1    10
      0.32000000             1.00000000             1.00000000       
1    2
      6.40000000             1.00000000       
1    2
      1.28000000             1.00000000       
1    2
      0.32000000             1.00000000  
