17
8  0
    9.07268892e+04    3.92578874e-05
    1.35905288e+04    3.05133165e-04
    3.09298838e+03    1.60005604e-03
    8.75998764e+02    6.69829373e-03
    2.85744700e+02    2.36900788e-02
    1.03119134e+02    7.14554053e-02
    4.01285568e+01    1.76327749e-01
    1.65280957e+01    3.26775928e-01
2  0
    6.93909610e+01    8.00520944e-02
    2.04282006e+01    7.82680635e-01
1  0
    7.12925880e+00    1.00000000e+00
1  0
    3.13243049e+00    1.00000000e+00
1  0
    9.87557787e-01    1.00000000e+00
1  0
    3.87657213e-01    1.00000000e+00
1  0
    1.49098831e-01    1.00000000e+00
5  1
    1.50057427e+02   -8.62161660e-04
    3.54915995e+01   -6.85712732e-03
    1.12478642e+01   -3.17956889e-02
    4.09003052e+00   -1.05373968e-01
    1.62205731e+00   -2.45197080e-01
1  1
    6.64422615e-01    1.00000000e+00
1  1
    2.70997701e-01    1.00000000e+00
1  1
    1.06887500e-01    1.00000000e+00
1  2
    2.83700000e+00    1.00000000e+00
1  2
    9.68000000e-01    1.00000000e+00
1  2
    3.35000000e-01    1.00000000e+00
1  3
    2.02700000e+00    1.00000000e+00
1  3
    6.85000000e-01    1.00000000e+00
1  4
    1.42700000e+00    1.00000000e+00
