N nelec 2
N ul
1 23.63340710 5.00000000
2 12.76459249 -14976.62712606
2 12.72992389 15353.20727847
2 10.27495819 -628.43702825
2 9.20060255 237.21774688
3 12.03855655 118.16703550
N s
2 14.24088519 11322.79383786
2 15.53117387 -5727.66555023
2 13.22616481 -26396.39609342
2 13.84211416 16573.89873185
2 9.24758856 -1575.52419854
2 10.65233177 5818.99345107
N p
2 13.36254584 692.84041989
2 6.66868769 -1608.57139763
2 21.42932984 104.56895861
2 17.19298082 -425.86377225
2 9.84724728 -599.53455427
2 6.79758673 1832.08230714
