12
7  0
    1.01643000e+04    6.82757000e-04
    1.52481000e+03    5.27488000e-03
    3.47119000e+02    2.70037000e-02
    9.82389000e+01    1.03673000e-01
    3.17799000e+01    2.89575000e-01
    1.12240000e+01    5.00000000e-01
    4.06611000e+00    3.64621000e-01
2  0
    7.47898000e+00   -9.75681000e-02
    8.05040000e-01    5.00000000e-01
1  0
    3.24626000e-01    1.00000000e+00
1  0
    1.28132000e-01    1.00000000e+00
3  1
    3.13758000e+02    3.69272000e-03
    4.82704000e+01    6.67993000e-02
    1.10815000e+01    5.00000000e-01
1  1
    3.26643000e+00    1.00000000e+00
1  1
    1.11680000e+00    1.00000000e+00
1  1
    3.82049000e-01    1.00000000e+00
1  1
    1.21222000e-01    1.00000000e+00
1  2
    1.80000000e+00    1.00000000e+00
1  2
    5.50000000e-01    1.00000000e+00
1  3
    1.02000000e+00    1.00000000e+00
