7
5  0
    1.72632000e+03    5.93077000e-03
    2.59827000e+02    4.42539000e-02
    5.90335000e+01    1.96096000e-01
    1.63509000e+01    5.00000000e-01
    4.91084000e+00    4.82987000e-01
2  0
    7.75894000e+00   -7.03356000e-02
    7.05573000e-01    5.00000000e-01
1  0
    2.09286000e-01    1.00000000e+00
3  1
    8.56986000e+01    6.15630000e-03
    1.31844000e+01    9.22010000e-02
    2.81860000e+00    5.00000000e-01
1  1
    7.65571000e-01    1.00000000e+00
1  1
    1.95949000e-01    1.00000000e+00
1  2
    9.00000000e-01    1.00000000e+00
