15 
 7    0 
  2542.9401785     9.0466800E-02    
  1029.5472946     1.4556750E-01    
   424.9053546     4.5940900E-01    
   178.4573708     1.1392859E+00    
    76.1362742     2.1795891E+00    
    32.9338653     2.7604305E+00    
    14.4155436     1.2837451E+00    
 1    0 
     6.3718891    -1.7026420E-01    
 1    0 
     2.8381742     5.0447200E-02    
 1    0 
     1.2711793     6.6345880E-01    
 1    0 
     0.5712407     4.1165590E-01    
 1    0 
     0.2569887     4.8916700E-02    
 2    1 
    17.8975990    -3.3065600E-02    
     6.5346319     4.1582000E-03    
 1    1 
     2.3523645     5.2582400E-02    
 1    1 
     0.8397377     1.7058000E-03    
 1    1 
     0.2989335     1.2296000E-02    
 2    2 
     7.6909870     3.5820000E-03    
     2.3044972     1.8040300E-02    
 1    2 
     0.8403987     1.9444100E-02    
 1    2 
     0.3303797     2.3610000E-04    
 2    3 
     2.3331076     6.7248000E-03    
     0.8446137     5.4427000E-03    
 1    4 
     1.4037700    -2.3051000E-03    
