67
14  0
    6.02635895e+05    1.05896663e-05
    1.05397005e+05    7.27347667e-05
    2.32687687e+04    4.22822252e-04
    6.24877927e+03    1.89940699e-03
    1.97070208e+03    7.01858521e-03
    7.06178839e+02    2.20548258e-02
    2.78862974e+02    5.99691783e-02
    1.18012637e+02    1.40455818e-01
    5.22017840e+01    2.68259211e-01
    2.36162860e+01    3.65048445e-01
    1.07291210e+01    2.43981182e-01
    4.82414600e+00    4.21820346e-02
    2.12418600e+00    1.92835001e-03
    9.10209000e-01   -1.36442863e-05
11  0
    7.06178839e+02   -7.56382589e-05
    2.78862974e+02   -5.37654683e-04
    1.18012637e+02   -3.20026462e-03
    5.22017840e+01   -1.44615328e-02
    2.36162860e+01   -4.96136130e-02
    1.07291210e+01   -8.18991817e-02
    4.82414600e+00    7.03790770e-02
    2.12418600e+00    4.04107389e-01
    9.10209000e-01    5.01181080e-01
    3.78869000e-01    1.55723015e-01
    1.53652000e-01   -1.93508473e-03
7  0
    4.82414600e+00   -3.02527758e-04
    2.12418600e+00   -7.03751192e-03
    9.10209000e-01   -4.02591092e-02
    3.78869000e-01   -1.13665220e-01
    1.53652000e-01    1.93314678e-02
    6.12030000e-02    5.93591379e-01
    2.42660000e-02    4.89536712e-01
1  0
    3.00505502e+02    1.00000000e+00
1  0
    1.50279863e+02    1.00000000e+00
1  0
    7.51534900e+01    1.00000000e+00
1  0
    3.75835260e+01    1.00000000e+00
1  0
    1.87951540e+01    1.00000000e+00
1  0
    9.39927300e+00    1.00000000e+00
1  0
    4.70048400e+00    1.00000000e+00
1  0
    2.35066600e+00    1.00000000e+00
1  0
    1.26569200e+00    1.00000000e+00
1  0
    5.31686000e-01    1.00000000e+00
1  0
    2.23348000e-01    1.00000000e+00
1  0
    9.38230000e-02    1.00000000e+00
1  0
    6.99052412e-03    1.00000000e+00
12  1
    1.12468089e+03    1.51222900e-04
    2.80912785e+02    1.29097197e-03
    8.81904720e+01    7.50512579e-03
    3.27996810e+01    2.93963049e-02
    1.36840990e+01    8.61853419e-02
    6.10045300e+00    1.89668501e-01
    2.78866800e+00    2.99190326e-01
    1.26528200e+00    3.43859631e-01
    5.57144000e-01    2.40139275e-01
    2.35464000e-01    5.51483954e-02
    9.56740000e-02    5.92226577e-04
    3.79700000e-02    5.69996016e-04
8  1
    6.10045300e+00   -4.06602362e-04
    2.78866800e+00   -6.45658857e-04
    1.26528200e+00   -1.71150139e-03
    5.57144000e-01   -7.95055808e-03
    2.35464000e-01    6.84398968e-03
    9.56740000e-02    1.75429844e-01
    3.79700000e-02    5.44146208e-01
    1.51860000e-02    3.83229749e-01
1  1
    4.70138217e+02    1.00000000e+00
1  1
    2.22889142e+02    1.00000000e+00
1  1
    1.05670137e+02    1.00000000e+00
1  1
    5.00974510e+01    1.00000000e+00
1  1
    2.37508410e+01    1.00000000e+00
1  1
    1.12601020e+01    1.00000000e+00
1  1
    5.33833300e+00    1.00000000e+00
1  1
    2.53086500e+00    1.00000000e+00
1  1
    1.19986500e+00    1.00000000e+00
1  1
    5.58128000e-01    1.00000000e+00
1  1
    2.48053000e-01    1.00000000e+00
1  1
    1.10244000e-01    1.00000000e+00
1  1
    4.89960000e-02    1.00000000e+00
1  1
    5.96333100e-03    1.00000000e+00
1  2
    1.77298774e+02    1.00000000e+00
1  2
    7.94830700e+01    1.00000000e+00
1  2
    3.56322740e+01    1.00000000e+00
1  2
    1.59739540e+01    1.00000000e+00
1  2
    7.16112600e+00    1.00000000e+00
1  2
    2.71232430e+00    1.00000000e+00
1  2
    1.43919300e+00    1.00000000e+00
1  2
    7.10399000e-01    1.00000000e+00
1  2
    3.00945000e-01    1.00000000e+00
1  2
    1.27489000e-01    1.00000000e+00
1  2
    5.40080000e-02    1.00000000e+00
1  2
    2.28793000e-02    1.00000000e+00
1  3
    1.03626849e+02    1.00000000e+00
1  3
    4.34862690e+01    1.00000000e+00
1  3
    1.82487030e+01    1.00000000e+00
1  3
    7.65793800e+00    1.00000000e+00
1  3
    3.21359900e+00    1.00000000e+00
1  3
    1.34856400e+00    1.00000000e+00
1  3
    5.89277000e-01    1.00000000e+00
1  3
    2.57494000e-01    1.00000000e+00
1  3
    1.46389000e-01    1.00000000e+00
1  3
    8.32240000e-02    1.00000000e+00
1  3
    4.73138000e-02    1.00000000e+00
1  4
    2.06888730e+01    1.00000000e+00
1  4
    9.03916800e+00    1.00000000e+00
1  4
    3.94930000e+00    1.00000000e+00
1  4
    1.72548700e+00    1.00000000e+00
1  4
    6.43766000e-01    1.00000000e+00
1  4
    2.40184000e-01    1.00000000e+00
1  4
    1.41202000e-01    1.00000000e+00
1  4
    8.30113000e-02    1.00000000e+00
1  5
    9.20148700e+00    1.00000000e+00
1  5
    3.45552500e+00    1.00000000e+00
1  5
    8.27277000e-01    1.00000000e+00
1  5
    1.98056355e-01    1.00000000e+00
