17
6  0
    3.61664000e+04    1.03200000e-03
    5.37258000e+03    8.07100000e-03
    1.21321000e+03    4.21290000e-02
    3.39623000e+02    1.69789000e-01
    1.09553000e+02    5.14621000e-01
    3.87773000e+01    3.79817000e-01
3  0
    3.87773000e+01    3.74762000e-01
    1.45759000e+01    5.75769000e-01
    5.26993000e+00    1.12933000e-01
1  0
    1.82777000e+00    1.00000000e+00
1  0
    6.19948000e-01    1.00000000e+00
1  0
    5.72400000e-02    1.00000000e+00
1  0
    2.40480000e-02    1.00000000e+00
4  1
    1.44645000e+02    1.14850000e-02
    3.39074000e+01    8.23830000e-02
    1.06285000e+01    3.19658000e-01
    3.82389000e+00    7.01295000e-01
2  1
    1.44429000e+00    6.38506000e-01
    5.52621000e-01    4.25365000e-01
1  1
    1.88720000e-01    1.00000000e+00
1  1
    4.65010000e-02    1.00000000e+00
1  1
    1.62850000e-02    1.00000000e+00
1  0
    7.60000000e-03    1.00000000e+00
1  1
    7.60000000e-03    1.00000000e+00
1  2
    7.00000000e-01    1.00000000e+00
1  2
    1.75000000e-01    1.00000000e+00
1  2
    4.37500000e-02    1.00000000e+00
1  3
    1.50000000e-01    1.00000000e+00
