10
6  0
    9.99320000e+03    1.93770000e-03
    1.49989000e+03    1.48070000e-02
    3.41951000e+02    7.27060000e-02
    9.46797000e+01    2.52629000e-01
    2.97345000e+01    4.93242000e-01
    1.00063000e+01    3.13169000e-01
6  0
    1.50963000e+02   -3.54210000e-03
    3.55878000e+01   -4.39590000e-02
    1.11683000e+01   -1.09752100e-01
    3.90201000e+00    1.87398000e-01
    1.38177000e+00    6.46699000e-01
    4.66382000e-01    3.06058000e-01
6  1
    1.50963000e+02    5.00170000e-03
    3.55878000e+01    3.55110000e-02
    1.11683000e+01    1.42825000e-01
    3.90201000e+00    3.38620000e-01
    1.38177000e+00    4.51579000e-01
    4.66382000e-01    2.73271000e-01
3  0
    4.97966000e-01   -2.48503000e-01
    8.43530000e-02   -1.31704000e-01
    6.66350000e-02    1.23352000e+00
3  1
    4.97966000e-01   -2.30230000e-02
    8.43530000e-02    9.50359000e-01
    6.66350000e-02    5.98580000e-02
1  0
    2.59544000e-02    1.00000000e+00
1  1
    2.59544000e-02    1.00000000e+00
1  0
    7.60000000e-03    1.00000000e+00
1  1
    7.60000000e-03    1.00000000e+00
1  2
    1.75000000e-01    1.00000000e+00
