47
19  0
    1.22400000e+06    5.00000000e-06
    1.83200000e+05    3.70000000e-05
    4.17000000e+04    1.96000000e-04
    1.18100000e+04    8.27000000e-04
    3.85300000e+03    3.00300000e-03
    1.39100000e+03    9.70300000e-03
    5.42500000e+02    2.82340000e-02
    2.24900000e+02    7.32060000e-02
    9.79300000e+01    1.62897000e-01
    4.43100000e+01    2.88708000e-01
    2.06500000e+01    3.46829000e-01
    9.72900000e+00    2.06865000e-01
    4.22800000e+00    3.28010000e-02
    1.96900000e+00   -6.48000000e-04
    8.89000000e-01    1.45900000e-03
    3.96400000e-01   -1.78000000e-04
    6.99300000e-02    9.10000000e-05
    3.28900000e-02   -8.30000000e-05
    1.61200000e-02    2.90000000e-05
19  0
    1.22400000e+06   -1.00000000e-06
    1.83200000e+05   -9.00000000e-06
    4.17000000e+04   -4.80000000e-05
    1.18100000e+04   -2.02000000e-04
    3.85300000e+03   -7.36000000e-04
    1.39100000e+03   -2.38700000e-03
    5.42500000e+02   -7.05000000e-03
    2.24900000e+02   -1.87860000e-02
    9.79300000e+01   -4.46150000e-02
    4.43100000e+01   -8.97740000e-02
    2.06500000e+01   -1.42940000e-01
    9.72900000e+00   -1.24315000e-01
    4.22800000e+00    9.99650000e-02
    1.96900000e+00    4.17080000e-01
    8.89000000e-01    4.75123000e-01
    3.96400000e-01    1.63268000e-01
    6.99300000e-02    3.09500000e-03
    3.28900000e-02   -1.55300000e-03
    1.61200000e-02    5.58000000e-04
18  0
    1.83200000e+05    1.00000000e-06
    4.17000000e+04    7.00000000e-06
    1.18100000e+04    3.00000000e-05
    3.85300000e+03    1.11000000e-04
    1.39100000e+03    3.59000000e-04
    5.42500000e+02    1.06300000e-03
    2.24900000e+02    2.82700000e-03
    9.79300000e+01    6.76700000e-03
    4.43100000e+01    1.36480000e-02
    2.06500000e+01    2.22810000e-02
    9.72900000e+00    1.96010000e-02
    4.22800000e+00   -1.67710000e-02
    1.96900000e+00   -7.73730000e-02
    8.89000000e-01   -1.13501000e-01
    3.96400000e-01   -1.39130000e-01
    6.99300000e-02    4.40083000e-01
    3.28900000e-02    5.38952000e-01
    1.61200000e-02    1.33889000e-01
1  0
    3.96400000e-01    1.00000000e+00
1  0
    6.99300000e-02    1.00000000e+00
1  0
    3.28900000e-02    1.00000000e+00
1  0
    1.61200000e-02    1.00000000e+00
1  0
    1.57489000e+02    1.00000000e+00
1  0
    2.79270000e+01    1.00000000e+00
1  0
    4.95200000e+00    1.00000000e+00
1  0
    8.78000000e-01    1.00000000e+00
1  0
    5.10000000e-03    1.00000000e+00
12  1
    4.13400000e+02    9.08000000e-04
    9.79800000e+01    7.41800000e-03
    3.13700000e+01    3.57460000e-02
    1.16200000e+01    1.18520000e-01
    4.67100000e+00    2.61403000e-01
    1.91800000e+00    3.78395000e-01
    7.77500000e-01    3.34632000e-01
    3.01300000e-01    1.26844000e-01
    2.27500000e-01   -1.47120000e-02
    7.52700000e-02    5.68600000e-03
    3.12600000e-02   -1.71000000e-03
    1.34200000e-02    5.47000000e-04
12  1
    4.13400000e+02   -9.00000000e-05
    9.79800000e+01   -7.39000000e-04
    3.13700000e+01   -3.57300000e-03
    1.16200000e+01   -1.20140000e-02
    4.67100000e+00   -2.67180000e-02
    1.91800000e+00   -3.92750000e-02
    7.77500000e-01   -3.76080000e-02
    3.01300000e-01   -4.33230000e-02
    2.27500000e-01    5.18000000e-02
    7.52700000e-02    2.60194000e-01
    3.12600000e-02    5.49681000e-01
    1.34200000e-02    2.81872000e-01
1  1
    2.27500000e-01    1.00000000e+00
1  1
    7.52700000e-02    1.00000000e+00
1  1
    3.12600000e-02    1.00000000e+00
1  1
    1.34200000e-02    1.00000000e+00
1  1
    9.86900000e+00    1.00000000e+00
1  1
    4.41400000e+00    1.00000000e+00
1  1
    1.97400000e+00    1.00000000e+00
1  1
    8.83000000e-01    1.00000000e+00
1  1
    5.50000000e-03    1.00000000e+00
1  2
    1.44010000e+01    1.00000000e+00
1  2
    6.18400000e+00    1.00000000e+00
1  2
    2.65600000e+00    1.00000000e+00
1  2
    1.14000000e+00    1.00000000e+00
1  2
    2.73400000e-01    1.00000000e+00
1  2
    1.53800000e-01    1.00000000e+00
1  2
    8.65000000e-02    1.00000000e+00
1  2
    4.87000000e-02    1.00000000e+00
1  2
    2.29000000e-02    1.00000000e+00
1  3
    1.05240000e+01    1.00000000e+00
1  3
    4.40500000e+00    1.00000000e+00
1  3
    1.84400000e+00    1.00000000e+00
1  3
    4.00000000e-01    1.00000000e+00
1  3
    1.91200000e-01    1.00000000e+00
1  3
    1.03600000e-01    1.00000000e+00
1  3
    4.14000000e-02    1.00000000e+00
1  4
    7.32600000e+00    1.00000000e+00
1  4
    2.72700000e+00    1.00000000e+00
1  4
    4.25000000e-01    1.00000000e+00
1  4
    1.72200000e-01    1.00000000e+00
1  4
    7.32000000e-02    1.00000000e+00
1  5
    5.13300000e+00    1.00000000e+00
1  5
    2.00000000e-01    1.00000000e+00
1  5
    1.04800000e-01    1.00000000e+00
