14
12  0
    3.17000000e+04    4.58878000e-04
    4.75500000e+03    3.55070000e-03
    1.08200000e+03    1.82618000e-02
    3.06400000e+02    7.16650000e-02
    9.95300000e+01    2.12346000e-01
    3.54200000e+01    4.16203000e-01
    1.33000000e+01    3.73020000e-01
    4.39200000e+00    6.25054000e-02
    1.67600000e+00   -6.24532000e-03
    5.88900000e-01    2.43374000e-03
    5.64000000e-02   -4.42381000e-04
    2.30700000e-02    2.41924000e-04
12  0
    3.17000000e+04   -1.12162000e-04
    4.75500000e+03   -8.68512000e-04
    1.08200000e+03   -4.51330000e-03
    3.06400000e+02   -1.81436000e-02
    9.95300000e+01   -5.80799000e-02
    3.54200000e+01   -1.37653000e-01
    1.33000000e+01   -1.93908000e-01
    4.39200000e+00    8.58009000e-02
    1.67600000e+00    6.04419000e-01
    5.88900000e-01    4.41719000e-01
    5.64000000e-02    1.30547000e-02
    2.30700000e-02   -5.68085000e-03
12  0
    3.17000000e+04    1.70160000e-05
    4.75500000e+03    1.30693000e-04
    1.08200000e+03    6.87784000e-04
    3.06400000e+02    2.72359000e-03
    9.95300000e+01    8.95529000e-03
    3.54200000e+01    2.07832000e-02
    1.33000000e+01    3.19380000e-02
    4.39200000e+00   -1.91368000e-02
    1.67600000e+00   -1.02595000e-01
    5.88900000e-01   -1.98945000e-01
    5.64000000e-02    6.55952000e-01
    2.30700000e-02    4.31153000e-01
1  0
    2.30700000e-02    1.00000000e+00
1  0
    7.04000000e-01    1.00000000e+00
1  0
    7.25000000e-03    1.00000000e+00
8  1
    1.38100000e+02    5.79641000e-03
    3.22400000e+01    4.15756000e-02
    9.98500000e+00    1.62873000e-01
    3.48400000e+00    3.59401000e-01
    1.23100000e+00    4.49988000e-01
    4.17700000e-01    2.27507000e-01
    6.51300000e-02    8.08247000e-03
    2.05300000e-02   -1.96293000e-03
8  1
    1.38100000e+02   -5.81531000e-04
    3.22400000e+01   -4.07306000e-03
    9.98500000e+00   -1.67937000e-02
    3.48400000e+00   -3.53268000e-02
    1.23100000e+00   -5.21971000e-02
    4.17700000e-01   -1.68359000e-02
    6.51300000e-02    4.34613000e-01
    2.05300000e-02    6.58218000e-01
1  1
    2.05300000e-02    1.00000000e+00
1  1
    7.61000000e-01    1.00000000e+00
1  1
    6.33000000e-03    1.00000000e+00
1  2
    2.94900000e+00    1.00000000e+00
1  2
    9.73000000e-02    1.00000000e+00
1  2
    4.68000000e-02    1.00000000e+00
