24
1  0
    1.59646000e+02    1.00000000e+00
1  0
    3.50886000e+01    1.00000000e+00
1  0
    9.68068000e+00    1.00000000e+00
1  0
    5.65459000e+00    1.00000000e+00
1  0
    1.83236000e+00    1.00000000e+00
1  0
    6.40241000e-01    1.00000000e+00
1  0
    3.29007000e-01    1.00000000e+00
1  0
    1.30603000e-01    1.00000000e+00
1  0
    5.04624000e-02    1.00000000e+00
1  1
    5.13091000e+01    1.00000000e+00
1  1
    5.34079000e+00    1.00000000e+00
1  1
    1.72797000e+00    1.00000000e+00
1  1
    9.08608000e-01    1.00000000e+00
1  1
    4.10309000e-01    1.00000000e+00
1  1
    1.02451000e-01    1.00000000e+00
1  1
    6.16833000e-02    1.00000000e+00
1  2
    1.69440000e+01    1.00000000e+00
1  2
    4.70522000e+00    1.00000000e+00
1  2
    1.08925000e+00    1.00000000e+00
1  2
    5.28614000e-01    1.00000000e+00
1  2
    1.55416000e-01    1.00000000e+00
1  3
    2.31497000e+00    1.00000000e+00
1  3
    6.82956000e-01    1.00000000e+00
1  3
    2.73570000e-01    1.00000000e+00
