32
1  0
    2.62945000e+02    1.00000000e+00
1  0
    5.93272000e+01    1.00000000e+00
1  0
    2.44106000e+01    1.00000000e+00
1  0
    1.03153000e+01    1.00000000e+00
1  0
    3.82467000e+00    1.00000000e+00
1  0
    1.21138000e+00    1.00000000e+00
1  0
    6.26025000e-01    1.00000000e+00
1  0
    2.31136000e-01    1.00000000e+00
1  0
    9.96160000e-02    1.00000000e+00
1  0
    6.08538000e-02    1.00000000e+00
1  1
    4.59602000e+01    1.00000000e+00
1  1
    5.92673000e+00    1.00000000e+00
1  1
    2.44801000e+00    1.00000000e+00
1  1
    1.25173000e+00    1.00000000e+00
1  1
    5.55056000e-01    1.00000000e+00
1  1
    3.23653000e-01    1.00000000e+00
1  1
    1.31738000e-01    1.00000000e+00
1  1
    6.79466000e-02    1.00000000e+00
1  2
    2.37262000e+01    1.00000000e+00
1  2
    7.20337000e+00    1.00000000e+00
1  2
    2.54853000e+00    1.00000000e+00
1  2
    9.65966000e-01    1.00000000e+00
1  2
    4.23426000e-01    1.00000000e+00
1  2
    2.50862000e-01    1.00000000e+00
1  2
    1.02838000e-01    1.00000000e+00
1  3
    3.71955000e+00    1.00000000e+00
1  3
    1.16754000e+00    1.00000000e+00
1  3
    5.29388000e-01    1.00000000e+00
1  3
    2.65125000e-01    1.00000000e+00
1  3
    1.46659000e-01    1.00000000e+00
1  4
    1.44688000e+00    1.00000000e+00
1  4
    5.14372000e-01    1.00000000e+00
