29
16  0
    1.22400000e+06    4.78894000e-06
    1.83200000e+05    3.72395000e-05
    4.17000000e+04    1.95831000e-04
    1.18100000e+04    8.26698000e-04
    3.85300000e+03    3.00251000e-03
    1.39100000e+03    9.70310000e-03
    5.42500000e+02    2.82337000e-02
    2.24900000e+02    7.32058000e-02
    9.79300000e+01    1.62897000e-01
    4.43100000e+01    2.88708000e-01
    2.06500000e+01    3.46829000e-01
    9.72900000e+00    2.06865000e-01
    4.22800000e+00    3.28009000e-02
    1.96900000e+00   -6.47736000e-04
    8.89000000e-01    1.45878000e-03
    3.96400000e-01   -1.78346000e-04
16  0
    1.22400000e+06   -1.16958000e-06
    1.83200000e+05   -9.09110000e-06
    4.17000000e+04   -4.78499000e-05
    1.18100000e+04   -2.01962000e-04
    3.85300000e+03   -7.35837000e-04
    1.39100000e+03   -2.38746000e-03
    5.42500000e+02   -7.04969000e-03
    2.24900000e+02   -1.87856000e-02
    9.79300000e+01   -4.46153000e-02
    4.43100000e+01   -8.97741000e-02
    2.06500000e+01   -1.42940000e-01
    9.72900000e+00   -1.24315000e-01
    4.22800000e+00    9.99648000e-02
    1.96900000e+00    4.17080000e-01
    8.89000000e-01    4.75123000e-01
    3.96400000e-01    1.63268000e-01
16  0
    1.22400000e+06    1.75871000e-07
    1.83200000e+05    1.36594000e-06
    4.17000000e+04    7.19795000e-06
    1.18100000e+04    3.03349000e-05
    3.85300000e+03    1.10752000e-04
    1.39100000e+03    3.58596000e-04
    5.42500000e+02    1.06272000e-03
    2.24900000e+02    2.82687000e-03
    9.79300000e+01    6.76742000e-03
    4.43100000e+01    1.36480000e-02
    2.06500000e+01    2.22814000e-02
    9.72900000e+00    1.96011000e-02
    4.22800000e+00   -1.67708000e-02
    1.96900000e+00   -7.73734000e-02
    8.89000000e-01   -1.13501000e-01
    3.96400000e-01   -1.39130000e-01
1  0
    6.99300000e-02    1.00000000e+00
1  0
    3.28900000e-02    1.00000000e+00
1  0
    1.61200000e-02    1.00000000e+00
1  0
    2.42820000e+01    1.00000000e+00
1  0
    4.87400000e+00    1.00000000e+00
1  0
    9.78000000e-01    1.00000000e+00
9  1
    4.13400000e+02    9.08196000e-04
    9.79800000e+01    7.41773000e-03
    3.13700000e+01    3.57464000e-02
    1.16200000e+01    1.18520000e-01
    4.67100000e+00    2.61403000e-01
    1.91800000e+00    3.78395000e-01
    7.77500000e-01    3.34632000e-01
    3.01300000e-01    1.26844000e-01
    2.27500000e-01   -1.47117000e-02
9  1
    4.13400000e+02   -9.01741000e-05
    9.79800000e+01   -7.39342000e-04
    3.13700000e+01   -3.57309000e-03
    1.16200000e+01   -1.20142000e-02
    4.67100000e+00   -2.67178000e-02
    1.91800000e+00   -3.92753000e-02
    7.77500000e-01   -3.76083000e-02
    3.01300000e-01   -4.33228000e-02
    2.27500000e-01    5.18003000e-02
1  1
    7.52700000e-02    1.00000000e+00
1  1
    3.12600000e-02    1.00000000e+00
1  1
    1.34200000e-02    1.00000000e+00
1  1
    4.46600000e+00    1.00000000e+00
1  1
    1.68900000e+00    1.00000000e+00
1  1
    6.38000000e-01    1.00000000e+00
1  2
    1.53800000e-01    1.00000000e+00
1  2
    8.65000000e-02    1.00000000e+00
1  2
    4.87000000e-02    1.00000000e+00
1  2
    8.60600000e+00    1.00000000e+00
1  2
    3.13700000e+00    1.00000000e+00
1  2
    1.14400000e+00    1.00000000e+00
1  3
    1.91200000e-01    1.00000000e+00
1  3
    1.03600000e-01    1.00000000e+00
1  3
    6.25800000e+00    1.00000000e+00
1  3
    2.17300000e+00    1.00000000e+00
1  4
    1.72200000e-01    1.00000000e+00
1  4
    4.09700000e+00    1.00000000e+00
