17
14    0
 1224000.000000    4.79215461E-06
 183200.0000000    3.72644911E-05
  41700.0000000    1.95962519E-04
  11810.0000000    8.27253386E-04
   3853.0000000    3.00453411E-03
   1391.0000000    9.70968109E-03
    542.5000000    2.82532005E-02
    224.9000000    7.32582546E-02
     97.9300000    1.63023682E-01 
     44.3100000    2.88971495E-01
     20.6500000    3.47270212E-01
      9.7290000    2.07268545E-01
      4.2280000    3.24384143E-02
      1.9690000    -2.07894333E-03
10    0
   1391.0000000   -1.29293699E-05
    542.5000000   -1.56939695E-04
    224.9000000   -1.03693255E-03
     97.9300000   -5.66414664E-03
     44.3100000   -2.30854122E-02
     20.6500000   -6.97115419E-02
      9.7290000   -8.87204760E-02
      4.2280000   1.29428509E-01
      1.9690000   4.85755565E-01
      0.8890000   5.09705817E-01
8    0
    224.9000000       -6.49573090E-05
     44.3100000       -4.93826484E-04
     20.6500000        7.90536130E-04
      9.7290000        4.54457531E-04
      4.2280000       -3.38922082E-03
      1.9690000       -6.46863056E-02
      0.8890000       -2.38480850E-01
      0.3964000       -7.32757749E-01
1    0
      0.0699300                   1.0000000 
1    0
      0.0328900                   1.0000000  
1    0
      0.0161200                   1.0000000        
8    1
    413.4000000    9.08966864E-04
     97.9800000    7.42319504E-03
     31.3700000    3.57697630E-02
     11.6200000    1.18548516E-01
      4.6710000    2.61401614E-01
      1.9180000    3.78217544E-01
      0.7775000    3.33634034E-01
      0.3013000    1.17963648E-01
7    1
     31.3700000   -5.01365900E-04
     11.6200000   -9.91586075E-03
      4.6710000   -3.27089929E-02
      1.9180000   -7.69333705E-02
      0.7775000   -2.09854735E-01
      0.3013000   -1.51320507E+00
      0.2275000    2.48258357E+00
1     1
      0.0752700             1.0
1     1
      0.0312600             1.0
1     1
      0.0134200             1.0
1     2
      0.1538000              1.0
1     2
      0.0865000              1.0
1     2
      0.0487000              1.0
1     3
      0.1912000              1.0
1     3
      0.1036000              1.0
1     4
      0.1722000              1.0
