48
1  0
    4.19616000e+02    1.00000000e+00
1  0
    7.61844000e+01    1.00000000e+00
1  0
    3.61094000e+01    1.00000000e+00
1  0
    1.06799000e+01    1.00000000e+00
1  0
    5.62063000e+00    1.00000000e+00
1  0
    1.92556000e+00    1.00000000e+00
1  0
    8.52646000e-01    1.00000000e+00
1  0
    3.87552000e-01    1.00000000e+00
1  0
    2.21264000e-01    1.00000000e+00
1  0
    1.39657000e-01    1.00000000e+00
1  0
    8.45091000e-02    1.00000000e+00
1  0
    4.93757000e-02    1.00000000e+00
1  1
    9.00275000e+01    1.00000000e+00
1  1
    2.28330000e+01    1.00000000e+00
1  1
    8.49552000e+00    1.00000000e+00
1  1
    3.99696000e+00    1.00000000e+00
1  1
    1.85464000e+00    1.00000000e+00
1  1
    8.33572000e-01    1.00000000e+00
1  1
    4.04155000e-01    1.00000000e+00
1  1
    2.20763000e-01    1.00000000e+00
1  1
    1.40095000e-01    1.00000000e+00
1  1
    9.49665000e-02    1.00000000e+00
1  1
    5.55046000e-02    1.00000000e+00
1  2
    2.46842000e+01    1.00000000e+00
1  2
    7.30865000e+00    1.00000000e+00
1  2
    2.16140000e+00    1.00000000e+00
1  2
    1.01598000e+00    1.00000000e+00
1  2
    4.60342000e-01    1.00000000e+00
1  2
    2.64182000e-01    1.00000000e+00
1  2
    1.63262000e-01    1.00000000e+00
1  2
    1.12281000e-01    1.00000000e+00
1  2
    7.17359000e-02    1.00000000e+00
1  3
    5.49860000e+00    1.00000000e+00
1  3
    1.89729000e+00    1.00000000e+00
1  3
    9.06002000e-01    1.00000000e+00
1  3
    4.48908000e-01    1.00000000e+00
1  3
    2.79331000e-01    1.00000000e+00
1  3
    1.69807000e-01    1.00000000e+00
1  3
    1.00110000e-01    1.00000000e+00
1  4
    1.97276000e+00    1.00000000e+00
1  4
    8.31274000e-01    1.00000000e+00
1  4
    4.44306000e-01    1.00000000e+00
1  4
    2.43401000e-01    1.00000000e+00
1  4
    1.21353000e-01    1.00000000e+00
1  5
    1.19661000e+00    1.00000000e+00
1  5
    5.15542000e-01    1.00000000e+00
1  5
    1.95597000e-01    1.00000000e+00
1  6
    5.33694000e-01    1.00000000e+00
