23
14  0
    3.09540000e+06    2.27025000e-06
    4.61567000e+05    1.78244000e-05
    1.04174000e+05    9.48168000e-05
    2.93413000e+04    4.02743000e-04
    9.54303000e+03    1.47166000e-03
    3.43837000e+03    4.81068000e-03
    1.33857000e+03    1.43535000e-02
    5.54005000e+02    3.93045000e-02
    2.41002000e+02    9.76387000e-02
    1.08870000e+02    2.12894000e-01
    5.09387000e+01    3.79976000e-01
    2.44419000e+01    5.00000000e-01
    1.17734000e+01    3.81755000e-01
    5.63030000e+00    1.03793000e-01
5  0
    1.25807000e+02   -5.78418000e-03
    3.91912000e+01   -4.43469000e-02
    1.44448000e+01   -1.26688000e-01
    2.77102000e+00    4.05840000e-01
    1.15947000e+00    5.00000000e-01
2  0
    1.44232000e+00    2.46385000e-01
    5.48802000e-01    5.00000000e-01
1  0
    2.31000000e-01    1.00000000e+00
1  0
    9.52929000e-02    1.00000000e+00
1  0
    4.17204000e-02    1.00000000e+00
1  0
    1.75659000e-02    1.00000000e+00
7  1
    1.91651000e+04    1.09746000e-05
    2.94848000e+03    2.22984000e-04
    7.00747000e+02    2.04966000e-03
    2.29090000e+02    1.14737000e-02
    8.80653000e+01    4.96425000e-02
    3.62213000e+01    1.88541000e-01
    1.60725000e+01    5.00000000e-01
1  1
    7.57547000e+00    1.00000000e+00
1  1
    3.66221000e+00    1.00000000e+00
1  1
    1.76584000e+00    1.00000000e+00
1  1
    8.42395000e-01    1.00000000e+00
1  1
    3.90140000e-01    1.00000000e+00
1  1
    1.72619000e-01    1.00000000e+00
1  1
    8.07000000e-02    1.00000000e+00
1  1
    3.67000000e-02    1.00000000e+00
1  1
    1.67000000e-02    1.00000000e+00
1  2
    2.35000000e+00    1.00000000e+00
1  2
    5.60000000e-01    1.00000000e+00
1  2
    1.40000000e-01    1.00000000e+00
1  3
    1.08000000e+00    1.00000000e+00
1  3
    2.40000000e-01    1.00000000e+00
1  4
    3.00000000e-01    1.00000000e+00
