6
5  0
    4.09440000e+03    5.95638000e-03
    6.16161000e+02    4.44531000e-02
    1.39968000e+02    1.97678000e-01
    3.89011000e+01    5.00000000e-01
    1.20097000e+01    4.36664000e-01
2  0
    1.72063000e+00    5.00000000e-01
    5.46182000e-01    3.40641000e-01
1  0
    6.18218000e-02    1.00000000e+00
1  0
    2.64778000e-02    1.00000000e+00
5  1
    2.46605000e+02    3.25530000e-03
    3.79392000e+01    5.12641000e-02
    8.45240000e+00    2.79342000e-01
    2.33229000e+00    5.86584000e-01
    6.10084000e-01    5.00000000e-01
1  1
    9.50000000e-02    1.00000000e+00
