12
8  0
    5.70255000e+04    2.57591000e-04
    8.54710000e+03    1.99792000e-03
    1.94516000e+03    1.03946000e-02
    5.50737000e+02    4.22553000e-02
    1.79362000e+02    1.37082000e-01
    6.43703000e+01    3.29261000e-01
    2.47211000e+01    5.00000000e-01
    9.62704000e+00    3.12399000e-01
3  0
    5.47955000e+01   -2.74204000e-02
    1.62859000e+01   -1.24741000e-01
    2.49115000e+00    5.00000000e-01
2  0
    1.02140000e+00    5.00000000e-01
    4.14410000e-01    2.17447000e-01
1  0
    6.26192000e-02    1.00000000e+00
1  0
    2.23001000e-02    1.00000000e+00
5  1
    1.49586000e+03    2.72941000e-04
    2.30133000e+02    5.28054000e-03
    5.41082000e+01    4.27445000e-02
    1.73774000e+01    1.79351000e-01
    6.30965000e+00    5.00000000e-01
1  1
    2.40664000e+00    1.00000000e+00
1  1
    9.01852000e-01    1.00000000e+00
1  1
    3.14401000e-01    1.00000000e+00
1  1
    1.21000000e-01    1.00000000e+00
1  1
    3.90000000e-02    1.00000000e+00
1  2
    2.40000000e-01    1.00000000e+00
