17
11  0
    4.31559000e+05    2.64167000e-05
    6.46498000e+04    2.05316000e-04
    1.47155000e+04    1.07846000e-03
    4.16919000e+03    4.53669000e-03
    1.36007000e+03    1.63312000e-02
    4.90899000e+02    5.14213000e-02
    1.91567000e+02    1.39239000e-01
    7.91503000e+01    3.12440000e-01
    3.40517000e+01    5.19283000e-01
    1.50457000e+01    5.00000000e-01
    6.65355000e+00    1.77126000e-01
5  0
    1.31134000e+02   -4.61014000e-03
    4.05944000e+01   -3.66414000e-02
    1.47837000e+01   -1.09925000e-01
    2.62202000e+00    4.12302000e-01
    1.02399000e+00    5.00000000e-01
2  0
    1.26141000e+00    2.88600000e-01
    4.29184000e-01    5.00000000e-01
1  0
    7.97567000e-02    1.00000000e+00
1  0
    3.69033000e-02    1.00000000e+00
1  0
    1.67525000e-02    1.00000000e+00
6  1
    7.44673000e+03    4.18162000e-05
    1.14565000e+03    8.46285000e-04
    2.71957000e+02    7.63265000e-03
    8.84085000e+01    4.09011000e-02
    3.30239000e+01    1.72037000e-01
    1.34670000e+01    5.00000000e-01
1  1
    5.92527000e+00    1.00000000e+00
1  1
    2.66564000e+00    1.00000000e+00
1  1
    1.18952000e+00    1.00000000e+00
1  1
    5.14436000e-01    1.00000000e+00
1  1
    2.11923000e-01    1.00000000e+00
1  1
    1.00000000e-01    1.00000000e+00
1  1
    3.70000000e-02    1.00000000e+00
1  2
    9.10000000e-01    1.00000000e+00
1  2
    1.90000000e-01    1.00000000e+00
1  3
    2.70000000e-01    1.00000000e+00
