18
7  0
    3.75494688e+03    3.68128000e-01
    1.40645609e+03    6.38650500e-01
    5.43461153e+02    2.13140270e+00
    2.16238912e+02    4.43419520e+00
    8.84180110e+01    6.01931860e+00
    3.70700801e+01    2.60666590e+00
    1.58976971e+01   -6.61704600e-01
1  0
    6.95578450e+00    1.00000000e+00
1  0
    3.09641560e+00    1.00000000e+00
1  0
    1.39832330e+00    1.00000000e+00
1  0
    6.38657800e-01    1.00000000e+00
1  0
    2.94084400e-01    1.00000000e+00
1  0
    1.36086600e-01    1.00000000e+00
1  0
    6.30775000e-02    1.00000000e+00
2  1
    1.92914768e+01    9.11630000e-03
    5.81565950e+00   -2.86151000e-02
1  1
    1.72858040e+00    1.00000000e+00
1  1
    5.09490100e-01    1.00000000e+00
1  1
    1.49752400e-01    1.00000000e+00
2  2
    1.40911593e+01    2.50460000e-03
    3.98266160e+00    1.27930000e-03
1  2
    1.32856020e+00    1.00000000e+00
1  2
    4.96938800e-01    1.00000000e+00
1  2
    1.93707500e-01    1.00000000e+00
2  3
    1.87353200e-01    1.21410000e-03
    9.80271000e-02   -4.70600000e-04
1  4
    7.01600000e-02    1.00000000e+00
