30
15  0
    1.67244000e+04    2.00000000e-06
    2.80257000e+03    1.30000000e-05
    6.20606000e+02    6.90000000e-05
    1.69994000e+02    2.18000000e-04
    2.89091000e+01    6.67700000e-03
    1.79890000e+01   -5.24340000e-02
    1.10810000e+01    1.68524000e-01
    4.50841000e+00   -3.07140000e-01
    2.77404000e+00   -3.65648000e-01
    1.27858000e+00    3.57750000e-01
    7.10482000e-01    6.67781000e-01
    3.71244000e-01    3.21988000e-01
    1.53762000e-01    2.88090000e-02
    7.99430000e-02   -3.20600000e-03
    3.90490000e-02    2.86300000e-03
15  0
    1.67244000e+04   -1.00000000e-06
    2.80257000e+03   -5.00000000e-06
    6.20606000e+02   -2.30000000e-05
    1.69994000e+02   -7.70000000e-05
    2.89091000e+01   -2.00800000e-03
    1.79890000e+01    1.63130000e-02
    1.10810000e+01   -5.46570000e-02
    4.50841000e+00    1.12323000e-01
    2.77404000e+00    1.17130000e-01
    1.27858000e+00   -1.44441000e-01
    7.10482000e-01   -3.10562000e-01
    3.71244000e-01   -2.72399000e-01
    1.53762000e-01    1.00535000e-01
    7.99430000e-02    5.28596000e-01
    3.90490000e-02    4.92676000e-01
15  0
    1.67244000e+04   -1.00000000e-06
    2.80257000e+03   -8.00000000e-06
    6.20606000e+02   -5.20000000e-05
    1.69994000e+02   -1.22000000e-04
    2.89091000e+01   -5.02900000e-03
    1.79890000e+01    3.59710000e-02
    1.10810000e+01   -1.14467000e-01
    4.50841000e+00    2.52574000e-01
    2.77404000e+00    2.02551000e-01
    1.27858000e+00   -2.62426000e-01
    7.10482000e-01   -1.17544500e+00
    3.71244000e-01    1.94783000e-01
    1.53762000e-01    1.88147400e+00
    7.99430000e-02   -1.48758000e-01
    3.90490000e-02   -9.36528000e-01
15  0
    1.67244000e+04   -2.00000000e-06
    2.80257000e+03   -1.30000000e-05
    6.20606000e+02   -8.60000000e-05
    1.69994000e+02   -1.83000000e-04
    2.89091000e+01   -8.13500000e-03
    1.79890000e+01    5.65980000e-02
    1.10810000e+01   -1.81464000e-01
    4.50841000e+00    4.39551000e-01
    2.77404000e+00    3.37023000e-01
    1.27858000e+00   -9.13654000e-01
    7.10482000e-01   -2.39682500e+00
    3.71244000e-01    3.93905400e+00
    1.53762000e-01   -1.05611000e-01
    7.99430000e-02   -2.93735200e+00
    3.90490000e-02    1.44655000e+00
15  0
    1.67244000e+04    1.00000000e-06
    2.80257000e+03    3.70000000e-05
    6.20606000e+02   -3.40000000e-05
    1.69994000e+02    8.94000000e-04
    2.89091000e+01   -1.33320000e-02
    1.79890000e+01    1.73350000e-02
    1.10810000e+01    9.54540000e-02
    4.50841000e+00   -1.92816000e-01
    2.77404000e+00   -1.43022200e+00
    1.27858000e+00    4.95627100e+00
    7.10482000e-01   -3.00550200e+00
    3.71244000e-01   -3.36204000e+00
    1.53762000e-01    7.78443600e+00
    7.99430000e-02   -6.43267000e+00
    3.90490000e-02    1.01108000e+00
15  0
    1.67244000e+04    5.00000000e-06
    2.80257000e+03    2.40000000e-05
    6.20606000e+02    1.97000000e-04
    1.69994000e+02    3.22000000e-04
    2.89091000e+01    1.93240000e-02
    1.79890000e+01   -1.27233000e-01
    1.10810000e+01    4.12608000e-01
    4.50841000e+00   -1.33514000e+00
    2.77404000e+00   -6.68147000e-01
    1.27858000e+00    1.04666180e+01
    7.10482000e-01   -1.80167040e+01
    3.71244000e-01    1.42476880e+01
    1.53762000e-01   -7.41498900e+00
    7.99430000e-02    1.67680700e+00
    3.90490000e-02    2.55286600e+00
1  0
    1.92340000e-02    1.00000000e+00
12  1
    9.45740000e+01    1.42000000e-04
    1.65451000e+01   -3.12300000e-03
    1.03353000e+01    4.37240000e-02
    6.45568000e+00   -8.66590000e-02
    3.78185000e+00   -1.24244000e-01
    1.51009000e+00    2.59950000e-01
    8.52913000e-01    4.35249000e-01
    4.70551000e-01    3.35118000e-01
    2.52507000e-01    1.21581000e-01
    1.27712000e-01    1.57470000e-02
    6.54580000e-02    1.68200000e-03
    3.37640000e-02    1.40000000e-04
12  1
    9.45740000e+01   -4.60000000e-05
    1.65451000e+01    9.76000000e-04
    1.03353000e+01   -1.39150000e-02
    6.45568000e+00    2.92850000e-02
    3.78185000e+00    3.64390000e-02
    1.51009000e+00   -9.41250000e-02
    8.52913000e-01   -1.62913000e-01
    4.70551000e-01   -1.53228000e-01
    2.52507000e-01    3.61760000e-02
    1.27712000e-01    3.11025000e-01
    6.54580000e-02    4.52368000e-01
    3.37640000e-02    2.98823000e-01
12  1
    9.45740000e+01   -6.60000000e-05
    1.65451000e+01    1.39900000e-03
    1.03353000e+01   -2.02860000e-02
    6.45568000e+00    4.23910000e-02
    3.78185000e+00    5.52160000e-02
    1.51009000e+00   -1.40704000e-01
    8.52913000e-01   -2.44430000e-01
    4.70551000e-01   -2.44642000e-01
    2.52507000e-01    1.47268000e-01
    1.27712000e-01    5.84220000e-01
    6.54580000e-02    3.94258000e-01
    3.37640000e-02    6.51680000e-02
12  1
    9.45740000e+01   -1.15000000e-04
    1.65451000e+01    2.30200000e-03
    1.03353000e+01   -3.57330000e-02
    6.45568000e+00    7.52340000e-02
    3.78185000e+00    1.08019000e-01
    1.51009000e+00   -2.97028000e-01
    8.52913000e-01   -6.99776000e-01
    4.70551000e-01    9.05700000e-03
    2.52507000e-01    1.37047500e+00
    1.27712000e-01    1.11348000e-01
    6.54580000e-02   -8.57366000e-01
    3.37640000e-02   -1.92289000e-01
12  1
    9.45740000e+01   -1.84000000e-04
    1.65451000e+01    4.00500000e-03
    1.03353000e+01   -5.85500000e-02
    6.45568000e+00    1.21340000e-01
    3.78185000e+00    2.11075000e-01
    1.51009000e+00   -9.36012000e-01
    8.52913000e-01   -1.05331200e+00
    4.70551000e-01    2.73060700e+00
    2.52507000e-01   -3.40250000e-01
    1.27712000e-01   -2.03897400e+00
    6.54580000e-02    1.06621800e+00
    3.37640000e-02    3.52906000e-01
12  1
    9.45740000e+01    2.51000000e-04
    1.65451000e+01   -4.32000000e-03
    1.03353000e+01    8.99560000e-02
    6.45568000e+00   -2.21247000e-01
    3.78185000e+00   -3.11013000e-01
    1.51009000e+00    3.05531300e+00
    8.52913000e-01   -3.03407500e+00
    4.70551000e-01   -1.71904500e+00
    2.52507000e-01    5.16642900e+00
    1.27712000e-01   -4.11954200e+00
    6.54580000e-02    9.93746000e-01
    3.37640000e-02    4.67099000e-01
1  1
    1.71550000e-02    1.00000000e+00
10  2
    1.12084000e+02    4.20000000e-05
    3.37714000e+01    3.44000000e-04
    1.24751000e+01    2.21400000e-03
    6.32939000e+00   -9.75100000e-03
    2.02144000e+00    7.61190000e-02
    1.12328000e+00    2.03531000e-01
    5.99181000e-01    2.93009000e-01
    3.09894000e-01    3.05944000e-01
    1.54709000e-01    2.41142000e-01
    7.40910000e-02    1.25314000e-01
10  2
    1.12084000e+02   -4.20000000e-05
    3.37714000e+01   -4.38000000e-04
    1.24751000e+01   -2.21200000e-03
    6.32939000e+00    1.03000000e-02
    2.02144000e+00   -9.81300000e-02
    1.12328000e+00   -2.48967000e-01
    5.99181000e-01   -3.29523000e-01
    3.09894000e-01   -8.58720000e-02
    1.54709000e-01    3.47366000e-01
    7.40910000e-02    4.90295000e-01
10  2
    1.12084000e+02    5.70000000e-05
    3.37714000e+01    7.23000000e-04
    1.24751000e+01    2.93300000e-03
    6.32939000e+00   -1.46300000e-02
    2.02144000e+00    1.82769000e-01
    1.12328000e+00    4.32353000e-01
    5.99181000e-01    2.34391000e-01
    3.09894000e-01   -6.32273000e-01
    1.54709000e-01   -5.55009000e-01
    7.40910000e-02    4.84024000e-01
10  2
    1.12084000e+02   -6.90000000e-05
    3.37714000e+01   -1.09500000e-03
    1.24751000e+01   -3.85300000e-03
    6.32939000e+00    2.15400000e-02
    2.02144000e+00   -3.29037000e-01
    1.12328000e+00   -7.37097000e-01
    5.99181000e-01    7.34552000e-01
    3.09894000e-01    9.80702000e-01
    1.54709000e-01   -1.26030900e+00
    7.40910000e-02   -1.61517000e-01
10  2
    1.12084000e+02    2.36000000e-04
    3.37714000e+01    7.70000000e-04
    1.24751000e+01    1.09920000e-02
    6.32939000e+00   -4.89550000e-02
    2.02144000e+00    9.08751000e-01
    1.12328000e+00    2.46558000e-01
    5.99181000e-01   -2.46268100e+00
    3.09894000e-01    2.36163800e+00
    1.54709000e-01   -3.01416000e-01
    7.40910000e-02   -1.18430400e+00
1  2
    3.32330000e-02    1.00000000e+00
1  3
    3.17440000e+00    1.00000000e+00
1  3
    1.13920000e+00    1.00000000e+00
1  3
    4.08800000e-01    1.00000000e+00
1  3
    1.46700000e-01    1.00000000e+00
1  4
    1.54630000e+00    1.00000000e+00
1  4
    5.93100000e-01    1.00000000e+00
1  4
    2.27500000e-01    1.00000000e+00
1  5
    1.18290000e+00    1.00000000e+00
1  5
    4.02200000e-01    1.00000000e+00
1  6
    7.95200000e-01    1.00000000e+00
