20
1  0
    1.50938000e+05    1.00000000e+00
1  0
    2.51560000e+04    1.00000000e+00
1  0
    5.03100000e+03    1.00000000e+00
1  0
    1.00600000e+03    1.00000000e+00
1  0
    2.01000000e+02    1.00000000e+00
1  10
    4.83000000e+01    1.00000000e+00
1  10
    4.83000000e+01    1.00000000e+00
1  10
    8.05000000e+00    1.00000000e+00
1  10
    8.05000000e+00    1.00000000e+00
1  10
    1.61000000e+00    1.00000000e+00
1  10
    1.61000000e+00    1.00000000e+00
1  10
    3.22000000e-01    1.00000000e+00
1  10
    3.22000000e-01    1.00000000e+00
1  10
    6.40000000e-02    1.00000000e+00
1  10
    6.40000000e-02    1.00000000e+00
1  2
    4.83000000e+01    1.00000000e+00
1  2
    8.05000000e+00    1.00000000e+00
1  2
    1.61000000e+00    1.00000000e+00
1  2
    3.22000000e-01    1.00000000e+00
1  2
    6.40000000e-02    1.00000000e+00
