23
4  0
    2.36097510e+01    9.12480000e-02
    1.29971517e+01   -8.36856200e-01
    7.64538310e+00    2.75289250e+00
    4.20877820e+00   -3.53808960e+00
1  0
    2.54223630e+00    1.00000000e+00
1  0
    1.55615360e+00    1.00000000e+00
1  0
    9.15384400e-01    1.00000000e+00
1  0
    4.65360300e-01    1.00000000e+00
1  0
    2.04567100e-01    1.00000000e+00
1  0
    1.11240500e-01    1.00000000e+00
1  0
    6.87820000e-02    1.00000000e+00
1  1
    5.94622040e+00    1.00000000e+00
1  1
    2.06248580e+00    1.00000000e+00
1  1
    7.05339200e-01    1.00000000e+00
1  1
    2.39199700e-01    1.00000000e+00
1  1
    8.08938000e-02    1.00000000e+00
1  2
    2.74492820e+00    1.00000000e+00
1  2
    1.16600240e+00    1.00000000e+00
1  2
    4.88343000e-01    1.00000000e+00
1  2
    2.02817800e-01    1.00000000e+00
1  2
    8.40000000e-02    1.00000000e+00
2  3
    1.37613260e+00   -1.64750000e-02
    6.11573400e-01    8.71700000e-03
1  3
    2.75559300e-01    1.00000000e+00
1  4
    1.81195180e+00    1.00000000e+00
1  4
    6.67893000e-01    1.00000000e+00
1  4
    2.44649400e-01    1.00000000e+00
