44
1  0
    7.20006282e+05    1.00000000e+00
1  0
    3.19321733e+05    1.00000000e+00
1  0
    1.44054972e+05    1.00000000e+00
1  0
    6.60733643e+04    1.00000000e+00
1  0
    3.07964821e+04    1.00000000e+00
1  0
    1.45786614e+04    1.00000000e+00
1  0
    7.00532878e+03    1.00000000e+00
1  0
    3.41486371e+03    1.00000000e+00
1  0
    1.68763720e+03    1.00000000e+00
1  0
    8.45006261e+02    1.00000000e+00
1  0
    4.28368704e+02    1.00000000e+00
1  0
    2.19706167e+02    1.00000000e+00
1  0
    1.13923010e+02    1.00000000e+00
1  0
    5.96749459e+01    1.00000000e+00
1  0
    3.15529453e+01    1.00000000e+00
1  0
    1.68267723e+01    1.00000000e+00
1  0
    9.04296920e+00    1.00000000e+00
1  0
    4.89325864e+00    1.00000000e+00
1  0
    2.66367890e+00    1.00000000e+00
1  0
    1.45738691e+00    1.00000000e+00
1  0
    8.00725870e-01    1.00000000e+00
1  0
    4.41377890e-01    1.00000000e+00
1  0
    2.43866850e-01    1.00000000e+00
1  0
    1.34929040e-01    1.00000000e+00
1  0
    7.46898800e-02    1.00000000e+00
1  1
    5.94622040e+00    1.00000000e+00
1  1
    2.06248580e+00    1.00000000e+00
1  1
    7.05339200e-01    1.00000000e+00
1  1
    2.39199700e-01    1.00000000e+00
1  1
    8.08938000e-02    1.00000000e+00
1  2
    2.90000000e+01    1.00000000e+00
1  2
    2.74492820e+00    1.00000000e+00
1  2
    1.16600240e+00    1.00000000e+00
1  2
    4.88343000e-01    1.00000000e+00
1  2
    2.02817800e-01    1.00000000e+00
1  2
    8.40000000e-02    1.00000000e+00
1  3
    1.37613260e+00    1.00000000e+00
1  3
    6.11573400e-01    1.00000000e+00
1  3
    2.75559300e-01    1.00000000e+00
1  4
    4.00000000e+01    1.00000000e+00
1  4
    4.00000000e+00    1.00000000e+00
1  4
    1.81195180e+00    1.00000000e+00
1  4
    6.67893000e-01    1.00000000e+00
1  4
    2.44649400e-01    1.00000000e+00
