34
6  0
    1.71860722e+05    4.62034984e-06
    2.59259180e+04    3.83556089e-05
    6.01609857e+03    1.63580409e-04
    1.70287849e+03    7.55862639e-04
    5.55819915e+02    1.44051101e-03
    1.85456712e+02    3.87489656e-03
1  0
    4.03877649e+01    1.00000000e+00
1  0
    2.64194755e+01    1.00000000e+00
1  0
    1.31660992e+01    1.00000000e+00
1  0
    3.44427170e+00    1.00000000e+00
1  0
    1.85931136e+00    1.00000000e+00
1  0
    7.37340493e-01    1.00000000e+00
1  0
    3.35166028e-01    1.00000000e+00
1  0
    7.61020737e-02    1.00000000e+00
1  0
    3.76654529e-02    1.00000000e+00
1  0
    1.54030948e-02    1.00000000e+00
3  1
    2.72052117e+01    5.16159331e-02
    1.19895429e+01   -2.32554513e-01
    7.45801758e+00   -1.01471807e-01
9  1
    3.78614870e+03    1.62641890e-05
    1.03943223e+03    1.33345481e-04
    3.60784755e+02    4.91942340e-04
    1.28053332e+02    2.36623971e-03
    3.36135520e+01   -2.85861502e-02
    2.84302040e+01    8.87578834e-02
    1.32074525e+01   -3.31640863e-01
    7.44944134e+00    1.62564218e-01
    3.79651937e+00    6.30554225e-01
1  1
    1.94526893e+00    1.00000000e+00
1  1
    8.96846587e-01    1.00000000e+00
1  1
    4.20755947e-01    1.00000000e+00
1  1
    1.89401450e-01    1.00000000e+00
1  1
    6.70000000e-02    1.00000000e+00
1  1
    3.00000000e-02    1.00000000e+00
6  2
    5.99719625e+02    8.72894296e-05
    1.86492010e+02    8.16185626e-04
    7.84592434e+01    1.60799346e-03
    4.50794089e+01    8.12948097e-03
    1.20961274e+01   -5.15053387e-02
    7.26148765e+00    3.01339378e-01
1  2
    3.50302499e+00    1.00000000e+00
1  2
    1.67744138e+00    1.00000000e+00
1  2
    7.46675409e-01    1.00000000e+00
1  2
    2.34038965e-01    1.00000000e+00
1  2
    7.77556876e-02    1.00000000e+00
6  3
    1.57129181e+02    2.63753532e-03
    5.86638760e+01    2.69481282e-02
    2.72342185e+01    1.29486289e-01
    1.33058625e+01    3.07007409e-01
    6.72687996e+00    5.30602056e-01
    3.37979276e+00    6.99779317e-01
1  3
    1.67700568e+00    1.00000000e+00
1  3
    8.36137103e-01    1.00000000e+00
1  3
    4.05374237e-01    1.00000000e+00
1  3
    1.71305859e-01    1.00000000e+00
4  4
    2.01700000e+01    1.03580000e-02
    9.09990000e+00    5.86190000e-02
    4.10850000e+00    1.14435000e-01
    1.79140000e+00    4.11489000e-01
1  4
    7.25800000e-01    1.00000000e+00
1  4
    2.56200000e-01    1.00000000e+00
1  5
    1.60000000e+00    1.00000000e+00
