11
6  0
    1.39957000e+04    1.83276000e-03
    2.11710000e+03    1.38827000e-02
    4.90425000e+02    6.80687000e-02
    1.43833000e+02    2.31328000e-01
    4.19265000e+01    5.85890000e-01
    6.15684000e+00    3.05883000e-01
3  0
    6.91211000e+01    1.19149000e-01
    1.58350000e+01    9.17375000e-01
    4.67326000e+00   -4.05839000e-03
3  1
    6.91211000e+01    3.56574000e-02
    1.58350000e+01    2.39477000e-01
    4.67326000e+00    8.18461000e-01
1  0
    1.45756000e+00    1.00000000e+00
1  1
    1.45756000e+00    1.00000000e+00
1  0
    3.97057000e-01    1.00000000e+00
1  1
    3.97057000e-01    1.00000000e+00
1  0
    1.30000000e-01    1.00000000e+00
1  1
    1.30000000e-01    1.00000000e+00
1  2
    4.60800000e+00    1.00000000e+00
1  2
    1.15200000e+00    1.00000000e+00
