19
10  0
    2.43500000e+04    5.02000000e-04
    3.65000000e+03    3.88100000e-03
    8.29600000e+02    1.99970000e-02
    2.34000000e+02    7.84180000e-02
    7.56100000e+01    2.29676000e-01
    2.67300000e+01    4.32722000e-01
    9.92700000e+00    3.50642000e-01
    2.83600000e+00    4.39110000e-02
    1.10200000e+00   -7.64500000e-03
    3.78200000e-01    2.37500000e-03
10  0
    2.43500000e+04   -1.18000000e-04
    3.65000000e+03   -9.15000000e-04
    8.29600000e+02   -4.73700000e-03
    2.34000000e+02   -1.92330000e-02
    7.56100000e+01   -6.03690000e-02
    2.67300000e+01   -1.42508000e-01
    9.92700000e+00   -1.77710000e-01
    2.83600000e+00    1.77352000e-01
    1.10200000e+00    6.05836000e-01
    3.78200000e-01    3.65109000e-01
1  0
    2.83600000e+00    1.00000000e+00
1  0
    3.78200000e-01    1.00000000e+00
1  0
    2.38290000e+01    1.00000000e+00
1  0
    9.88300000e+00    1.00000000e+00
1  0
    1.13300000e-01    1.00000000e+00
5  1
    5.47000000e+01    1.71510000e-02
    1.24300000e+01    1.07656000e-01
    3.67900000e+00    3.21681000e-01
    1.14300000e+00    4.85232000e-01
    3.30000000e-01    3.32584000e-01
1  1
    1.14300000e+00    1.00000000e+00
1  1
    3.30000000e-01    1.00000000e+00
1  1
    5.92420000e+01    1.00000000e+00
1  1
    1.62750000e+01    1.00000000e+00
1  1
    9.17500000e-02    1.00000000e+00
1  2
    4.01400000e+00    1.00000000e+00
1  2
    1.09600000e+00    1.00000000e+00
1  2
    1.75280000e+01    1.00000000e+00
1  2
    3.86000000e-01    1.00000000e+00
1  3
    2.54400000e+00    1.00000000e+00
1  3
    1.08400000e+00    1.00000000e+00
