64
1  0
    3.51103000e+03    1.00000000e+00
1  0
    8.12720000e+02    1.00000000e+00
1  0
    3.00421000e+02    1.00000000e+00
1  0
    1.74700000e+02    1.00000000e+00
1  0
    1.03547000e+02    1.00000000e+00
1  0
    4.45926000e+01    1.00000000e+00
1  0
    2.66945000e+01    1.00000000e+00
1  0
    1.59000000e+01    1.00000000e+00
1  0
    9.38618000e+00    1.00000000e+00
1  0
    5.41907000e+00    1.00000000e+00
1  0
    3.40558000e+00    1.00000000e+00
1  0
    1.55670000e+00    1.00000000e+00
1  0
    7.71454000e-01    1.00000000e+00
1  0
    3.70078000e-01    1.00000000e+00
1  0
    1.80000000e-01    1.00000000e+00
1  1
    3.61829000e+02    1.00000000e+00
1  1
    1.48323000e+02    1.00000000e+00
1  1
    7.79664000e+01    1.00000000e+00
1  1
    4.00181000e+01    1.00000000e+00
1  1
    3.05984000e+01    1.00000000e+00
1  1
    1.84576000e+01    1.00000000e+00
1  1
    1.22000000e+01    1.00000000e+00
1  1
    8.05032000e+00    1.00000000e+00
1  1
    4.38108000e+00    1.00000000e+00
1  1
    2.07589000e+00    1.00000000e+00
1  1
    1.10223000e+00    1.00000000e+00
1  1
    6.68960000e-01    1.00000000e+00
1  1
    3.38611000e-01    1.00000000e+00
1  2
    2.31619000e+02    1.00000000e+00
1  2
    1.00509000e+02    1.00000000e+00
1  2
    7.63038000e+01    1.00000000e+00
1  2
    3.44842000e+01    1.00000000e+00
1  2
    2.11983000e+01    1.00000000e+00
1  2
    1.09197000e+01    1.00000000e+00
1  2
    6.88003000e+00    1.00000000e+00
1  2
    3.53306000e+00    1.00000000e+00
1  2
    2.19771000e+00    1.00000000e+00
1  2
    1.10352000e+00    1.00000000e+00
1  2
    4.49220000e-01    1.00000000e+00
1  2
    2.37693000e-01    1.00000000e+00
1  3
    1.37715000e+02    1.00000000e+00
1  3
    8.05744000e+01    1.00000000e+00
1  3
    3.36901000e+01    1.00000000e+00
1  3
    2.40526000e+01    1.00000000e+00
1  3
    1.13246000e+01    1.00000000e+00
1  3
    6.35667000e+00    1.00000000e+00
1  3
    3.72916000e+00    1.00000000e+00
1  3
    2.02831000e+00    1.00000000e+00
1  3
    1.02488000e+00    1.00000000e+00
1  3
    4.55115000e-01    1.00000000e+00
1  4
    6.12498000e+01    1.00000000e+00
1  4
    2.78129000e+01    1.00000000e+00
1  4
    1.17603000e+01    1.00000000e+00
1  4
    6.18752000e+00    1.00000000e+00
1  4
    3.48349000e+00    1.00000000e+00
1  4
    1.71928000e+00    1.00000000e+00
1  4
    7.76561000e-01    1.00000000e+00
1  5
    3.04907000e+01    1.00000000e+00
1  5
    8.99863000e+00    1.00000000e+00
1  5
    5.23084000e+00    1.00000000e+00
1  5
    2.73497000e+00    1.00000000e+00
1  5
    1.30238000e+00    1.00000000e+00
1  6
    5.33528000e+00    1.00000000e+00
1  6
    2.38119000e+00    1.00000000e+00
