22
1  0
    1.64929155e+02    1.00000000e+00
1  0
    3.81245104e+01    1.00000000e+00
1  0
    1.10568718e+01    1.00000000e+00
1  0
    4.16750238e+00    1.00000000e+00
1  0
    1.48066017e+00    1.00000000e+00
1  0
    9.01653260e-01    1.00000000e+00
1  0
    5.98445630e-01    1.00000000e+00
1  1
    5.38541977e+01    1.00000000e+00
1  1
    1.56946316e+01    1.00000000e+00
1  1
    5.20892608e+00    1.00000000e+00
1  1
    2.55303662e+00    1.00000000e+00
1  1
    9.59080510e-01    1.00000000e+00
1  2
    2.23715203e+01    1.00000000e+00
1  2
    7.41948182e+00    1.00000000e+00
1  2
    3.26149213e+00    1.00000000e+00
1  2
    9.15185010e-01    1.00000000e+00
1  3
    7.88894407e+00    1.00000000e+00
1  3
    3.28508835e+00    1.00000000e+00
1  0
    3.72634737e-01    1.00000000e+00
1  1
    4.30972514e-01    1.00000000e+00
1  2
    5.56089276e-01    1.00000000e+00
1  3
    1.16491842e+00    1.00000000e+00
