41
14  0
    2.62700000e+05    2.60000000e-05
    3.93500000e+04    2.00000000e-04
    8.95500000e+03    1.05000000e-03
    2.53800000e+03    4.40000000e-03
    8.29900000e+02    1.56490000e-02
    3.01500000e+02    4.77580000e-02
    1.19000000e+02    1.22943000e-01
    5.00000000e+01    2.52483000e-01
    2.19800000e+01    3.66314000e-01
    9.89100000e+00    2.79617000e-01
    4.32700000e+00    6.16510000e-02
    1.80400000e+00    9.34000000e-04
    7.28800000e-01    1.36700000e-03
    2.86700000e-01   -3.80000000e-05
14  0
    2.62700000e+05   -6.00000000e-06
    3.93500000e+04   -4.70000000e-05
    8.95500000e+03   -2.47000000e-04
    2.53800000e+03   -1.03800000e-03
    8.29900000e+02   -3.71100000e-03
    3.01500000e+02   -1.15930000e-02
    1.19000000e+02   -3.10860000e-02
    5.00000000e+01   -7.09720000e-02
    2.19800000e+01   -1.27266000e-01
    9.89100000e+00   -1.51231000e-01
    4.32700000e+00    2.46660000e-02
    1.80400000e+00    3.99612000e-01
    7.28800000e-01    5.26616000e-01
    2.86700000e-01    1.90854000e-01
1  0
    4.32700000e+00    1.00000000e+00
1  0
    1.80400000e+00    1.00000000e+00
1  0
    7.28800000e-01    1.00000000e+00
1  0
    2.86700000e-01    1.00000000e+00
1  0
    1.95256000e+02    1.00000000e+00
1  0
    9.11390000e+01    1.00000000e+00
1  0
    4.25410000e+01    1.00000000e+00
1  0
    1.98560000e+01    1.00000000e+00
1  0
    9.57000000e-02    1.00000000e+00
8  1
    2.99100000e+02    1.03800000e-03
    7.07300000e+01    8.37500000e-03
    2.24800000e+01    3.96930000e-02
    8.24600000e+00    1.28056000e-01
    3.26900000e+00    2.70325000e-01
    1.31500000e+00    3.70963000e-01
    5.15800000e-01    3.28499000e-01
    1.91800000e-01    1.27588000e-01
1  1
    3.26900000e+00    1.00000000e+00
1  1
    1.31500000e+00    1.00000000e+00
1  1
    5.15800000e-01    1.00000000e+00
1  1
    1.91800000e-01    1.00000000e+00
1  1
    2.50919000e+02    1.00000000e+00
1  1
    1.04438000e+02    1.00000000e+00
1  1
    4.34690000e+01    1.00000000e+00
1  1
    1.80930000e+01    1.00000000e+00
1  1
    6.54000000e-02    1.00000000e+00
1  2
    9.83700000e+00    1.00000000e+00
1  2
    3.84400000e+00    1.00000000e+00
1  2
    1.50200000e+00    1.00000000e+00
1  2
    5.87000000e-01    1.00000000e+00
1  2
    1.50508000e+02    1.00000000e+00
1  2
    5.89830000e+01    1.00000000e+00
1  2
    2.31150000e+01    1.00000000e+00
1  2
    2.13000000e-01    1.00000000e+00
1  3
    7.09000000e+00    1.00000000e+00
1  3
    2.73800000e+00    1.00000000e+00
1  3
    1.05700000e+00    1.00000000e+00
1  3
    6.23680000e+01    1.00000000e+00
1  3
    2.14600000e+01    1.00000000e+00
1  3
    4.25000000e-01    1.00000000e+00
1  4
    5.46000000e+00    1.00000000e+00
1  4
    1.88000000e+00    1.00000000e+00
1  4
    2.49730000e+01    1.00000000e+00
1  4
    8.09000000e-01    1.00000000e+00
1  5
    3.77600000e+00    1.00000000e+00
1  5
    1.62800000e+00    1.00000000e+00
