35
16  0
    9.02400000e+05    5.51000000e-06
    1.35100000e+05    4.28200000e-05
    3.07500000e+04    2.25140000e-04
    8.71000000e+03    9.50160000e-04
    2.84200000e+03    3.44719000e-03
    1.02600000e+03    1.11254500e-02
    4.00100000e+02    3.22056800e-02
    1.65900000e+02    8.25989100e-02
    7.22100000e+01    1.79905600e-01
    3.26600000e+01    3.06052100e-01
    1.52200000e+01    3.40125600e-01
    7.14900000e+00    1.76168200e-01
    2.95700000e+00    2.10152700e-02
    1.33500000e+00   -5.07450000e-04
    5.81600000e-01    1.05785000e-03
    2.46300000e-01   -5.98800000e-05
16  0
    9.02400000e+05   -1.29000000e-06
    1.35100000e+05   -1.00500000e-05
    3.07500000e+04   -5.29300000e-05
    8.71000000e+03   -2.23120000e-04
    2.84200000e+03   -8.13380000e-04
    1.02600000e+03   -2.63230000e-03
    4.00100000e+02   -7.75910000e-03
    1.65900000e+02   -2.04527700e-02
    7.22100000e+01   -4.79750500e-02
    3.26600000e+01   -9.34008600e-02
    1.52200000e+01   -1.42772100e-01
    7.14900000e+00   -1.02290800e-01
    2.95700000e+00    1.58785800e-01
    1.33500000e+00    4.49407900e-01
    5.81600000e-01    4.33485400e-01
    2.46300000e-01    1.21575700e-01
1  0
    7.14900000e+00    1.00000000e+00
1  0
    2.95700000e+00    1.00000000e+00
1  0
    1.33500000e+00    1.00000000e+00
1  0
    5.81600000e-01    1.00000000e+00
1  0
    2.46300000e-01    1.00000000e+00
1  0
    8.69000000e-02    1.00000000e+00
10  1
    8.15600000e+02    1.83760000e-04
    1.93300000e+02    1.58509000e-03
    6.26000000e+01    8.41464000e-03
    2.36100000e+01    3.22003300e-02
    9.76200000e+00    9.39639000e-02
    4.28100000e+00    2.00480800e-01
    1.91500000e+00    3.03113700e-01
    8.47600000e-01    3.29757800e-01
    3.66000000e-01    2.36674300e-01
    1.51000000e-01    6.91168900e-02
1  1
    4.28100000e+00    1.00000000e+00
1  1
    1.91500000e+00    1.00000000e+00
1  1
    8.47600000e-01    1.00000000e+00
1  1
    3.66000000e-01    1.00000000e+00
1  1
    1.51000000e-01    1.00000000e+00
1  1
    5.66000000e-02    1.00000000e+00
1  2
    1.33170000e+01    1.00000000e+00
1  2
    5.80300000e+00    1.00000000e+00
1  2
    2.52900000e+00    1.00000000e+00
1  2
    1.10200000e+00    1.00000000e+00
1  2
    4.80000000e-01    1.00000000e+00
1  2
    1.87000000e-01    1.00000000e+00
1  3
    1.03560000e+01    1.00000000e+00
1  3
    4.53800000e+00    1.00000000e+00
1  3
    1.98900000e+00    1.00000000e+00
1  3
    8.71000000e-01    1.00000000e+00
1  3
    3.49200000e-01    1.00000000e+00
1  4
    8.34500000e+00    1.00000000e+00
1  4
    3.41700000e+00    1.00000000e+00
1  4
    1.39900000e+00    1.00000000e+00
1  4
    6.34500000e-01    1.00000000e+00
1  5
    6.51900000e+00    1.00000000e+00
1  5
    2.44700000e+00    1.00000000e+00
1  5
    1.20930000e+00    1.00000000e+00
1  6
    4.48900000e+00    1.00000000e+00
1  6
    2.12150000e+00    1.00000000e+00
