44
18  0
    2.63674000e+06    1.44000000e-06
    3.94695000e+05    1.12200000e-05
    8.98142000e+04    5.89900000e-05
    2.54395000e+04    2.49480000e-04
    8.29248000e+03    9.10340000e-04
    2.99177000e+03    2.97099000e-03
    1.16658000e+03    8.83634000e-03
    4.83927000e+02    2.41280600e-02
    2.11049000e+02    5.98885100e-02
    9.59684000e+01    1.30974150e-01
    4.51784000e+01    2.38356210e-01
    2.18859000e+01    3.24182820e-01
    1.08323000e+01    2.64520520e-01
    5.38014000e+00    9.04921500e-02
    2.43637000e+00    7.44055000e-03
    1.11925000e+00    9.20980000e-04
    5.06697000e-01    3.67010000e-04
    2.23450000e-01    5.49300000e-05
1  0
    1.08323000e+01    1.00000000e+00
1  0
    5.38014000e+00    1.00000000e+00
1  0
    2.43637000e+00    1.00000000e+00
1  0
    1.11925000e+00    1.00000000e+00
18  0
    2.63674000e+06   -3.40000000e-07
    3.94695000e+05   -2.63000000e-06
    8.98142000e+04   -1.38600000e-05
    2.54395000e+04   -5.85700000e-05
    8.29248000e+03   -2.14200000e-04
    2.99177000e+03   -6.99200000e-04
    1.16658000e+03   -2.09449000e-03
    4.83927000e+02   -5.76925000e-03
    2.11049000e+02   -1.47221800e-02
    9.59684000e+01   -3.37206600e-02
    4.51784000e+01   -6.81873200e-02
    2.18859000e+01   -1.12897020e-01
    1.08323000e+01   -1.35574070e-01
    5.38014000e+00   -3.55977100e-02
    2.43637000e+00    2.37542910e-01
    1.11925000e+00    4.58344790e-01
    5.06697000e-01    3.70962150e-01
    2.23450000e-01    8.76677500e-02
1  0
    5.06697000e-01    1.00000000e+00
1  0
    2.23450000e-01    1.00000000e+00
1  0
    1.01158000e-01    1.00000000e+00
1  1
    5.46353000e+00    1.00000000e+00
1  1
    2.62574000e+00    1.00000000e+00
1  1
    1.26106000e+00    1.00000000e+00
12  1
    2.08184000e+03    3.59000000e-05
    4.94124000e+02    3.16530000e-04
    1.60708000e+02    1.79215000e-03
    6.14172000e+01    7.57934000e-03
    2.58676000e+01    2.53956800e-02
    1.16199000e+01    6.95194300e-02
    5.46353000e+00    1.50087390e-01
    2.62574000e+00    2.43800850e-01
    1.26106000e+00    2.99199320e-01
    5.97778000e-01    2.76037990e-01
    2.78136000e-01    1.64642160e-01
    1.24362000e-01    3.73287100e-02
1  1
    5.97778000e-01    1.00000000e+00
1  1
    2.78136000e-01    1.00000000e+00
1  1
    1.24362000e-01    1.00000000e+00
1  1
    5.78640000e-02    1.00000000e+00
1  2
    1.62700000e+01    1.00000000e+00
1  2
    7.80882000e+00    1.00000000e+00
1  2
    3.74786000e+00    1.00000000e+00
1  2
    1.79879000e+00    1.00000000e+00
1  2
    8.63336000e-01    1.00000000e+00
1  2
    4.14360000e-01    1.00000000e+00
1  2
    1.89974000e-01    1.00000000e+00
1  3
    1.70078000e+01    1.00000000e+00
1  3
    7.96028000e+00    1.00000000e+00
1  3
    3.72569000e+00    1.00000000e+00
1  3
    1.74376000e+00    1.00000000e+00
1  3
    8.16140000e-01    1.00000000e+00
1  3
    3.81984000e-01    1.00000000e+00
1  4
    1.01051000e+01    1.00000000e+00
1  4
    4.82848000e+00    1.00000000e+00
1  4
    2.30718000e+00    1.00000000e+00
1  4
    1.10243000e+00    1.00000000e+00
1  4
    5.26771000e-01    1.00000000e+00
1  5
    9.85490000e+00    1.00000000e+00
1  5
    4.45959000e+00    1.00000000e+00
1  5
    2.01808000e+00    1.00000000e+00
1  5
    9.13232000e-01    1.00000000e+00
1  6
    7.28237000e+00    1.00000000e+00
1  6
    2.92594000e+00    1.00000000e+00
1  6
    1.17559600e+00    1.00000000e+00
1  7
    5.25600000e+00    1.00000000e+00
1  7
    1.97400000e+00    1.00000000e+00
