30
1  0
    5.37491000e+02    1.00000000e+00
1  0
    1.16228000e+02    1.00000000e+00
1  0
    3.49862000e+01    1.00000000e+00
1  0
    8.00175000e+00    1.00000000e+00
1  0
    4.44378000e+00    1.00000000e+00
1  0
    2.42296000e+00    1.00000000e+00
1  0
    1.15012000e+00    1.00000000e+00
1  0
    4.75905000e-01    1.00000000e+00
1  1
    9.91660000e+01    1.00000000e+00
1  1
    2.88220000e+01    1.00000000e+00
1  1
    8.40942000e+00    1.00000000e+00
1  1
    5.56496000e+00    1.00000000e+00
1  1
    2.65744000e+00    1.00000000e+00
1  1
    1.32817000e+00    1.00000000e+00
1  1
    7.34850000e-01    1.00000000e+00
1  2
    2.87452000e+01    1.00000000e+00
1  2
    8.92401000e+00    1.00000000e+00
1  2
    5.92146000e+00    1.00000000e+00
1  2
    2.79480000e+00    1.00000000e+00
1  2
    1.62894000e+00    1.00000000e+00
1  2
    5.99895000e-01    1.00000000e+00
1  3
    1.33090000e+01    1.00000000e+00
1  3
    6.59876000e+00    1.00000000e+00
1  3
    3.04656000e+00    1.00000000e+00
1  3
    2.09380000e+00    1.00000000e+00
1  3
    1.03607000e+00    1.00000000e+00
1  4
    8.28581000e+00    1.00000000e+00
1  4
    4.24027000e+00    1.00000000e+00
1  4
    2.29250000e+00    1.00000000e+00
1  5
    4.49231000e+00    1.00000000e+00
