51
1  0
    1.34174000e+03    1.00000000e+00
1  0
    3.16447000e+02    1.00000000e+00
1  0
    1.17268000e+02    1.00000000e+00
1  0
    4.54161000e+01    1.00000000e+00
1  0
    2.33091000e+01    1.00000000e+00
1  0
    1.36353000e+01    1.00000000e+00
1  0
    7.66928000e+00    1.00000000e+00
1  0
    4.25717000e+00    1.00000000e+00
1  0
    2.22937000e+00    1.00000000e+00
1  0
    1.17665000e+00    1.00000000e+00
1  0
    6.14263000e-01    1.00000000e+00
1  0
    3.35016000e-01    1.00000000e+00
1  1
    2.18710000e+02    1.00000000e+00
1  1
    5.80865000e+01    1.00000000e+00
1  1
    2.63875000e+01    1.00000000e+00
1  1
    1.11324000e+01    1.00000000e+00
1  1
    6.08172000e+00    1.00000000e+00
1  1
    3.39166000e+00    1.00000000e+00
1  1
    2.12802000e+00    1.00000000e+00
1  1
    1.34117000e+00    1.00000000e+00
1  1
    7.46132000e-01    1.00000000e+00
1  1
    3.97361000e-01    1.00000000e+00
1  2
    4.13263000e+01    1.00000000e+00
1  2
    1.39821000e+01    1.00000000e+00
1  2
    8.02881000e+00    1.00000000e+00
1  2
    5.10626000e+00    1.00000000e+00
1  2
    2.66215000e+00    1.00000000e+00
1  2
    1.56616000e+00    1.00000000e+00
1  2
    8.00089000e-01    1.00000000e+00
1  2
    4.50025000e-01    1.00000000e+00
1  3
    3.17916000e+01    1.00000000e+00
1  3
    1.49701000e+01    1.00000000e+00
1  3
    9.21550000e+00    1.00000000e+00
1  3
    5.02906000e+00    1.00000000e+00
1  3
    3.22829000e+00    1.00000000e+00
1  3
    1.68732000e+00    1.00000000e+00
1  3
    8.41047000e-01    1.00000000e+00
1  4
    2.27174000e+01    1.00000000e+00
1  4
    1.08873000e+01    1.00000000e+00
1  4
    6.74700000e+00    1.00000000e+00
1  4
    4.07155000e+00    1.00000000e+00
1  4
    2.42192000e+00    1.00000000e+00
1  4
    1.35304000e+00    1.00000000e+00
1  5
    1.25242000e+01    1.00000000e+00
1  5
    6.91349000e+00    1.00000000e+00
1  5
    4.13934000e+00    1.00000000e+00
1  5
    2.10133000e+00    1.00000000e+00
1  6
    1.00239000e+01    1.00000000e+00
1  6
    6.01138000e+00    1.00000000e+00
1  6
    3.37211000e+00    1.00000000e+00
1  7
    6.06565000e+00    1.00000000e+00
