28 
16    0 
902400.0000000     5.5100000E-06    
135100.0000000     4.2820000E-05    
 30750.0000000     2.2514000E-04    
  8710.0000000     9.5016000E-04    
  2842.0000000     3.4471900E-03    
  1026.0000000     1.1125450E-02    
   400.1000000     3.2205680E-02    
   165.9000000     8.2598910E-02    
    72.2100000     1.7990564E-01    
    32.6600000     3.0605208E-01    
    15.2200000     3.4012559E-01    
     7.1490000     1.7616823E-01    
     2.9570000     2.1015270E-02    
     1.3350000    -5.0745000E-04    
     0.5816000     1.0578500E-03    
     0.2463000    -5.9880000E-05    
16    0 
902400.0000000    -1.2900000E-06    
135100.0000000    -1.0050000E-05    
 30750.0000000    -5.2930000E-05    
  8710.0000000    -2.2312000E-04    
  2842.0000000    -8.1338000E-04    
  1026.0000000    -2.6323000E-03    
   400.1000000    -7.7591000E-03    
   165.9000000    -2.0452770E-02    
    72.2100000    -4.7975050E-02    
    32.6600000    -9.3400860E-02    
    15.2200000    -1.4277215E-01    
     7.1490000    -1.0229083E-01    
     2.9570000     1.5878576E-01    
     1.3350000     4.4940789E-01    
     0.5816000     4.3348545E-01    
     0.2463000     1.2157570E-01    
 1    0 
     7.1490000     1.0000000E+00    
 1    0 
     2.9570000     1.0000000E+00    
 1    0 
     1.3350000     1.0000000E+00    
 1    0 
     0.5816000     1.0000000E+00    
 1    0 
     0.2463000     1.0000000E+00    
10    1 
   815.6000000     1.8376000E-04    
   193.3000000     1.5850900E-03    
    62.6000000     8.4146400E-03    
    23.6100000     3.2200330E-02    
     9.7620000     9.3963900E-02    
     4.2810000     2.0048077E-01    
     1.9150000     3.0311365E-01    
     0.8476000     3.2975784E-01    
     0.3660000     2.3667427E-01    
     0.1510000     6.9116890E-02    
 1    1 
     4.2810000     1.0000000E+00    
 1    1 
     1.9150000     1.0000000E+00    
 1    1 
     0.8476000     1.0000000E+00    
 1    1 
     0.3660000     1.0000000E+00    
 1    1 
     0.1510000     1.0000000E+00    
 1    2 
    13.3170000     1.0000000E+00    
 1    2 
     5.8030000     1.0000000E+00    
 1    2 
     2.5290000     1.0000000E+00    
 1    2 
     1.1020000     1.0000000E+00    
 1    2 
     0.4800000     1.0000000E+00    
 1    3 
    10.3560000     1.0000000E+00    
 1    3 
     4.5380000     1.0000000E+00    
 1    3 
     1.9890000     1.0000000E+00    
 1    3 
     0.8710000     1.0000000E+00    
 1    4 
     8.3450000     1.0000000E+00    
 1    4 
     3.4170000     1.0000000E+00    
 1    4 
     1.3990000     1.0000000E+00    
 1    5 
     6.5190000     1.0000000E+00    
 1    5 
     2.4470000     1.0000000E+00    
 1    6 
     4.4890000     1.0000000E+00    
