11
6  0
    4.50694640e+04    2.16871552e-04
    6.75597687e+03    1.68127368e-03
    1.53765029e+03    8.73560628e-03
    4.35516977e+02    3.53612669e-02
    1.42286556e+02    1.13215215e-01
    5.16921538e+01    2.66546531e-01
2  0
    2.03158705e+01    3.96319600e-01
    8.20219426e+00    2.55828113e-01
1  0
    1.96812763e+00    1.00000000e+00
1  0
    7.79047560e-01    1.00000000e+00
1  0
    3.02295020e-01    1.00000000e+00
4  1
    9.97829960e+01    6.55692342e-03
    2.31761241e+01    4.58880091e-02
    7.11639459e+00    1.73312878e-01
    2.44187114e+00    3.64752675e-01
1  1
    8.33896058e-01    1.00000000e+00
1  1
    2.66073113e-01    1.00000000e+00
1  2
    4.01400000e+00    1.00000000e+00
1  2
    1.09600000e+00    1.00000000e+00
1  3
    2.54400000e+00    1.00000000e+00
