13
1  0
    3.07200000e+03    1.00000000e+00
1  0
    6.14000000e+02    1.00000000e+00
1  0
    1.53600000e+02    1.00000000e+00
1  0
    3.84000000e+01    1.00000000e+00
1  0
    1.20000000e+01    1.00000000e+00
1  1
    1.20000000e+01    1.00000000e+00
1  0
    2.40000000e+00    1.00000000e+00
1  1
    2.40000000e+00    1.00000000e+00
1  0
    6.00000000e-01    1.00000000e+00
1  1
    6.00000000e-01    1.00000000e+00
1  2
    1.20000000e+01    1.00000000e+00
1  2
    2.40000000e+00    1.00000000e+00
1  2
    6.00000000e-01    1.00000000e+00
