9
6 0  
   23.302447   -3.984785e-02
    9.703904   -1.373448e-01
    3.472360    4.777634e-02
    1.685413    4.097216e-01
    0.694978    5.086457e-01
    0.277835    1.744921e-01
1 0
    3.217901    1.000000e+00
1 0
    0.437298    1.000000e+00
6 1
   19.809787    3.984840e-02
    8.408073    1.249541e-01
    3.332351    2.665958e-01
    1.337956    3.714524e-01
    0.522410    3.326758e-01
    0.193122    1.301546e-01
1 1
    1.054064    1.000000e+00
1 1
    0.322961    1.000000e+00
1 2
    4.193832    1.000000e+00
1 2
    1.139318    1.000000e+00
1 3
    2.602407    1.000000e+00
