7
5  0
    3.65269000e+03    5.75083000e-03
    5.49598000e+02    4.30203000e-02
    1.24889000e+02    1.92958000e-01
    3.47693000e+01    5.00000000e-01
    1.05643000e+01    4.87878000e-01
2  0
    1.72034000e+01   -7.22200000e-02
    1.59348000e+00    5.00000000e-01
1  0
    4.64939000e-01    1.00000000e+00
3  1
    1.79125000e+02    6.25061000e-03
    2.75577000e+01    9.54754000e-02
    6.05034000e+00    5.00000000e-01
1  1
    1.62110000e+00    1.00000000e+00
1  1
    3.90181000e-01    1.00000000e+00
1  2
    1.20000000e+00    1.00000000e+00
