27
12  0
    2.00519000e+06    3.92206000e-06
    3.00560000e+05    3.04648000e-05
    6.84361000e+04    1.60161000e-04
    1.93702000e+04    6.78740000e-04
    6.29788000e+03    2.48878000e-03
    2.26312000e+03    8.16029000e-03
    8.78056000e+02    2.43887000e-02
    3.61802000e+02    6.65430000e-02
    1.58266000e+02    1.48508000e-01
    7.09342000e+01    3.26807000e-01
    2.97881000e+01    5.00000000e-01
    1.32653000e+01    1.81433000e-01
4  0
    1.33958000e+02    2.34717000e-02
    4.06258000e+01    2.12489000e-01
    1.49669000e+01    6.97485000e-01
    6.81893000e+00    5.00000000e-01
1  0
    2.80458000e+00    1.00000000e+00
1  0
    1.25646000e+00    1.00000000e+00
1  0
    5.43426000e-01    1.00000000e+00
1  0
    2.24780000e-01    1.00000000e+00
4  1
    7.60760000e+03    4.81824000e-04
    1.17040000e+03    9.78915000e-03
    2.77095000e+02    8.95003000e-02
    8.92374000e+01    5.00000000e-01
1  1
    3.30683000e+01    1.00000000e+00
1  1
    1.39999000e+01    1.00000000e+00
1  1
    6.27791000e+00    1.00000000e+00
1  1
    2.91070000e+00    1.00000000e+00
1  1
    1.34658000e+00    1.00000000e+00
1  1
    6.10297000e-01    1.00000000e+00
1  1
    2.62248000e-01    1.00000000e+00
1  1
    1.06987000e-01    1.00000000e+00
1  2
    3.20000000e+01    1.00000000e+00
1  2
    1.01000000e+01    1.00000000e+00
1  2
    4.00000000e+00    1.00000000e+00
1  2
    1.85000000e+00    1.00000000e+00
1  2
    8.00000000e-01    1.00000000e+00
1  2
    3.00000000e-01    1.00000000e+00
1  3
    3.60000000e+00    1.00000000e+00
1  3
    1.55000000e+00    1.00000000e+00
1  3
    7.00000000e-01    1.00000000e+00
1  4
    4.20000000e+00    1.00000000e+00
1  4
    1.80000000e+00    1.00000000e+00
1  5
    2.25000000e+00    1.00000000e+00
