20
9  0
    5.10469000e+05    2.10836000e-05
    7.64520000e+04    1.63895000e-04
    1.74080000e+04    8.60786000e-04
    4.93142000e+03    3.62889000e-03
    1.60817000e+03    1.31287000e-02
    5.80306000e+02    4.18754000e-02
    2.26348000e+02    1.17302000e-01
    9.47307000e+01    2.66341000e-01
    3.52287000e+01    5.00000000e-01
3  0
    5.24164000e+01    1.02520000e-01
    1.60116000e+01    5.00000000e-01
    6.98003000e+00    2.70720000e-01
1  0
    2.21793000e+00    1.00000000e+00
1  0
    8.44395000e-01    1.00000000e+00
1  0
    3.00330000e-01    1.00000000e+00
3  1
    2.86539000e+03    2.86029000e-03
    4.40830000e+02    5.71238000e-02
    1.04220000e+02    5.00000000e-01
1  1
    3.30574000e+01    1.00000000e+00
1  1
    1.24669000e+01    1.00000000e+00
1  1
    5.11395000e+00    1.00000000e+00
1  1
    2.16841000e+00    1.00000000e+00
1  1
    9.02938000e-01    1.00000000e+00
1  1
    3.58814000e-01    1.00000000e+00
1  1
    1.34844000e-01    1.00000000e+00
1  2
    1.00000000e+01    1.00000000e+00
1  2
    3.00000000e+00    1.00000000e+00
1  2
    1.15000000e+00    1.00000000e+00
1  2
    4.00000000e-01    1.00000000e+00
1  3
    2.80000000e+00    1.00000000e+00
1  3
    1.15000000e+00    1.00000000e+00
1  4
    1.80000000e+00    1.00000000e+00
