15
7  0
    4.16534439e+03    2.21538000e-01
    1.47523264e+03    4.50303000e-01
    5.49288436e+02    1.51666560e+00
    2.14363149e+02    3.36802110e+00
    8.73657300e+01    5.11651360e+00
    3.70296590e+01    3.14859770e+00
    1.62441770e+01   -1.94545500e-01
1  0
    7.33606280e+00    1.00000000e+00
1  0
    3.39079650e+00    1.00000000e+00
1  0
    1.59397470e+00    1.00000000e+00
1  0
    7.57052700e-01    1.00000000e+00
1  0
    3.60802300e-01    1.00000000e+00
2  1
    6.12000000e+01   -3.46332000e-02
    1.67000000e+01   -9.60690000e-03
1  1
    4.92000000e+00    1.00000000e+00
1  1
    1.52000000e+00    1.00000000e+00
1  1
    4.80000000e-01    1.00000000e+00
2  2
    3.71700000e+01   -1.13316000e-02
    8.41000000e+00   -4.67639000e-02
1  2
    2.25000000e+00    1.00000000e+00
1  2
    6.40000000e-01    1.00000000e+00
2  3
    3.51000000e+00    1.00000000e+00
    1.14000000e+00    1.00000000e+00
1  4
    2.00000000e+00    1.00000000e+00
