24
1  0
    2.83961372e+03    1.00000000e+00
1  0
    1.08055926e+03    1.00000000e+00
1  0
    4.26647404e+02    1.00000000e+00
1  0
    1.74322245e+02    1.00000000e+00
1  0
    7.34830726e+01    1.00000000e+00
1  0
    3.18506180e+01    1.00000000e+00
1  0
    1.41433877e+01    1.00000000e+00
1  0
    6.40880663e+00    1.00000000e+00
1  0
    2.95094564e+00    1.00000000e+00
1  0
    1.37463091e+00    1.00000000e+00
1  0
    6.44857620e-01    1.00000000e+00
1  0
    3.03224280e-01    1.00000000e+00
1  1
    6.12000000e+01    1.00000000e+00
1  1
    1.67000000e+01    1.00000000e+00
1  1
    4.92000000e+00    1.00000000e+00
1  1
    1.52000000e+00    1.00000000e+00
1  1
    4.80000000e-01    1.00000000e+00
1  2
    3.71700000e+01    1.00000000e+00
1  2
    8.41000000e+00    1.00000000e+00
1  2
    2.25000000e+00    1.00000000e+00
1  2
    6.40000000e-01    1.00000000e+00
1  3
    3.51000000e+00    1.00000000e+00
1  3
    1.14000000e+00    1.00000000e+00
1  4
    2.00000000e+00    1.00000000e+00
