12
6  0
    7.13963500e+04    1.75300300e-03
    1.07208400e+04    1.34312200e-02
    2.44212900e+03    6.62704100e-02
    6.88426500e+02    2.30250800e-01
    2.20615300e+02    4.79018600e-01
    7.53937300e+01    3.52344400e-01
6  0
    1.49253200e+03    2.37071400e-03
    3.55401300e+02    3.16056600e-02
    1.14953400e+02    1.26633500e-01
    4.32204300e+01   -2.41703700e-02
    1.75971000e+01   -6.18777500e-01
    7.25776500e+00   -4.57677000e-01
6  1
    1.49253200e+03    3.96755400e-03
    3.55401300e+02    3.10947900e-02
    1.14953400e+02    1.35951700e-01
    4.32204300e+01    3.48513600e-01
    1.75971000e+01    4.62549800e-01
    7.25776500e+00    2.03518600e-01
6  0
    5.93526100e+01   -4.16200200e-03
    2.00218100e+01    7.42511100e-02
    8.61456100e+00    2.54136000e-01
    3.66053100e+00   -2.90347700e-01
    1.52811100e+00   -7.30212100e-01
    6.04057000e-01   -2.07605700e-01
6  1
    5.93526100e+01   -7.42145200e-03
    2.00218100e+01   -2.95341000e-02
    8.61456100e+00    6.73185200e-02
    3.66053100e+00    4.01666000e-01
    1.52811100e+00    4.92662300e-01
    6.04057000e-01    1.75689300e-01
3  0
    2.37927600e+00    5.15788800e-02
    8.85839000e-01    2.70761100e-01
    1.28529000e-01   -1.12477000e+00
3  1
    2.37927600e+00   -1.88766300e-01
    8.85839000e-01    1.01519900e-01
    1.28529000e-01    9.79090600e-01
1  0
    4.51950000e-02    1.00000000e+00
1  1
    4.51950000e-02    1.00000000e+00
3  2
    2.81914700e+01    9.09888100e-02
    7.52358400e+00    3.95820800e-01
    2.27122800e+00    6.94715400e-01
1  2
    6.11603000e-01    1.00000000e+00
1  3
    8.00000000e-01    1.00000000e+00
