70
1  0
    4.75546000e+02    1.00000000e+00
1  0
    2.13827000e+02    1.00000000e+00
1  0
    9.82317000e+01    1.00000000e+00
1  0
    4.44874000e+01    1.00000000e+00
1  0
    1.87965000e+01    1.00000000e+00
1  0
    9.31424000e+00    1.00000000e+00
1  0
    5.37931000e+00    1.00000000e+00
1  0
    2.98276000e+00    1.00000000e+00
1  0
    1.23094000e+00    1.00000000e+00
1  0
    7.36437000e-01    1.00000000e+00
1  0
    3.15531000e-01    1.00000000e+00
1  0
    1.18172000e-01    1.00000000e+00
1  0
    7.51130000e-02    1.00000000e+00
1  0
    4.77440000e-02    1.00000000e+00
1  1
    1.73568000e+02    1.00000000e+00
1  1
    8.11279000e+01    1.00000000e+00
1  1
    3.27358000e+01    1.00000000e+00
1  1
    1.60368000e+01    1.00000000e+00
1  1
    9.71222000e+00    1.00000000e+00
1  1
    6.29737000e+00    1.00000000e+00
1  1
    2.00860000e+00    1.00000000e+00
1  1
    1.14676000e+00    1.00000000e+00
1  1
    7.15125000e-01    1.00000000e+00
1  1
    3.30818000e-01    1.00000000e+00
1  1
    1.37456000e-01    1.00000000e+00
1  1
    8.00270000e-02    1.00000000e+00
1  1
    4.65920000e-02    1.00000000e+00
1  2
    1.41445000e+02    1.00000000e+00
1  2
    2.74129000e+01    1.00000000e+00
1  2
    1.13669000e+01    1.00000000e+00
1  2
    5.31322000e+00    1.00000000e+00
1  2
    3.37998000e+00    1.00000000e+00
1  2
    1.58307000e+00    1.00000000e+00
1  2
    8.22600000e-01    1.00000000e+00
1  2
    4.27224000e-01    1.00000000e+00
1  2
    2.36022000e-01    1.00000000e+00
1  2
    1.19696000e-01    1.00000000e+00
1  2
    6.07030000e-02    1.00000000e+00
1  3
    5.51077000e+01    1.00000000e+00
1  3
    1.45972000e+01    1.00000000e+00
1  3
    9.10431000e+00    1.00000000e+00
1  3
    3.73369000e+00    1.00000000e+00
1  3
    2.73542000e+00    1.00000000e+00
1  3
    1.11684000e+00    1.00000000e+00
1  3
    7.14743000e-01    1.00000000e+00
1  3
    3.04670000e-01    1.00000000e+00
1  3
    1.78314000e-01    1.00000000e+00
1  3
    1.04362000e-01    1.00000000e+00
1  4
    3.78586000e+01    1.00000000e+00
1  4
    1.46650000e+01    1.00000000e+00
1  4
    6.68058000e+00    1.00000000e+00
1  4
    2.98716000e+00    1.00000000e+00
1  4
    1.57893000e+00    1.00000000e+00
1  4
    6.12528000e-01    1.00000000e+00
1  4
    3.05317000e-01    1.00000000e+00
1  4
    1.52187000e-01    1.00000000e+00
1  5
    2.21752000e+01    1.00000000e+00
1  5
    1.03831000e+01    1.00000000e+00
1  5
    4.36608000e+00    1.00000000e+00
1  5
    2.54707000e+00    1.00000000e+00
1  5
    1.18227000e+00    1.00000000e+00
1  5
    5.48770000e-01    1.00000000e+00
1  6
    1.14471000e+01    1.00000000e+00
1  6
    6.61425000e+00    1.00000000e+00
1  6
    2.86016000e+00    1.00000000e+00
1  6
    1.58665000e+00    1.00000000e+00
1  6
    8.80174000e-01    1.00000000e+00
1  7
    8.98142000e+00    1.00000000e+00
1  7
    4.69643000e+00    1.00000000e+00
1  7
    2.45579000e+00    1.00000000e+00
