32
21  0
    1.55030200e+07    2.08502300e-06
    2.32107100e+06    1.62142500e-05
    5.28180200e+05    8.53077300e-05
    1.49604000e+05    3.60379300e-04
    4.88090700e+04    1.31263200e-03
    1.76223900e+04    4.27239500e-03
    6.87420100e+03    1.26599400e-02
    2.85185700e+03    3.42306500e-02
    1.24433400e+03    8.32673500e-02
    5.66154700e+02    1.74575800e-01
    2.66787300e+02    2.89802300e-01
    1.29375200e+02    3.20732300e-01
    6.36516100e+01    1.77826500e-01
    2.93330200e+01    3.63300700e-02
    1.48221200e+01    2.08945800e-02
    7.46051300e+00    1.59695400e-02
    3.41357600e+00    1.73024500e-03
    1.63288400e+00    4.81736500e-04
    7.43579000e-01    1.24680000e-04
    1.72592000e-01    2.34037800e-05
    7.74200000e-02   -1.34896200e-05
21  0
    1.55030200e+07   -7.29815500e-07
    2.32107100e+06   -5.67776800e-06
    5.28180200e+05   -2.98592200e-05
    1.49604000e+05   -1.26278400e-04
    4.88090700e+04   -4.60025200e-04
    1.76223900e+04   -1.50323000e-03
    6.87420100e+03   -4.47917100e-03
    2.85185700e+03   -1.23251200e-02
    1.24433400e+03   -3.09763900e-02
    5.66154700e+02   -6.99865100e-02
    2.66787300e+02   -1.33925600e-01
    1.29375200e+02   -1.96688100e-01
    6.36516100e+01   -1.40225800e-01
    2.93330200e+01    1.96073000e-01
    1.48221200e+01    5.56451700e-01
    7.46051300e+00    3.70216700e-01
    3.41357600e+00    5.39603400e-02
    1.63288400e+00    4.70649200e-03
    7.43579000e-01    3.73611500e-03
    1.72592000e-01   -7.46805000e-05
    7.74200000e-02    9.57533600e-05
21  0
    1.55030200e+07    2.45323700e-07
    2.32107100e+06    1.90963700e-06
    5.28180200e+05    1.00348900e-05
    1.49604000e+05    4.24883500e-05
    4.88090700e+04    1.54618700e-04
    1.76223900e+04    5.06455000e-04
    6.87420100e+03    1.50884000e-03
    2.85185700e+03    4.17881600e-03
    1.24433400e+03    1.05666800e-02
    5.66154700e+02    2.43930000e-02
    2.66787300e+02    4.81210100e-02
    1.29375200e+02    7.56517000e-02
    6.36516100e+01    5.74853400e-02
    2.93330200e+01   -9.78318600e-02
    1.48221200e+01   -3.86453600e-01
    7.46051300e+00   -3.60659800e-01
    3.41357600e+00    2.88865000e-01
    1.63288400e+00    6.83091700e-01
    7.43579000e-01    3.20677800e-01
    1.72592000e-01    1.65147100e-02
    7.74200000e-02    3.12469300e-04
21  0
    1.55030200e+07   -5.11426100e-08
    2.32107100e+06   -3.98077900e-07
    5.28180200e+05   -2.09203300e-06
    1.49604000e+05   -8.85683600e-06
    4.88090700e+04   -3.22360200e-05
    1.76223900e+04   -1.05575700e-04
    6.87420100e+03   -3.14635600e-04
    2.85185700e+03   -8.71411300e-04
    1.24433400e+03   -2.20541500e-03
    5.66154700e+02   -5.09551700e-03
    2.66787300e+02   -1.00823700e-02
    1.29375200e+02   -1.59207000e-02
    6.36516100e+01   -1.22203700e-02
    2.93330200e+01    2.11586900e-02
    1.48221200e+01    8.74730400e-02
    7.46051300e+00    8.51160500e-02
    3.41357600e+00   -8.11568300e-02
    1.63288400e+00   -2.16635900e-01
    7.43579000e-01   -2.07695800e-01
    1.72592000e-01    2.69929600e-01
    7.74200000e-02    5.84271100e-01
21  0
    1.55030200e+07   -9.76206900e-08
    2.32107100e+06   -7.74114200e-07
    5.28180200e+05   -3.95974600e-06
    1.49604000e+05   -1.73691400e-05
    4.88090700e+04   -6.04495300e-05
    1.76223900e+04   -2.09055500e-04
    6.87420100e+03   -5.83431200e-04
    2.85185700e+03   -1.74671300e-03
    1.24433400e+03   -4.02678400e-03
    5.66154700e+02   -1.04236200e-02
    2.66787300e+02   -1.78117200e-02
    1.29375200e+02   -3.46699600e-02
    6.36516100e+01   -1.54094500e-02
    2.93330200e+01    2.08645500e-02
    1.48221200e+01    2.20682000e-01
    7.46051300e+00    1.07396600e-01
    3.41357600e+00   -8.31066800e-02
    1.63288400e+00   -8.94299900e-01
    7.43579000e-01    3.75014100e-01
    1.72592000e-01    1.49675300e+00
    7.74200000e-02   -5.32039000e-01
21  0
    1.55030200e+07   -1.77173300e-07
    2.32107100e+06   -1.39761500e-06
    5.28180200e+05   -7.20385900e-06
    1.49604000e+05   -3.12855200e-05
    4.88090700e+04   -1.10269900e-04
    1.76223900e+04   -3.75573500e-04
    6.87420100e+03   -1.06790000e-03
    2.85185700e+03   -3.12842700e-03
    1.24433400e+03   -7.41027200e-03
    5.66154700e+02   -1.85950100e-02
    2.66787300e+02   -3.32279800e-02
    1.29375200e+02   -6.11844000e-02
    6.36516100e+01   -3.28633400e-02
    2.93330200e+01    4.84420200e-02
    1.48221200e+01    3.98988000e-01
    7.46051300e+00    3.37929000e-01
    3.41357600e+00   -7.01622400e-01
    1.63288400e+00   -1.69443400e+00
    7.43579000e-01    2.58268000e+00
    1.72592000e-01   -5.49875800e-01
    7.74200000e-02   -1.39455100e+00
21  0
    1.55030200e+07   -1.98831100e-07
    2.32107100e+06   -1.44971600e-06
    5.28180200e+05   -8.36344400e-06
    1.49604000e+05   -3.12553200e-05
    4.88090700e+04   -1.32762400e-04
    1.76223900e+04   -3.58966200e-04
    6.87420100e+03   -1.34148800e-03
    2.85185700e+03   -2.82401800e-03
    1.24433400e+03   -9.86360700e-03
    5.66154700e+02   -1.52348100e-02
    2.66787300e+02   -4.98448900e-02
    1.29375200e+02   -3.52235400e-02
    6.36516100e+01   -1.05642400e-01
    2.93330200e+01    2.13803400e-01
    1.48221200e+01    1.51767500e-01
    7.46051300e+00    1.18042800e+00
    3.41357600e+00   -3.52649000e+00
    1.63288400e+00    2.55081500e+00
    7.43579000e-01    4.30646100e-01
    1.72592000e-01   -3.45004100e+00
    7.74200000e-02    4.74034200e+00
1  0
    3.37010000e-02    1.00000000e+00
1  0
    1.46700000e-02    1.00000000e+00
16  1
    4.50666200e+04    1.10000000e-05
    1.06626400e+04    9.60000000e-05
    3.46343100e+03    5.64000000e-04
    1.32662400e+03    2.57000000e-03
    5.64741400e+02    9.67700000e-03
    2.58828800e+02    3.07420000e-02
    1.25311500e+02    8.20650000e-02
    6.32423300e+01    1.76845000e-01
    3.28240600e+01    2.91162000e-01
    1.73969200e+01    3.30816000e-01
    9.32439400e+00    2.08819000e-01
    4.93883900e+00    5.37390000e-02
    2.56202500e+00    1.70900000e-03
    1.29929400e+00   -1.79800000e-03
    6.34678000e-01   -1.04600000e-03
    2.32262000e-01   -6.20000000e-05
17  1
    4.50666200e+04   -4.00000000e-06
    1.06626400e+04   -3.50000000e-05
    3.46343100e+03   -2.02000000e-04
    1.32662400e+03   -9.25000000e-04
    5.64741400e+02   -3.49900000e-03
    2.58828800e+02   -1.12800000e-02
    1.25311500e+02   -3.08190000e-02
    6.32423300e+01   -6.90360000e-02
    3.28240600e+01   -1.18733000e-01
    1.73969200e+01   -1.42443000e-01
    9.32439400e+00   -4.31070000e-02
    4.93883900e+00    2.03499000e-01
    2.56202500e+00    4.06228000e-01
    1.29929400e+00    3.70938000e-01
    6.34678000e-01    1.64312000e-01
    2.32262000e-01    1.72650000e-02
    9.15460000e-02   -1.68200000e-03
17  1
    4.50666200e+04    1.00000000e-06
    1.06626400e+04    7.00000000e-06
    3.46343100e+03    4.10000000e-05
    1.32662400e+03    1.86000000e-04
    5.64741400e+02    7.12000000e-04
    2.58828800e+02    2.26900000e-03
    1.25311500e+02    6.29100000e-03
    6.32423300e+01    1.39340000e-02
    3.28240600e+01    2.45310000e-02
    1.73969200e+01    2.87700000e-02
    9.32439400e+00    8.78100000e-03
    4.93883900e+00   -5.17310000e-02
    2.56202500e+00   -9.59450000e-02
    1.29929400e+00   -1.10675000e-01
    6.34678000e-01    2.72700000e-03
    2.32262000e-01    3.15027000e-01
    9.15460000e-02    5.42810000e-01
17  1
    4.50666200e+04    2.00000000e-06
    1.06626400e+04    1.40000000e-05
    3.46343100e+03    8.40000000e-05
    1.32662400e+03    3.71000000e-04
    5.64741400e+02    1.46000000e-03
    2.58828800e+02    4.53700000e-03
    1.25311500e+02    1.29220000e-02
    6.32423300e+01    2.77660000e-02
    3.28240600e+01    5.09560000e-02
    1.73969200e+01    5.67450000e-02
    9.32439400e+00    2.41190000e-02
    4.93883900e+00   -1.25087000e-01
    2.56202500e+00   -2.06541000e-01
    1.29929400e+00   -2.14983000e-01
    6.34678000e-01    2.07819000e-01
    2.32262000e-01    6.38542000e-01
    9.15460000e-02    3.26284000e-01
17  1
    4.50666200e+04    3.00000000e-06
    1.06626400e+04    2.40000000e-05
    3.46343100e+03    1.55000000e-04
    1.32662400e+03    6.46000000e-04
    5.64741400e+02    2.68900000e-03
    2.58828800e+02    7.89900000e-03
    1.25311500e+02    2.39120000e-02
    6.32423300e+01    4.80060000e-02
    3.28240600e+01    9.62130000e-02
    1.73969200e+01    9.75820000e-02
    9.32439400e+00    7.70220000e-02
    4.93883900e+00   -3.60136000e-01
    2.56202500e+00   -4.45589000e-01
    1.29929400e+00   -1.16538000e-01
    6.34678000e-01    1.17050300e+00
    2.32262000e-01   -3.89310000e-02
    9.15460000e-02   -7.68814000e-01
17  1
    4.50666200e+04    4.00000000e-06
    1.06626400e+04    3.60000000e-05
    3.46343100e+03    1.99000000e-04
    1.32662400e+03    9.59000000e-04
    5.64741400e+02    3.46300000e-03
    2.58828800e+02    1.17560000e-02
    1.25311500e+02    3.06900000e-02
    6.32423300e+01    7.30810000e-02
    3.28240600e+01    1.16827000e-01
    1.73969200e+01    1.91163000e-01
    9.32439400e+00    1.06543000e-01
    4.93883900e+00   -9.49924000e-01
    2.56202500e+00   -5.63605000e-01
    1.29929400e+00    1.93461100e+00
    6.34678000e-01   -5.10177000e-01
    2.32262000e-01   -1.17229700e+00
    9.15460000e-02    1.01589800e+00
1  1
    3.56430000e-02    1.00000000e+00
1  1
    1.38800000e-02    1.00000000e+00
10  2
    4.14342700e+02    3.50000000e-04
    1.24392600e+02    3.20000000e-03
    4.81154000e+01    1.64770000e-02
    2.08420000e+01    5.60010000e-02
    9.62210000e+00    1.39234000e-01
    4.60340000e+00    2.42776000e-01
    2.19630000e+00    3.04069000e-01
    1.02060000e+00    2.93319000e-01
    4.54400000e-01    2.17259000e-01
    1.90000000e-01    1.04699000e-01
10  2
    4.14342700e+02   -3.62000000e-04
    1.24392600e+02   -3.33500000e-03
    4.81154000e+01   -1.71760000e-02
    2.08420000e+01   -5.92450000e-02
    9.62210000e+00   -1.51232000e-01
    4.60340000e+00   -2.54461000e-01
    2.19630000e+00   -2.28718000e-01
    1.02060000e+00    2.06160000e-02
    4.54400000e-01    3.42753000e-01
    1.90000000e-01    4.73871000e-01
10  2
    4.14342700e+02   -5.29000000e-04
    1.24392600e+02   -4.92800000e-03
    4.81154000e+01   -2.53720000e-02
    2.08420000e+01   -8.96540000e-02
    9.62210000e+00   -2.38744000e-01
    4.60340000e+00   -3.59721000e-01
    2.19630000e+00    4.44400000e-03
    1.02060000e+00    5.96547000e-01
    4.54400000e-01    3.31302000e-01
    1.90000000e-01   -5.09009000e-01
10  2
    4.14342700e+02   -7.87000000e-04
    1.24392600e+02   -6.77800000e-03
    4.81154000e+01   -3.77260000e-02
    2.08420000e+01   -1.29125000e-01
    9.62210000e+00   -4.14809000e-01
    4.60340000e+00   -2.83957000e-01
    2.19630000e+00    8.67194000e-01
    1.02060000e+00    2.72327000e-01
    4.54400000e-01   -9.86842000e-01
    1.90000000e-01    1.85360000e-01
1  2
    7.15000000e-02    1.00000000e+00
1  2
    2.69100000e-02    1.00000000e+00
1  3
    6.91340000e+00    1.00000000e+00
1  3
    2.12600000e+00    1.00000000e+00
1  3
    6.53800000e-01    1.00000000e+00
1  3
    2.26500000e-01    1.00000000e+00
1  4
    5.31230000e+00    1.00000000e+00
1  4
    1.54570000e+00    1.00000000e+00
1  4
    6.23700000e-01    1.00000000e+00
1  5
    3.34950000e+00    1.00000000e+00
1  5
    1.44860000e+00    1.00000000e+00
