50
28  0
    1.68793000e+08    9.54481400e-08
    3.01369000e+07    6.36156100e-07
    6.73075000e+06    3.68057300e-06
    1.80337000e+06    1.68209500e-05
    5.59438000e+05    6.50147700e-05
    1.95064000e+05    2.19703100e-04
    7.46007000e+04    6.69914300e-04
    3.06817000e+04    1.88480600e-03
    1.33603000e+04    4.97186200e-03
    6.08616000e+03    1.23960300e-02
    2.87462000e+03    2.91992500e-02
    1.39872000e+03    6.41730400e-02
    6.97981000e+02    1.27806700e-01
    3.56110000e+02    2.18384900e-01
    1.85346000e+02    2.89762900e-01
    9.82221000e+01    2.50201100e-01
    5.28834000e+01    1.09125100e-01
    2.88424000e+01    2.41806200e-02
    1.58664000e+01    2.01708300e-02
    8.74933000e+00    1.58454000e-02
    4.79482000e+00    4.57371300e-03
    2.58124000e+00    5.36685000e-04
    1.34450000e+00    3.28565200e-04
    6.72374000e-01    1.05637400e-04
    2.24640000e-01    1.15272800e-05
    1.20192000e-01   -4.98287300e-06
    5.81540000e-02    2.88849100e-06
    2.77230000e-02   -3.16932900e-07
28  0
    1.68793000e+08   -3.34048300e-08
    3.01369000e+07   -2.22636900e-07
    6.73075000e+06   -1.28814500e-06
    1.80337000e+06   -5.88707200e-06
    5.59438000e+05   -2.27572600e-05
    1.95064000e+05   -7.69194200e-05
    7.46007000e+04   -2.34707000e-04
    3.06817000e+04   -6.61289600e-04
    1.33603000e+04   -1.75030300e-03
    6.08616000e+03   -4.39395200e-03
    2.87462000e+03   -1.04995700e-02
    1.39872000e+03   -2.37306600e-02
    6.97981000e+02   -4.98961500e-02
    3.56110000e+02   -9.43836500e-02
    1.85346000e+02   -1.51118600e-01
    9.82221000e+01   -1.75313700e-01
    5.28834000e+01   -7.89369400e-02
    2.88424000e+01    1.86273300e-01
    1.58664000e+01    4.71151700e-01
    8.74933000e+00    3.94007300e-01
    4.79482000e+00    1.12429000e-01
    2.58124000e+00    1.37303300e-02
    1.34450000e+00    5.75796300e-03
    6.72374000e-01    2.06769700e-03
    2.24640000e-01    1.16626400e-04
    1.20192000e-01   -2.38052700e-05
    5.81540000e-02    6.34583100e-06
    2.77230000e-02   -3.00153000e-06
28  0
    1.68793000e+08    1.12324200e-08
    3.01369000e+07    7.48763100e-08
    6.73075000e+06    4.33118400e-07
    1.80337000e+06    1.98003300e-06
    5.59438000e+05    7.65152100e-06
    1.95064000e+05    2.58753600e-05
    7.46007000e+04    7.89247000e-05
    3.06817000e+04    2.22606100e-04
    1.33603000e+04    5.89238400e-04
    6.08616000e+03    1.48328300e-03
    2.87462000e+03    3.55373100e-03
    1.39872000e+03    8.10015000e-03
    6.97981000e+02    1.72404200e-02
    3.56110000e+02    3.34891200e-02
    1.85346000e+02    5.58598300e-02
    9.82221000e+01    6.94252100e-02
    5.28834000e+01    3.27976800e-02
    2.88424000e+01   -9.36473700e-02
    1.58664000e+01   -3.12733300e-01
    8.74933000e+00   -3.72609900e-01
    4.79482000e+00   -1.76512100e-02
    2.58124000e+00    4.58076000e-01
    1.34450000e+00    5.61661700e-01
    6.72374000e-01    2.23931300e-01
    2.24640000e-01    1.41420500e-02
    1.20192000e-01   -4.40295200e-04
    5.81540000e-02    7.00177500e-03
    2.77230000e-02    1.82046300e-03
27  0
    3.01369000e+07   -1.56056800e-08
    6.73075000e+06   -9.02595500e-08
    1.80337000e+06   -4.12687500e-07
    5.59438000e+05   -1.59448800e-06
    1.95064000e+05   -5.39331300e-06
    7.46007000e+04   -1.64464200e-05
    3.06817000e+04   -4.64030300e-05
    1.33603000e+04   -1.22788400e-04
    6.08616000e+03   -3.09267900e-04
    2.87462000e+03   -7.40753700e-04
    1.39872000e+03   -1.69022000e-03
    6.97981000e+02   -3.59826500e-03
    3.56110000e+02   -7.00765400e-03
    1.85346000e+02   -1.17148800e-02
    9.82221000e+01   -1.46708500e-02
    5.28834000e+01   -6.94995700e-03
    2.88424000e+01    2.01618300e-02
    1.58664000e+01    7.05418400e-02
    8.74933000e+00    8.74326500e-02
    4.79482000e+00    8.92596900e-04
    2.58124000e+00   -1.28487900e-01
    1.34450000e+00   -1.99269800e-01
    6.72374000e-01   -1.68703800e-01
    2.24640000e-01    9.66317900e-02
    1.20192000e-01    4.09171700e-01
    5.81540000e-02    4.86560500e-01
    2.77230000e-02    1.64553600e-01
27  0
    3.01369000e+07   -2.99003600e-08
    6.73075000e+06   -1.74651000e-07
    1.80337000e+06   -7.89132100e-07
    5.59438000e+05   -3.09352700e-06
    1.95064000e+05   -1.02778200e-05
    7.46007000e+04   -3.20387700e-05
    3.06817000e+04   -8.80109300e-05
    1.33603000e+04   -2.40416200e-04
    6.08616000e+03   -5.83453700e-04
    2.87462000e+03   -1.45867000e-03
    1.39872000e+03   -3.16943900e-03
    6.97981000e+02   -7.14673600e-03
    3.56110000e+02   -1.29931700e-02
    1.85346000e+02   -2.38485900e-02
    9.82221000e+01   -2.56634500e-02
    5.28834000e+01   -1.95319700e-02
    2.88424000e+01    5.13754600e-02
    1.58664000e+01    1.17971200e-01
    8.74933000e+00    2.30518200e-01
    4.79482000e+00   -7.60218400e-02
    2.58124000e+00   -2.73641800e-01
    1.34450000e+00   -6.66821900e-01
    6.72374000e-01    2.77959500e-01
    2.24640000e-01    1.18481100e+00
    1.20192000e-01    1.45309100e-01
    5.81540000e-02   -4.47520900e-01
    2.77230000e-02   -6.63903400e-01
27  0
    3.01369000e+07   -5.25148600e-08
    6.73075000e+06   -3.08207400e-07
    1.80337000e+06   -1.38462900e-06
    5.59438000e+05   -5.46612700e-06
    1.95064000e+05   -1.80036500e-05
    7.46007000e+04   -5.67216800e-05
    3.06817000e+04   -1.53812400e-04
    1.33603000e+04   -4.26678900e-04
    6.08616000e+03   -1.01704700e-03
    2.87462000e+03   -2.59628700e-03
    1.39872000e+03   -5.50999500e-03
    6.97981000e+02   -1.27806300e-02
    3.56110000e+02   -2.24931200e-02
    1.85346000e+02   -4.32333900e-02
    9.82221000e+01   -4.32703500e-02
    5.28834000e+01   -4.00180700e-02
    2.88424000e+01    1.01412300e-01
    1.58664000e+01    1.99564300e-01
    8.74933000e+00    5.33797400e-01
    4.79482000e+00   -2.84802600e-01
    2.58124000e+00   -1.00862600e+00
    1.34450000e+00   -8.58970700e-01
    6.72374000e-01    2.25713500e+00
    2.24640000e-01    3.15836600e-01
    1.20192000e-01   -1.89313400e+00
    5.81540000e-02    1.38219500e-01
    2.77230000e-02    9.13242800e-01
27  0
    3.01369000e+07    6.66540200e-08
    6.73075000e+06    3.83769200e-07
    1.80337000e+06    1.76434700e-06
    5.59438000e+05    6.77107900e-06
    1.95064000e+05    2.30942600e-05
    7.46007000e+04    6.97102300e-05
    3.06817000e+04    1.99145700e-04
    1.33603000e+04    5.19344500e-04
    6.08616000e+03    1.33102300e-03
    2.87462000e+03    3.12839700e-03
    1.39872000e+03    7.30741500e-03
    6.97981000e+02    1.51984500e-02
    3.56110000e+02    3.06769900e-02
    1.85346000e+02    4.96677800e-02
    9.82221000e+01    6.71604100e-02
    5.28834000e+01    2.67514500e-02
    2.88424000e+01   -7.69026500e-02
    1.58664000e+01   -3.66049900e-01
    8.74933000e+00   -8.93066200e-01
    4.79482000e+00    9.86835900e-01
    2.58124000e+00    2.71400400e+00
    1.34450000e+00   -3.54918400e+00
    6.72374000e-01   -1.08208700e-01
    2.24640000e-01    3.74035800e+00
    1.20192000e-01   -2.94699100e+00
    5.81540000e-02   -7.56477400e-01
    2.77230000e-02    1.26920600e+00
28  0
    1.68793000e+08    1.10850100e-08
    3.01369000e+07    7.14271700e-08
    6.73075000e+06    4.31244800e-07
    1.80337000e+06    1.87259900e-06
    5.59438000e+05    7.70461100e-06
    1.95064000e+05    2.41028100e-05
    7.46007000e+04    8.08429600e-05
    3.06817000e+04    2.03027300e-04
    1.33603000e+04    6.16305200e-04
    6.08616000e+03    1.32153000e-03
    2.87462000e+03    3.80728300e-03
    1.39872000e+03    7.03508300e-03
    6.97981000e+02    1.91948400e-02
    3.56110000e+02    2.78404200e-02
    1.85346000e+02    6.92681200e-02
    9.82221000e+01    4.33498900e-02
    5.28834000e+01    1.00323800e-01
    2.88424000e+01   -2.28282100e-01
    1.58664000e+01   -1.78830200e-01
    8.74933000e+00   -2.16328400e+00
    4.79482000e+00    4.67683000e+00
    2.58124000e+00   -5.08215400e-01
    1.34450000e+00   -6.16305000e+00
    6.72374000e-01    6.75523500e+00
    2.24640000e-01   -4.17768700e+00
    1.20192000e-01    6.31569200e-01
    5.81540000e-02    2.65800600e+00
    2.77230000e-02   -1.69972700e+00
1  0
    2.77230000e-02    1.00000000e+00
1  0
    8.26820000e+00    1.00000000e+00
1  0
    2.99250000e+00    1.00000000e+00
1  0
    1.32200000e-02    1.00000000e+00
20  1
    1.04158000e+05   -1.00000000e-06
    2.52891000e+04   -8.00000000e-06
    7.97406000e+03   -4.90000000e-05
    3.01301000e+03   -2.27000000e-04
    1.28641000e+03   -8.73000000e-04
    5.95855000e+02   -2.91900000e-03
    2.91656000e+02   -8.65900000e-03
    1.48544000e+02   -2.27740000e-02
    7.80737000e+01   -5.12130000e-02
    4.21478000e+01   -9.25330000e-02
    2.32599000e+01   -1.29076000e-01
    1.30121000e+01   -1.10178000e-01
    7.26399000e+00    4.09760000e-02
    3.97357000e+00    2.72810000e-01
    2.12156000e+00    4.01642000e-01
    1.10515000e+00    3.16139000e-01
    5.49950000e-01    1.16800000e-01
    2.10740000e-01    1.00110000e-02
    8.47310000e-02   -4.90000000e-04
    3.39020000e-02    2.63000000e-04
20  1
    1.04158000e+05    1.00000000e-06
    2.52891000e+04    5.00000000e-06
    7.97406000e+03    3.80000000e-05
    3.01301000e+03    1.59000000e-04
    1.28641000e+03    6.80000000e-04
    5.95855000e+02    2.05400000e-03
    2.91656000e+02    6.75700000e-03
    1.48544000e+02    1.60650000e-02
    7.80737000e+01    4.05400000e-02
    4.21478000e+01    6.40660000e-02
    2.32599000e+01    1.11386000e-01
    1.30121000e+01    7.39190000e-02
    7.26399000e+00   -1.05620000e-02
    3.97357000e+00   -4.81311000e-01
    2.12156000e+00   -3.96475000e-01
    1.10515000e+00    2.14921000e-01
    5.49950000e-01    1.06465800e+00
    2.10740000e-01   -2.55950000e-01
    8.47310000e-02   -6.59857000e-01
    3.39020000e-02   -4.92000000e-04
20  1
    1.04158000e+05    1.00000000e-06
    2.52891000e+04    8.00000000e-06
    7.97406000e+03    4.20000000e-05
    3.01301000e+03    2.34000000e-04
    1.28641000e+03    7.52000000e-04
    5.95855000e+02    3.01000000e-03
    2.91656000e+02    7.49400000e-03
    1.48544000e+02    2.37130000e-02
    7.80737000e+01    4.40050000e-02
    4.21478000e+01    1.00412000e-01
    2.32599000e+01    1.05462000e-01
    1.30121000e+01    2.29167000e-01
    7.26399000e+00   -2.52737000e-01
    3.97357000e+00   -8.56642000e-01
    2.12156000e+00   -2.47796000e-01
    1.10515000e+00    2.12070500e+00
    5.49950000e-01   -1.08611200e+00
    2.10740000e-01   -8.81843000e-01
    8.47310000e-02    1.01280000e+00
    3.39020000e-02   -3.85400000e-03
20  1
    1.04158000e+05    1.00000000e-06
    2.52891000e+04    1.20000000e-05
    7.97406000e+03    5.70000000e-05
    3.01301000e+03    3.47000000e-04
    1.28641000e+03    1.02500000e-03
    5.95855000e+02    4.48200000e-03
    2.91656000e+02    1.02930000e-02
    1.48544000e+02    3.57430000e-02
    7.80737000e+01    6.09110000e-02
    4.21478000e+01    1.56506000e-01
    2.32599000e+01    1.43609000e-01
    1.30121000e+01    5.34382000e-01
    7.26399000e+00   -1.40831800e+00
    3.97357000e+00   -9.57386000e-01
    2.12156000e+00    3.10389200e+00
    1.10515000e+00   -1.36938900e+00
    5.49950000e-01   -1.14376400e+00
    2.10740000e-01    1.79105300e+00
    8.47310000e-02   -1.00276100e+00
    3.39020000e-02   -3.56560000e-02
19  1
    1.04158000e+05    2.00000000e-06
    2.52891000e+04    2.20000000e-05
    7.97406000e+03    1.36000000e-04
    3.01301000e+03    6.31000000e-04
    1.28641000e+03    2.42100000e-03
    5.95855000e+02    8.04900000e-03
    2.91656000e+02    2.36160000e-02
    1.48544000e+02    6.08610000e-02
    7.80737000e+01    1.32603000e-01
    4.21478000e+01    2.30473000e-01
    2.32599000e+01    3.05162000e-01
    1.30121000e+01    2.71369000e-01
    7.26399000e+00    1.29623000e-01
    3.97357000e+00    2.40140000e-02
    2.12156000e+00   -3.59000000e-04
    1.10515000e+00   -1.46200000e-03
    5.49950000e-01   -6.14000000e-04
    2.10740000e-01   -3.00000000e-05
    8.47310000e-02   -1.00000000e-06
19  1
    2.52891000e+04    2.00000000e-06
    7.97406000e+03    1.00000000e-05
    3.01301000e+03    4.50000000e-05
    1.28641000e+03    1.77000000e-04
    5.95855000e+02    5.84000000e-04
    2.91656000e+02    1.76200000e-03
    1.48544000e+02    4.56300000e-03
    7.80737000e+01    1.04840000e-02
    4.21478000e+01    1.85790000e-02
    2.32599000e+01    2.69710000e-02
    1.30121000e+01    2.14740000e-02
    7.26399000e+00   -9.59800000e-03
    3.97357000e+00   -6.91480000e-02
    2.12156000e+00   -9.55710000e-02
    1.10515000e+00   -9.89250000e-02
    5.49950000e-01    3.64500000e-02
    2.10740000e-01    3.44712000e-01
    8.47310000e-02    5.27750000e-01
    3.39020000e-02    2.43637000e-01
19  1
    2.52891000e+04    3.00000000e-06
    7.97406000e+03    2.00000000e-05
    3.01301000e+03    9.00000000e-05
    1.28641000e+03    3.67000000e-04
    5.95855000e+02    1.16200000e-03
    2.91656000e+02    3.64200000e-03
    1.48544000e+02    9.08100000e-03
    7.80737000e+01    2.17340000e-02
    4.21478000e+01    3.66690000e-02
    2.32599000e+01    5.74590000e-02
    1.30121000e+01    4.04440000e-02
    7.26399000e+00   -1.22870000e-02
    3.97357000e+00   -1.72000000e-01
    2.12156000e+00   -1.96431000e-01
    1.10515000e+00   -1.60977000e-01
    5.49950000e-01    2.71572000e-01
    2.10740000e-01    6.35831000e-01
    8.47310000e-02    2.72188000e-01
    3.39020000e-02    8.93000000e-03
1  1
    3.39020000e-02    1.00000000e+00
1  1
    1.24234000e+01    1.00000000e+00
1  1
    4.07550000e+00    1.00000000e+00
1  1
    1.35600000e-02    1.00000000e+00
12  2
    5.68866500e+02    1.77000000e-04
    1.71250100e+02    1.66500000e-03
    6.64919500e+01    9.15300000e-03
    2.92054100e+01    3.34810000e-02
    1.36784800e+01    9.09020000e-02
    6.69788000e+00    1.83398000e-01
    3.32585000e+00    2.66361000e-01
    1.63148000e+00    2.94541000e-01
    7.79014000e-01    2.58886000e-01
    3.57546000e-01    1.73003000e-01
    1.55163000e-01    7.02410000e-02
    6.14020000e-02    8.33100000e-03
12  2
    5.68866500e+02   -1.87000000e-04
    1.71250100e+02   -1.76300000e-03
    6.64919500e+01   -9.71800000e-03
    2.92054100e+01   -3.57770000e-02
    1.36784800e+01   -9.94580000e-02
    6.69788000e+00   -2.02812000e-01
    3.32585000e+00   -2.60424000e-01
    1.63148000e+00   -1.46265000e-01
    7.79014000e-01    1.41214000e-01
    3.57546000e-01    4.00459000e-01
    1.55163000e-01    4.00758000e-01
    6.14020000e-02    1.03033000e-01
12  2
    5.68866500e+02   -2.70000000e-04
    1.71250100e+02   -2.58400000e-03
    6.64919500e+01   -1.42000000e-02
    2.92054100e+01   -5.31960000e-02
    1.36784800e+01   -1.52460000e-01
    6.69788000e+00   -3.18258000e-01
    3.32585000e+00   -2.56950000e-01
    1.63148000e+00    2.82858000e-01
    7.79014000e-01    6.04536000e-01
    3.57546000e-01    3.84770000e-02
    1.55163000e-01   -5.66786000e-01
    6.14020000e-02   -2.08510000e-01
12  2
    5.68866500e+02   -3.75000000e-04
    1.71250100e+02   -3.80300000e-03
    6.64919500e+01   -2.01480000e-02
    2.92054100e+01   -7.93150000e-02
    1.36784800e+01   -2.40838000e-01
    6.69788000e+00   -5.20067000e-01
    3.32585000e+00    2.69485000e-01
    1.63148000e+00    9.48422000e-01
    7.79014000e-01   -4.61384000e-01
    3.57546000e-01   -7.28293000e-01
    1.55163000e-01    4.95635000e-01
    6.14020000e-02    2.96861000e-01
12  2
    5.68866500e+02   -5.66000000e-04
    1.71250100e+02   -4.21500000e-03
    6.64919500e+01   -2.90040000e-02
    2.92054100e+01   -9.31450000e-02
    1.36784800e+01   -4.22747000e-01
    6.69788000e+00   -4.17162000e-01
    3.32585000e+00    1.46910900e+00
    1.63148000e+00   -5.18750000e-01
    7.79014000e-01   -1.13734400e+00
    3.57546000e-01    1.33532500e+00
    1.55163000e-01   -2.36874000e-01
    6.14020000e-02   -4.65993000e-01
1  2
    6.14020000e-02    1.00000000e+00
1  2
    8.94390000e+00    1.00000000e+00
1  2
    5.52240000e+00    1.00000000e+00
1  2
    2.43000000e-02    1.00000000e+00
1  3
    1.42413000e+01    1.00000000e+00
1  3
    6.37830000e+00    1.00000000e+00
1  3
    2.85660000e+00    1.00000000e+00
1  3
    1.27940000e+00    1.00000000e+00
1  3
    4.43700000e-01    1.00000000e+00
1  3
    1.53880000e-01    1.00000000e+00
1  4
    1.02136000e+01    1.00000000e+00
1  4
    5.07300000e+00    1.00000000e+00
1  4
    2.51970000e+00    1.00000000e+00
1  4
    9.63300000e-01    1.00000000e+00
1  4
    3.68280000e-01    1.00000000e+00
1  5
    8.96610000e+00    1.00000000e+00
1  5
    4.35560000e+00    1.00000000e+00
1  5
    1.85260000e+00    1.00000000e+00
1  5
    7.87980000e-01    1.00000000e+00
1  6
    9.01510000e+00    1.00000000e+00
1  6
    4.35490000e+00    1.00000000e+00
1  6
    2.10371000e+00    1.00000000e+00
