72
1  0
    4.57084000e+02    1.00000000e+00
1  0
    2.39897000e+02    1.00000000e+00
1  0
    1.08247000e+02    1.00000000e+00
1  0
    4.91719000e+01    1.00000000e+00
1  0
    1.78895000e+01    1.00000000e+00
1  0
    7.50430000e+00    1.00000000e+00
1  0
    3.96496000e+00    1.00000000e+00
1  0
    2.11866000e+00    1.00000000e+00
1  0
    1.11236000e+00    1.00000000e+00
1  0
    5.66555000e-01    1.00000000e+00
1  0
    2.76360000e-01    1.00000000e+00
1  0
    1.50555000e-01    1.00000000e+00
1  0
    9.04040000e-02    1.00000000e+00
1  1
    1.76517000e+02    1.00000000e+00
1  1
    7.91721000e+01    1.00000000e+00
1  1
    3.28068000e+01    1.00000000e+00
1  1
    1.44264000e+01    1.00000000e+00
1  1
    8.33339000e+00    1.00000000e+00
1  1
    3.48215000e+00    1.00000000e+00
1  1
    1.68323000e+00    1.00000000e+00
1  1
    1.24876000e+00    1.00000000e+00
1  1
    6.68163000e-01    1.00000000e+00
1  1
    3.15483000e-01    1.00000000e+00
1  1
    1.43367000e-01    1.00000000e+00
1  1
    7.44960000e-02    1.00000000e+00
1  2
    4.62583000e+01    1.00000000e+00
1  2
    2.31481000e+01    1.00000000e+00
1  2
    1.09409000e+01    1.00000000e+00
1  2
    7.14794000e+00    1.00000000e+00
1  2
    3.39974000e+00    1.00000000e+00
1  2
    2.36843000e+00    1.00000000e+00
1  2
    1.08801000e+00    1.00000000e+00
1  2
    5.93654000e-01    1.00000000e+00
1  2
    3.02093000e-01    1.00000000e+00
1  2
    1.60166000e-01    1.00000000e+00
1  2
    6.16970000e-02    1.00000000e+00
1  3
    7.15258000e+01    1.00000000e+00
1  3
    2.12206000e+01    1.00000000e+00
1  3
    1.27264000e+01    1.00000000e+00
1  3
    6.19601000e+00    1.00000000e+00
1  3
    4.19261000e+00    1.00000000e+00
1  3
    1.96580000e+00    1.00000000e+00
1  3
    1.11819000e+00    1.00000000e+00
1  3
    5.62831000e-01    1.00000000e+00
1  3
    2.83035000e-01    1.00000000e+00
1  3
    1.31083000e-01    1.00000000e+00
1  4
    5.44630000e+01    1.00000000e+00
1  4
    2.04926000e+01    1.00000000e+00
1  4
    9.79060000e+00    1.00000000e+00
1  4
    5.17281000e+00    1.00000000e+00
1  4
    3.62558000e+00    1.00000000e+00
1  4
    1.71122000e+00    1.00000000e+00
1  4
    1.05775000e+00    1.00000000e+00
1  4
    4.61374000e-01    1.00000000e+00
1  4
    2.37934000e-01    1.00000000e+00
1  5
    2.51598000e+01    1.00000000e+00
1  5
    1.34545000e+01    1.00000000e+00
1  5
    6.68738000e+00    1.00000000e+00
1  5
    3.65246000e+00    1.00000000e+00
1  5
    2.10001000e+00    1.00000000e+00
1  5
    8.58548000e-01    1.00000000e+00
1  6
    1.69962000e+01    1.00000000e+00
1  6
    9.89926000e+00    1.00000000e+00
1  6
    5.08965000e+00    1.00000000e+00
1  6
    3.40406000e+00    1.00000000e+00
1  6
    1.56562000e+00    1.00000000e+00
1  7
    1.39590000e+01    1.00000000e+00
1  7
    8.07749000e+00    1.00000000e+00
1  7
    3.47814000e+00    1.00000000e+00
1  7
    2.16959000e+00    1.00000000e+00
1  8
    1.07906000e+01    1.00000000e+00
1  8
    5.88201000e+00    1.00000000e+00
