20
19  0
    5.04599100e+06    8.20899600e-06
    7.55614200e+05    6.38288400e-05
    1.71956800e+05    3.35580000e-04
    4.87047900e+04    1.41507500e-03
    1.58884100e+04    5.12444400e-03
    5.73512300e+03    1.64325600e-02
    2.23613700e+03    4.68939800e-02
    9.26646800e+02    1.16353400e-01
    4.03174300e+02    2.35051100e-01
    1.82347600e+02    3.35018400e-01
    8.45488500e+01    2.53477900e-01
    3.83963400e+01    7.30090100e-02
    1.84585900e+01    6.18424400e-02
    8.86354800e+00    6.30295600e-02
    3.91622700e+00    1.00806300e-02
    1.83887000e+00   -2.24452800e-04
    8.04362000e-01   -5.93276700e-05
    1.69797000e-01   -1.15856200e-05
    7.93060000e-02    8.11510900e-06
19  0
    5.04599100e+06   -3.65784900e-06
    7.55614200e+05   -2.84409400e-05
    1.71956800e+05   -1.49592800e-04
    4.87047900e+04   -6.31300900e-04
    1.58884100e+04   -2.29305200e-03
    5.73512300e+03   -7.40512300e-03
    2.23613700e+03   -2.15203200e-02
    9.26646800e+02   -5.56097400e-02
    4.03174300e+02   -1.23017600e-01
    1.82347600e+02   -2.13010400e-01
    8.45488500e+01   -2.26583700e-01
    3.83963400e+01    3.54679600e-02
    1.84585900e+01    5.18169700e-01
    8.86354800e+00    5.02563000e-01
    3.91622700e+00    8.95567400e-02
    1.83887000e+00   -7.03131100e-03
    8.04362000e-01   -4.33916700e-04
    1.69797000e-01   -5.83171100e-04
    7.93060000e-02    4.22878800e-04
19  0
    5.04599100e+06    9.59414900e-07
    7.55614200e+05    7.46261400e-06
    1.71956800e+05    3.92384300e-05
    4.87047900e+04    1.65786800e-04
    1.58884100e+04    6.02590500e-04
    5.73512300e+03    1.95566200e-03
    2.23613700e+03    5.73039100e-03
    9.26646800e+02    1.51475600e-02
    4.03174300e+02    3.49349900e-02
    1.82347600e+02    6.59807200e-02
    8.45488500e+01    7.89308300e-02
    3.83963400e+01   -1.90624900e-02
    1.84585900e+01   -3.09592100e-01
    8.86354800e+00   -4.55861000e-01
    3.91622700e+00    1.48293100e-01
    1.83887000e+00    7.13403900e-01
    8.04362000e-01    3.97606300e-01
    1.69797000e-01    2.29552300e-02
    7.93060000e-02   -9.15175800e-03
19  0
    5.04599100e+06   -2.01375300e-07
    7.55614200e+05   -1.56583200e-06
    1.71956800e+05   -8.23718200e-06
    4.87047900e+04   -3.47810500e-05
    1.58884100e+04   -1.26526500e-04
    5.73512300e+03   -4.10258900e-04
    2.23613700e+03   -1.20383400e-03
    9.26646800e+02   -3.17906200e-03
    4.03174300e+02   -7.35382800e-03
    1.82347600e+02   -1.38902200e-02
    8.45488500e+01   -1.67787500e-02
    3.83963400e+01    4.16337800e-03
    1.84585900e+01    6.81470300e-02
    8.86354800e+00    1.06102900e-01
    3.91622700e+00   -4.33998000e-02
    1.83887000e+00   -2.09495000e-01
    8.04362000e-01   -2.31027100e-01
    1.69797000e-01    2.59053200e-01
    7.93060000e-02    5.69142600e-01
19  0
    5.04599100e+06   -3.92424500e-07
    7.55614200e+05   -3.11390900e-06
    1.71956800e+05   -1.59044700e-05
    4.87047900e+04   -6.98139400e-05
    1.58884100e+04   -2.41784800e-04
    5.73512300e+03   -8.32619500e-04
    2.23613700e+03   -2.27029400e-03
    9.26646800e+02   -6.55742700e-03
    4.03174300e+02   -1.35428800e-02
    1.82347600e+02   -2.98976800e-02
    8.45488500e+01   -2.69310600e-02
    3.83963400e+01   -7.82769300e-03
    1.84585900e+01    1.74166700e-01
    8.86354800e+00    1.59546800e-01
    3.91622700e+00    1.99555000e-02
    1.83887000e+00   -8.89700000e-01
    8.04362000e-01    2.48689200e-01
    1.69797000e-01    1.61301200e+00
    7.93060000e-02   -5.99027700e-01
19  0
    5.04599100e+06   -7.30363300e-07
    7.55614200e+05   -5.80201300e-06
    1.71956800e+05   -2.95854700e-05
    4.87047900e+04   -1.30149900e-04
    1.58884100e+04   -4.49533200e-04
    5.73512300e+03   -1.55331400e-03
    2.23613700e+03   -4.21988400e-03
    9.26646800e+02   -1.22541900e-02
    4.03174300e+02   -2.51970700e-02
    1.82347600e+02   -5.62171700e-02
    8.45488500e+01   -5.02222900e-02
    3.83963400e+01   -1.67741200e-02
    1.84585900e+01    3.38802100e-01
    8.86354800e+00    3.98497500e-01
    3.91622700e+00   -3.03205300e-01
    1.83887000e+00   -2.07961900e+00
    8.04362000e-01    2.50054200e+00
    1.69797000e-01   -2.16900200e-01
    7.93060000e-02   -1.70917800e+00
1  0
    3.46770000e-02    1.00000000e+00
15  1
    2.10279200e+04    4.10000000e-05
    4.97756000e+03    3.63000000e-04
    1.61674000e+03    2.09700000e-03
    6.18671800e+02    9.25000000e-03
    2.62518300e+02    3.27960000e-02
    1.19690700e+02    9.40040000e-02
    5.74658500e+01    2.08280000e-01
    2.85282900e+01    3.33654000e-01
    1.45214800e+01    3.32904000e-01
    7.45385000e+00    1.55372000e-01
    3.72355300e+00    2.08590000e-02
    1.80981300e+00   -2.44000000e-03
    8.51336000e-01   -1.99800000e-03
    3.24814000e-01   -3.38000000e-04
    1.19522000e-01    3.50000000e-05
15  1
    2.10279200e+04   -1.50000000e-05
    4.97756000e+03   -1.29000000e-04
    1.61674000e+03   -7.49000000e-04
    6.18671800e+02   -3.32800000e-03
    2.62518300e+02   -1.19470000e-02
    1.19690700e+02   -3.52420000e-02
    5.74658500e+01   -8.12040000e-02
    2.85282900e+01   -1.37493000e-01
    1.45214800e+01   -1.39226000e-01
    7.45385000e+00    3.60160000e-02
    3.72355300e+00    3.39128000e-01
    1.80981300e+00    4.50472000e-01
    8.51336000e-01    2.81783000e-01
    3.24814000e-01    4.78980000e-02
    1.19522000e-01   -2.98700000e-03
15  1
    2.10279200e+04    3.00000000e-06
    4.97756000e+03    2.60000000e-05
    1.61674000e+03    1.52000000e-04
    6.18671800e+02    6.78000000e-04
    2.62518300e+02    2.42700000e-03
    1.19690700e+02    7.20100000e-03
    5.74658500e+01    1.65780000e-02
    2.85282900e+01    2.83920000e-02
    1.45214800e+01    2.85990000e-02
    7.45385000e+00   -1.01320000e-02
    3.72355300e+00   -8.29120000e-02
    1.80981300e+00   -1.15998000e-01
    8.51336000e-01   -7.27950000e-02
    3.24814000e-01    1.95640000e-01
    1.19522000e-01    5.67099000e-01
15  1
    2.10279200e+04    6.00000000e-06
    4.97756000e+03    5.30000000e-05
    1.61674000e+03    3.05000000e-04
    6.18671800e+02    1.36400000e-03
    2.62518300e+02    4.87600000e-03
    1.19690700e+02    1.45030000e-02
    5.74658500e+01    3.32960000e-02
    2.85282900e+01    5.74820000e-02
    1.45214800e+01    5.87020000e-02
    7.45385000e+00   -1.99040000e-02
    3.72355300e+00   -1.94695000e-01
    1.80981300e+00   -2.39613000e-01
    8.51336000e-01   -2.23200000e-03
    3.24814000e-01    5.21435000e-01
    1.19522000e-01    5.45540000e-01
15  1
    2.10279200e+04    1.10000000e-05
    4.97756000e+03    9.50000000e-05
    1.61674000e+03    5.80000000e-04
    6.18671800e+02    2.45100000e-03
    2.62518300e+02    9.28200000e-03
    1.19690700e+02    2.60090000e-02
    5.74658500e+01    6.40960000e-02
    2.85282900e+01    1.00710000e-01
    1.45214800e+01    1.32539000e-01
    7.45385000e+00   -6.50890000e-02
    3.72355300e+00   -4.89756000e-01
    1.80981300e+00   -4.98455000e-01
    8.51336000e-01    9.66357000e-01
    3.24814000e-01    5.28379000e-01
    1.19522000e-01   -8.67676000e-01
1  1
    4.23660000e-02    1.00000000e+00
7  2
    1.40252700e+02    3.37600000e-03
    4.17261000e+01    2.51410000e-02
    1.53981000e+01    9.77460000e-02
    6.27710000e+00    2.34709000e-01
    2.61850000e+00    3.46945000e-01
    1.05260000e+00    3.51068000e-01
    3.91600000e-01    2.50255000e-01
7  2
    1.40252700e+02   -3.49500000e-03
    4.17261000e+01   -2.60150000e-02
    1.53981000e+01   -1.03876000e-01
    6.27710000e+00   -2.52070000e-01
    2.61850000e+00   -2.94580000e-01
    1.05260000e+00    1.15200000e-03
    3.91600000e-01    4.38589000e-01
7  2
    1.40252700e+02    5.05200000e-03
    4.17261000e+01    3.80870000e-02
    1.53981000e+01    1.56113000e-01
    6.27710000e+00    3.86156000e-01
    2.61850000e+00    1.75605000e-01
    1.05260000e+00   -6.26807000e-01
    3.91600000e-01   -3.42775000e-01
1  2
    1.26200000e-01    1.00000000e+00
1  3
    4.50460000e+00    1.00000000e+00
1  3
    1.12860000e+00    1.00000000e+00
1  4
    2.97710000e+00    1.00000000e+00
