20
1  0
    5.00000000e+04    1.00000000e+00
1  0
    9.93000000e+03    1.00000000e+00
1  0
    2.50000000e+03    1.00000000e+00
1  0
    6.20000000e+02    1.00000000e+00
1  0
    1.55000000e+02    1.00000000e+00
1  0
    4.80000000e+01    1.00000000e+00
1  1
    4.80000000e+01    1.00000000e+00
1  0
    9.70000000e+00    1.00000000e+00
1  1
    9.70000000e+00    1.00000000e+00
1  0
    2.40000000e+00    1.00000000e+00
1  1
    2.40000000e+00    1.00000000e+00
1  0
    6.00000000e-01    1.00000000e+00
1  1
    6.00000000e-01    1.00000000e+00
1  0
    1.52000000e-01    1.00000000e+00
1  1
    1.52000000e-01    1.00000000e+00
1  2
    4.80000000e+01    1.00000000e+00
1  2
    9.70000000e+00    1.00000000e+00
1  2
    2.40000000e+00    1.00000000e+00
1  2
    6.00000000e-01    1.00000000e+00
1  2
    1.52000000e-01    1.00000000e+00
