18
8  0
    3.51535729e+05    2.25293869e-04
    5.26958093e+04    1.74686162e-03
    1.19924683e+04    9.08499921e-03
    3.39457767e+03    3.69407484e-02
    1.10535946e+03    1.20328199e-01
    3.97146778e+02    2.85967151e-01
    1.54275430e+02    4.09830202e-01
    6.10187238e+01    2.16206429e-01
4  0
    3.84455597e+02   -2.46512793e-02
    1.19048792e+02   -1.16585053e-01
    1.91370122e+01    5.48641267e-01
    8.15267186e+00    5.26400511e-01
2  0
    1.25794086e+01   -2.27978843e-01
    2.08708661e+00    7.07037382e-01
1  0
    8.64325686e-01    1.00000000e+00
1  0
    1.32831692e-01    1.00000000e+00
1  0
    4.68453277e-02    1.00000000e+00
6  1
    1.88309075e+03    2.37482584e-03
    4.45951553e+02    1.92894572e-02
    1.43084308e+02    9.07182115e-02
    5.33729207e+01    2.61814141e-01
    2.13219194e+01    4.23091498e-01
    8.66435620e+00    2.46416860e-01
3  1
    3.41442552e+01   -2.96771292e-02
    4.71224559e+00    5.56168241e-01
    1.87092318e+00    9.63577665e-01
1  1
    7.03700163e-01    1.00000000e+00
1  1
    2.64600000e-01    1.00000000e+00
1  1
    9.95500000e-02    1.00000000e+00
4  2
    7.45916035e+01    1.20774547e-02
    2.15906328e+01    7.46372622e-02
    7.62461426e+00    2.32367755e-01
    2.86322068e+00    3.90426517e-01
1  2
    1.03110634e+00    1.00000000e+00
1  2
    3.30607607e-01    1.00000000e+00
1  2
    1.06000000e-01    1.00000000e+00
1  3
    4.44600000e+00    1.00000000e+00
1  3
    1.08700000e+00    1.00000000e+00
1  4
    2.87200000e+00    1.00000000e+00
