26
11  0
    5.03764995e+06    8.60727788e-06
    7.54246394e+05    6.69353548e-05
    1.71644160e+05    3.51908012e-04
    4.86172303e+04    1.48390827e-03
    1.58609618e+04    5.37363443e-03
    5.72600187e+03    1.72333763e-02
    2.23295473e+03    4.92114769e-02
    9.25496491e+02    1.22325045e-01
    4.02753369e+02    2.48292516e-01
    1.82194229e+02    3.58254762e-01
    8.44941098e+01    2.78818656e-01
4  0
    1.67805646e+03    8.24628709e-03
    5.19213583e+02    8.15059404e-02
    1.98958816e+02    3.74957277e-01
    8.59011807e+01    7.08417438e-01
1  0
    3.84357601e+01    1.00000000e+00
1  0
    1.82523494e+01    1.00000000e+00
1  0
    8.72836169e+00    1.00000000e+00
1  0
    3.76162457e+00    1.00000000e+00
1  0
    1.80282173e+00    1.00000000e+00
1  0
    7.95071405e-01    1.00000000e+00
1  0
    1.70317203e-01    1.00000000e+00
1  0
    7.89712362e-02    1.00000000e+00
1  0
    3.45034867e-02    1.00000000e+00
9  1
    9.15657015e+03    1.73464184e-04
    2.16902395e+03    1.52572205e-03
    7.03989190e+02    8.51632810e-03
    2.68362932e+02    3.51174670e-02
    1.13102888e+02    1.10202754e-01
    5.09555392e+01    2.51626017e-01
    2.38967082e+01    3.82463899e-01
    1.14982415e+01    3.09072303e-01
    5.44109081e+00    8.71943774e-02
5  1
    7.59385607e+01   -7.46355466e-03
    2.70373502e+01   -3.64534016e-02
    5.34046874e+00    3.56335494e-01
    2.47001814e+00    7.37741220e-01
    1.10950291e+00    5.94393830e-01
1  1
    4.58997671e-01    1.00000000e+00
1  1
    1.87000000e-01    1.00000000e+00
1  1
    7.62000000e-02    1.00000000e+00
1  1
    3.10000000e-02    1.00000000e+00
6  2
    2.58111311e+02    2.37262743e-03
    7.72548914e+01    2.03301328e-02
    2.95002400e+01    9.27484867e-02
    1.24774469e+01    2.80822846e-01
    5.60704551e+00    5.73926579e-01
    2.54277442e+00    7.87660585e-01
1  2
    1.12382968e+00    1.00000000e+00
1  2
    4.73611715e-01    1.00000000e+00
1  2
    1.81618583e-01    1.00000000e+00
1  2
    7.10000000e-02    1.00000000e+00
1  3
    6.75800000e+00    1.00000000e+00
1  3
    2.17400000e+00    1.00000000e+00
1  3
    6.81000000e-01    1.00000000e+00
1  4
    2.87200000e+00    1.00000000e+00
