21
10  0
    1.45964000e+06    5.49902000e-05
    2.18650000e+05    4.27328000e-04
    4.97684000e+04    2.24187000e-03
    1.40979000e+04    9.39086000e-03
    4.59938000e+03    3.33526000e-02
    1.66038000e+03    1.01485000e-01
    6.48037000e+02    2.53088000e-01
    2.64462000e+02    4.79451000e-01
    1.12452000e+02    5.00000000e-01
    4.92460000e+01    1.82629000e-01
4  0
    3.93934000e+02   -2.18452000e-02
    1.20409000e+02   -1.05698000e-01
    1.90393000e+01    5.00000000e-01
    8.03120000e+00    4.87502000e-01
2  0
    1.28739000e+01   -1.58443000e-01
    2.10866000e+00    5.00000000e-01
1  0
    8.67313000e-01    1.00000000e+00
1  0
    1.66822000e-01    1.00000000e+00
1  0
    5.57084000e-02    1.00000000e+00
5  1
    2.72976000e+04    1.42951000e-04
    4.19963000e+03    2.87547000e-03
    9.95623000e+02    2.56879000e-02
    3.21064000e+02    1.36559000e-01
    1.21005000e+02    5.00000000e-01
1  1
    5.01567000e+01    1.00000000e+00
1  1
    2.19057000e+01    1.00000000e+00
1  1
    9.77309000e+00    1.00000000e+00
1  1
    4.13289000e+00    1.00000000e+00
1  1
    1.70214000e+00    1.00000000e+00
1  1
    6.49314000e-01    1.00000000e+00
1  1
    1.39000000e-01    1.00000000e+00
5  2
    1.67608000e+02    3.76447000e-03
    4.98724000e+01    2.91796000e-02
    1.86628000e+01    1.22307000e-01
    7.57032000e+00    3.19017000e-01
    3.21312000e+00    5.00000000e-01
1  2
    1.32173000e+00    1.00000000e+00
1  2
    5.07180000e-01    1.00000000e+00
1  2
    1.72000000e-01    1.00000000e+00
1  3
    4.29900000e+00    1.00000000e+00
1  3
    9.55000000e-01    1.00000000e+00
1  4
    2.17800000e+00    1.00000000e+00
