29
12  0
    5.71512000e+06    1.06858000e-05
    8.54940000e+05    8.31957000e-05
    1.94458000e+05    4.37626000e-04
    5.50922000e+04    1.84444000e-03
    1.79899000e+04    6.67836000e-03
    6.50281000e+03    2.14547000e-02
    2.54163000e+03    6.14247000e-02
    1.05276000e+03    1.56102000e-01
    4.55933000e+02    3.27997000e-01
    2.06176000e+02    5.00000000e-01
    9.58779000e+01    4.46995000e-01
    4.44652000e+01    1.42704000e-01
7  0
    1.81890000e+03   -1.01009000e-03
    5.63015000e+02   -1.02037000e-02
    2.18096000e+02   -4.58430000e-02
    9.62899000e+01   -9.62599000e-02
    2.21410000e+01    3.52001000e-01
    1.10205000e+01    5.00000000e-01
    5.46357000e+00    1.95273000e-01
4  0
    1.80924000e+01   -9.90205000e-02
    9.09798000e+00   -2.32353000e-01
    2.94914000e+00    4.26386000e-01
    1.44262000e+00    5.00000000e-01
2  0
    1.67392000e+00    3.36858000e-01
    7.14672000e-01    5.00000000e-01
1  0
    2.32396000e-01    1.00000000e+00
1  0
    9.68591000e-02    1.00000000e+00
1  0
    3.84211000e-02    1.00000000e+00
6  1
    1.04829000e+05    3.10169000e-05
    1.61276000e+04    6.32111000e-04
    3.82145000e+03    5.85011000e-03
    1.24040000e+03    3.34586000e-02
    4.72834000e+02    1.46109000e-01
    2.01242000e+02    5.00000000e-01
1  1
    9.07992000e+01    1.00000000e+00
1  1
    4.29994000e+01    1.00000000e+00
1  1
    2.10586000e+01    1.00000000e+00
1  1
    1.03995000e+01    1.00000000e+00
1  1
    5.06201000e+00    1.00000000e+00
1  1
    2.41014000e+00    1.00000000e+00
1  1
    1.10557000e+00    1.00000000e+00
1  1
    4.76149000e-01    1.00000000e+00
1  1
    1.35000000e-01    1.00000000e+00
5  2
    3.44132000e+02    1.54699000e-03
    1.03272000e+02    1.35305000e-02
    4.01822000e+01    6.42780000e-02
    1.76830000e+01    2.09917000e-01
    8.00602000e+00    5.00000000e-01
1  2
    3.75113000e+00    1.00000000e+00
1  2
    1.72844000e+00    1.00000000e+00
1  2
    7.66312000e-01    1.00000000e+00
1  2
    3.20299000e-01    1.00000000e+00
1  2
    1.20579000e-01    1.00000000e+00
1  3
    7.73800000e+00    1.00000000e+00
1  3
    2.14900000e+00    1.00000000e+00
1  3
    5.97000000e-01    1.00000000e+00
1  4
    5.15800000e+00    1.00000000e+00
1  4
    1.14600000e+00    1.00000000e+00
1  5
    2.61400000e+00    1.00000000e+00
