39
15  0
    2.45831000e+07    1.97099000e-06
    3.75343000e+06    1.49281000e-05
    8.65151000e+05    7.74076000e-05
    2.48261000e+05    3.20924000e-04
    8.20116000e+04    1.15342000e-03
    2.99551000e+04    3.70275000e-03
    1.18688000e+04    1.07726000e-02
    5.02888000e+03    2.87170000e-02
    2.25578000e+03    6.95666000e-02
    1.05949000e+03    1.53229000e-01
    5.20482000e+02    2.82869000e-01
    2.69840000e+02    4.24855000e-01
    1.42318000e+02    5.00000000e-01
    7.43862000e+01    3.54238000e-01
    3.78022000e+01    9.07127000e-02
7  0
    1.76309000e+03   -1.13777000e-03
    5.49104000e+02   -1.12494000e-02
    2.13857000e+02   -4.95536000e-02
    9.51019000e+01   -1.00153000e-01
    2.25870000e+01    3.45971000e-01
    1.18033000e+01    5.00000000e-01
    6.36070000e+00    2.59883000e-01
5  0
    8.62842000e+01    4.75265000e-03
    2.28306000e+01   -6.88655000e-02
    1.16399000e+01   -2.63846000e-01
    6.52946000e+00   -1.88872000e-01
    3.35656000e+00    5.00000000e-01
1  0
    1.62558000e+00    1.00000000e+00
1  0
    7.43421000e-01    1.00000000e+00
1  0
    2.07765000e-01    1.00000000e+00
1  0
    8.87927000e-02    1.00000000e+00
1  0
    3.62232000e-02    1.00000000e+00
7  1
    3.14959000e+05    9.38653000e-06
    4.84552000e+04    1.92333000e-04
    1.15224000e+04    1.76404000e-03
    3.80748000e+03    9.87811000e-03
    1.49357000e+03    4.29598000e-02
    6.55900000e+02    1.53270000e-01
    3.06834000e+02    5.00000000e-01
1  1
    1.48820000e+02    1.00000000e+00
1  1
    7.49393000e+01    1.00000000e+00
1  1
    3.89437000e+01    1.00000000e+00
1  1
    2.09159000e+01    1.00000000e+00
1  1
    1.12967000e+01    1.00000000e+00
1  1
    6.11288000e+00    1.00000000e+00
1  1
    3.17015000e+00    1.00000000e+00
1  1
    1.61632000e+00    1.00000000e+00
1  1
    8.01902000e-01    1.00000000e+00
1  1
    3.77203000e-01    1.00000000e+00
1  1
    1.15000000e-01    1.00000000e+00
5  2
    6.25366000e+02    1.02470000e-03
    1.90760000e+02    9.47190000e-03
    7.34876000e+01    5.40733000e-02
    3.22410000e+01    1.98314000e-01
    1.59264000e+01    5.00000000e-01
1  2
    7.98375000e+00    1.00000000e+00
1  2
    4.06247000e+00    1.00000000e+00
1  2
    2.04210000e+00    1.00000000e+00
1  2
    1.00159000e+00    1.00000000e+00
1  2
    4.74014000e-01    1.00000000e+00
1  2
    2.13773000e-01    1.00000000e+00
1  2
    8.87148000e-02    1.00000000e+00
1  3
    2.12230000e+01    1.00000000e+00
1  3
    6.63200000e+00    1.00000000e+00
1  3
    2.45600000e+00    1.00000000e+00
1  3
    1.02300000e+00    1.00000000e+00
1  3
    4.26000000e-01    1.00000000e+00
1  4
    1.14630000e+01    1.00000000e+00
1  4
    2.86600000e+00    1.00000000e+00
1  4
    7.16000000e-01    1.00000000e+00
1  5
    6.19000000e+00    1.00000000e+00
1  5
    1.37600000e+00    1.00000000e+00
1  6
    3.13600000e+00    1.00000000e+00
