15
6  0
    7.12776000e+04    1.86062000e-03
    1.07030000e+04    1.42622000e-02
    2.43563000e+03    7.07583000e-02
    6.87764000e+02    2.46039000e-01
    2.23754000e+02    5.00000000e-01
    7.70149000e+01    3.90178000e-01
4  0
    1.48063000e+02   -8.10299000e-02
    1.76085000e+01    5.00000000e-01
    7.87091000e+00    3.91326000e-01
    2.75887000e+00    4.37689000e-02
2  0
    2.01683000e+00    5.00000000e-01
    7.87314000e-01    2.46274000e-01
1  0
    1.32475000e-01    1.00000000e+00
1  0
    4.60546000e-02    1.00000000e+00
5  1
    1.01365000e+04    2.56694000e-04
    1.55947000e+03    5.02128000e-03
    3.68222000e+02    4.21153000e-02
    1.17869000e+02    1.87321000e-01
    4.36793000e+01    5.00000000e-01
1  1
    1.73900000e+01    1.00000000e+00
1  1
    7.16086000e+00    1.00000000e+00
1  1
    2.58400000e+00    1.00000000e+00
1  1
    8.73795000e-01    1.00000000e+00
1  1
    1.65000000e-01    1.00000000e+00
4  2
    7.19340000e+01    1.66761000e-02
    2.07091000e+01    1.04771000e-01
    7.22211000e+00    3.16425000e-01
    2.67409000e+00    5.00000000e-01
1  2
    9.27985000e-01    1.00000000e+00
1  2
    2.77485000e-01    1.00000000e+00
1  3
    1.81500000e+00    1.00000000e+00
