47
13  0
    2.85545445e+05    1.23239470e-05
    4.75800123e+04    8.90999387e-05
    1.04591223e+04    5.09568884e-04
    2.84986673e+03    2.22762717e-03
    9.14159901e+02    8.05572675e-03
    3.30994325e+02    2.50608718e-02
    1.30775149e+02    6.81047438e-02
    5.48864460e+01    1.58241584e-01
    2.39575740e+01    2.93669759e-01
    1.06951050e+01    3.67684946e-01
    4.81717800e+00    2.04653923e-01
    2.16367200e+00    2.42389328e-02
    9.58477000e-01    1.78715622e-03
9  0
    1.30775149e+02   -6.15581276e-04
    5.48864460e+01   -3.22608250e-03
    2.39575740e+01   -1.56789866e-02
    1.06951050e+01   -5.26818300e-02
    4.81717800e+00   -7.60176139e-02
    2.16367200e+00    9.78925633e-02
    9.58477000e-01    3.99772053e-01
    4.13894000e-01    4.74529370e-01
    1.71876000e-01    1.65057803e-01
1  0
    1.25083849e+02    1.00000000e+00
1  0
    4.79124390e+01    1.00000000e+00
1  0
    1.83525040e+01    1.00000000e+00
1  0
    7.02979000e+00    1.00000000e+00
1  0
    2.78263800e+00    1.00000000e+00
1  0
    1.13689800e+00    1.00000000e+00
1  0
    4.64501000e-01    1.00000000e+00
1  0
    1.89780000e-01    1.00000000e+00
1  0
    6.99033073e-02    1.00000000e+00
10  1
    5.20875506e+02    1.65294619e-04
    1.25292205e+02    1.43682008e-03
    3.98810880e+01    7.74671493e-03
    1.50630530e+01    2.85133964e-02
    6.27053000e+00    8.32687806e-02
    2.74467000e+00    1.87803394e-01
    1.22727800e+00    2.98652464e-01
    5.50013000e-01    3.37250597e-01
    2.42687000e-01    2.47845932e-01
    1.02824000e-01    7.06809254e-02
1  1
    3.14079440e+02    1.00000000e+00
1  1
    1.29331566e+02    1.00000000e+00
1  1
    5.32561250e+01    1.00000000e+00
1  1
    2.19297960e+01    1.00000000e+00
1  1
    9.03024700e+00    1.00000000e+00
1  1
    4.77565900e+00    1.00000000e+00
1  1
    2.52561500e+00    1.00000000e+00
1  1
    9.70213000e-01    1.00000000e+00
1  1
    3.72707000e-01    1.00000000e+00
1  1
    1.43175000e-01    1.00000000e+00
1  1
    5.01861645e-02    1.00000000e+00
1  2
    2.31205423e+02    1.00000000e+00
1  2
    9.32198900e+01    1.00000000e+00
1  2
    3.75853980e+01    1.00000000e+00
1  2
    1.51540850e+01    1.00000000e+00
1  2
    6.37282900e+00    1.00000000e+00
1  2
    2.53396600e+00    1.00000000e+00
1  2
    1.00755600e+00    1.00000000e+00
1  2
    4.00625000e-01    1.00000000e+00
1  2
    1.59296700e-01    1.00000000e+00
1  3
    1.70509047e+02    1.00000000e+00
1  3
    6.52747410e+01    1.00000000e+00
1  3
    2.49886550e+01    1.00000000e+00
1  3
    9.87255700e+00    1.00000000e+00
1  3
    3.90046600e+00    1.00000000e+00
1  3
    1.57372600e+00    1.00000000e+00
1  3
    6.34954000e-01    1.00000000e+00
1  3
    2.56186000e-01    1.00000000e+00
1  4
    1.20076452e+02    1.00000000e+00
1  4
    4.15501920e+01    1.00000000e+00
1  4
    1.17021200e+01    1.00000000e+00
1  4
    3.29576400e+00    1.00000000e+00
1  4
    1.22518900e+00    1.00000000e+00
1  4
    4.55459800e-01    1.00000000e+00
1  5
    2.26736393e+00    1.00000000e+00
