7
6  0
    8.58850000e+03    1.89515000e-03
    1.29723000e+03    1.43859000e-02
    2.99296000e+02    7.07320000e-02
    8.73771000e+01    2.40001000e-01
    2.56789000e+01    5.94797000e-01
    3.74004000e+00    2.80802000e-01
3  0
    4.21175000e+01    1.13889000e-01
    9.62837000e+00    9.20811000e-01
    2.85332000e+00   -3.27447000e-03
3  1
    4.21175000e+01    3.65114000e-02
    9.62837000e+00    2.37153000e-01
    2.85332000e+00    8.19702000e-01
1  0
    9.05661000e-01    1.00000000e+00
1  1
    9.05661000e-01    1.00000000e+00
1  0
    2.55611000e-01    1.00000000e+00
1  1
    2.55611000e-01    1.00000000e+00
