15
1    0
    327.922894               1.0
1    0
    103.186715               1.0
1    0
     32.469517               1.0
1    0
     10.217106               1.0
1    0
      3.214992               1.0
1    0
      1.011654               1.0
1    1
     24.005447               1.0
1    1
      6.308031               1.0
1    1
      1.657593               1.0
1    1
      0.435574               1.0
1    2
      5.263808               1.0
1    2
      1.743135               1.0
1    2
      0.577247               1.0
1    3
      1.582739               1.0
1    4
      1.297901               1.0
