9
6    0
   8588.5000000              0.00189515       
   1297.2300000              0.0143859        
    299.2960000              0.0707320        
     87.3771000              0.2400010        
     25.6789000              0.5947970        
      3.7400400              0.2808020        
3    10
     42.1175000              0.1138890              0.0365114        
      9.6283700              0.9208110              0.2371530        
      2.8533200             -0.00327447             0.8197020        
1    10
      0.9056610              1.0000000              1.0000000        
1    10
      0.2556110              1.0000000              1.0000000        
1    10
      0.0845000              1.0000000              1.0000000        
1    2
      5.1600000              1.0000000        
1    2
      1.2920000              1.0000000        
1    2
      0.3225000              1.0000000        
1    3
      1.4000000              1.0000000        
