14 
7  0
1.53300000E+04   5.19808943E-04
2.29900000E+03   4.02025621E-03
5.22400000E+02   2.07128267E-02
1.47300000E+02   8.10105536E-02
4.75500000E+01   2.35962985E-01
1.67600000E+01   4.42653446E-01
6.20700000E+00   3.57064423E-01
6  0
5.22400000E+02   -4.42115008E-05
1.47300000E+02   -1.22591041E-03
4.75500000E+01   -1.05517725E-02
1.67600000E+01   -6.74452633E-02
6.20700000E+00   -1.71198607E-01
6.88200000E-01   1.07329856E+00
 1    0 
     1.7520000     1.0000000E+00    
 1    0 
     0.2384000     1.0000000E+00    
 1    0 
     0.0737600     1.0000000E+00    
3 1
3.44600000E+01   4.11634896E-02
7.74900000E+00   2.57762836E-01
2.28000000E+00   8.02419274E-01
 1    1 
     0.7156000     1.0000000E+00    
 1    1 
     0.2140000     1.0000000E+00    
 1    1 
     0.0597400     1.0000000E+00    
 1    2 
     2.3140000     1.0000000E+00    
 1    2 
     0.6450000     1.0000000E+00    
 1    2 
     0.2140000     1.0000000E+00    
 1    3 
     1.4280000     1.0000000E+00    
 1    3 
     0.5000000     1.0000000E+00    
