11
9  0
    1.17200000e+04    7.10000000e-04
    1.75900000e+03    5.47000000e-03
    4.00800000e+02    2.78370000e-02
    1.13700000e+02    1.04800000e-01
    3.70300000e+01    2.83062000e-01
    1.32700000e+01    4.48719000e-01
    5.02500000e+00    2.70952000e-01
    1.01300000e+00    1.54580000e-02
    3.02300000e-01   -2.58500000e-03
9  0
    1.17200000e+04   -1.60000000e-04
    1.75900000e+03   -1.26300000e-03
    4.00800000e+02   -6.26700000e-03
    1.13700000e+02   -2.57160000e-02
    3.70300000e+01   -7.09240000e-02
    1.32700000e+01   -1.65411000e-01
    5.02500000e+00   -1.16955000e-01
    1.01300000e+00    5.57368000e-01
    3.02300000e-01    5.72759000e-01
1  0
    3.02300000e-01    1.00000000e+00
1  0
    5.45900000e+00    1.00000000e+00
1  0
    7.89600000e-02    1.00000000e+00
4  1
    1.77000000e+01    4.30180000e-02
    3.85400000e+00    2.28913000e-01
    1.04600000e+00    5.08728000e-01
    2.75300000e-01    4.60531000e-01
1  1
    2.75300000e-01    1.00000000e+00
1  1
    1.33200000e+01    1.00000000e+00
1  1
    6.85600000e-02    1.00000000e+00
1  2
    1.18500000e+00    1.00000000e+00
1  2
    3.32000000e-01    1.00000000e+00
