20 
8    0 
 61420.0000000   1.55518410E-04
  9199.0000000   1.18440583E-03
  2091.0000000   6.24876910E-03
   590.9000000   2.55912766E-02
   192.3000000   8.77566935E-02
    69.3200000   2.30729100E-01
    26.9700000   4.42804305E-01
    11.1000000   3.33680462E-01
7    0 
  9199.0000000       -7.85827887E-06
   590.9000000       -4.74592902E-04
   192.3000000       -2.15916299E-03
    69.3200000       -2.37542047E-02
    26.9700000       -1.01921529E-01
    11.1000000       -4.53228587E-01
     4.6820000       -4.84793012E-01
 1    0 
     1.4280000     1.0000000E+00    
 1    0 
     0.5547000     1.0000000E+00    
 1    0 
     0.2067000     1.0000000E+00    
 1    0 
     0.0695900     1.0000000E+00    
 3    1 
    63.4200000    3.13275025E-02 
    14.6600000    2.16654248E-01
     4.4590000    8.35242842E-01
 1    1 
     1.5310000     1.0000000E+00    
 1    1 
     0.5302000     1.0000000E+00    
 1    1 
     0.1750000     1.0000000E+00    
 1    1 
     0.0534800     1.0000000E+00    
 1    2 
     3.7750000     1.0000000E+00    
 1    2 
     1.3000000     1.0000000E+00    
 1    2 
     0.4440000     1.0000000E+00    
 1    2 
     0.1540000     1.0000000E+00    
 1    3 
     2.6660000     1.0000000E+00    
 1    3 
     0.8590000     1.0000000E+00    
 1    3 
     0.3240000     1.0000000E+00    
 1    4 
     1.8460000     1.0000000E+00    
 1    4 
     0.7140000     1.0000000E+00    
