26
10  0
    5.76633490e+01   -2.79400000e-03
    3.57268160e+01    2.39760000e-02
    2.24537570e+01   -1.15974000e-01
    1.47323010e+01    2.88033000e-01
    9.73991700e+00   -2.74786000e-01
    5.04200800e+00   -8.37890000e-02
    2.15781800e+00    6.37780000e-02
    1.00291600e+00    4.10182000e-01
    4.21839000e-01    5.04044000e-01
    1.73041000e-01    1.72152000e-01
1  0
    2.30481100e+00    1.00000000e+00
1  0
    9.72323000e-01    1.00000000e+00
1  0
    4.10189000e-01    1.00000000e+00
1  0
    1.73045000e-01    1.00000000e+00
1  0
    6.32110000e-02    1.00000000e+00
10  1
    5.24740600e+01   -5.22000000e-04
    3.21384320e+01    4.85700000e-03
    1.94585790e+01   -2.77490000e-02
    1.18393440e+01    7.42580000e-02
    7.91003000e+00    1.43690000e-02
    3.67085800e+00    1.53479000e-01
    1.53966000e+00    2.83685000e-01
    6.47119000e-01    3.58201000e-01
    2.67853000e-01    2.95590000e-01
    1.07198000e-01    1.04889000e-01
1  1
    2.17801600e+00    1.00000000e+00
1  1
    8.50171000e-01    1.00000000e+00
1  1
    3.31855000e-01    1.00000000e+00
1  1
    1.29537000e-01    1.00000000e+00
1  1
    4.01930000e-02    1.00000000e+00
1  2
    5.56479400e+00    1.00000000e+00
1  2
    2.22678000e+00    1.00000000e+00
1  2
    8.91057000e-01    1.00000000e+00
1  2
    3.56558000e-01    1.00000000e+00
1  2
    1.25567000e-01    1.00000000e+00
1  3
    3.83541900e+00    1.00000000e+00
1  3
    1.51337500e+00    1.00000000e+00
1  3
    5.97144000e-01    1.00000000e+00
1  3
    2.27101000e-01    1.00000000e+00
1  4
    3.21974500e+00    1.00000000e+00
1  4
    1.18243800e+00    1.00000000e+00
1  4
    4.99958000e-01    1.00000000e+00
1  5
    2.29520100e+00    1.00000000e+00
1  5
    9.96150000e-01    1.00000000e+00
