35
10    0 
570800.0000000    1.32254858E-05
 85480.0000000    1.02961268E-04
 19460.0000000    5.39880722E-04
  5512.0000000    2.28118707E-03
  1798.0000000    8.23453536E-03
   648.9000000    2.64570737E-02
   253.1000000    7.47444457E-02
   104.9000000    1.84250206E-01
    45.6500000    3.56466647E-01
    20.6200000    4.58550306E-01
7    0 
  5512.0000000   1.23724069E-05
   648.9000000  -8.23353430E-05
   253.1000000  -1.83810652E-03
   104.9000000  -1.09779523E-02
    45.6500000  -6.23613962E-02
    20.6200000  -2.38533388E-01
     9.5870000  -7.27245114E-01
1  0
    4.49300000e+00    1.00000000e+00
1  0
    1.83700000e+00    1.00000000e+00
1  0
    8.34900000e-01    1.00000000e+00
1  0
    3.65800000e-01    1.00000000e+00
1  0
    1.57000000e-01    1.00000000e+00
1  0
    5.93500000e-02    1.00000000e+00
5     1 
   525.6000000  1.47976422E-03
   124.6000000  1.27282456E-02
    40.3400000  6.70229118E-02
    15.1800000  2.53919868E-01
     6.2450000  7.49371106E-01 
1  1
    2.73200000e+00    1.00000000e+00
1  1
    1.22700000e+00    1.00000000e+00
1  1
    5.49200000e-01    1.00000000e+00
1  1
    2.41800000e-01    1.00000000e+00
1  1
    1.02500000e-01    1.00000000e+00
1  1
    3.38000000e-02    1.00000000e+00
1  2
    8.25300000e+00    1.00000000e+00
1  2
    3.59700000e+00    1.00000000e+00
1  2
    1.56800000e+00    1.00000000e+00
1  2
    6.84000000e-01    1.00000000e+00
1  2
    2.98000000e-01    1.00000000e+00
1  2
    1.15000000e-01    1.00000000e+00
1  3
    5.43000000e+00    1.00000000e+00
1  3
    2.41600000e+00    1.00000000e+00
1  3
    1.07500000e+00    1.00000000e+00
1  3
    4.78000000e-01    1.00000000e+00
1  3
    1.95000000e-01    1.00000000e+00
1  4
    5.21100000e+00    1.00000000e+00
1  4
    2.19000000e+00    1.00000000e+00
1  4
    9.20000000e-01    1.00000000e+00
1  4
    4.06000000e-01    1.00000000e+00
1  5
    3.87200000e+00    1.00000000e+00
1  5
    1.50500000e+00    1.00000000e+00
1  5
    7.48000000e-01    1.00000000e+00
1  6
    2.77300000e+00    1.00000000e+00
1  6
    1.34500000e+00    1.00000000e+00
