 6 
 7    0 
 11720.0000000        7.11864434E-04
  1759.0000000        5.48520199E-03
   400.8000000        2.79099296E-02
   113.7000000        1.05133208E-01
    37.0300000        2.84002490E-01
    13.2700000        4.51673946E-01
     5.0250000        2.73208126E-01
 7    0 
 11720.0000000  7.69030046E-06
   400.8000000  3.13484579E-04
   113.7000000  -2.96614853E-03
    37.0300000  -1.08753543E-02
    13.2700000  -1.20753817E-01
     5.0250000  -1.06275264E-01
     1.0130000  1.09597548E+00
 1    0 
     0.3023000     1.0000000E+00    
 3    1 
    17.7000000    6.26791663E-02
     3.8540000    3.33536566E-01
     1.0460000    7.41239642E-01
 1    1 
     0.2753000     1.0000000E+00    
 1    2 
     1.1850000     1.0000000E+00    
