15
8  0
    1.53300000e+04    5.08000000e-04
    2.29900000e+03    3.92900000e-03
    5.22400000e+02    2.02430000e-02
    1.47300000e+02    7.91810000e-02
    4.75500000e+01    2.30687000e-01
    1.67600000e+01    4.33118000e-01
    6.20700000e+00    3.50260000e-01
    6.88200000e-01   -8.15400000e-03
8  0
    1.53300000e+04   -1.15000000e-04
    2.29900000e+03   -8.95000000e-04
    5.22400000e+02   -4.63600000e-03
    1.47300000e+02   -1.87240000e-02
    4.75500000e+01   -5.84630000e-02
    1.67600000e+01   -1.36463000e-01
    6.20700000e+00   -1.75740000e-01
    6.88200000e-01    6.03418000e-01
1  0
    1.75200000e+00    1.00000000e+00
1  0
    2.38400000e-01    1.00000000e+00
1  0
    6.24500000e+00    1.00000000e+00
1  0
    1.53810000e+01    1.00000000e+00
3  1
    3.44600000e+01    1.59280000e-02
    7.74900000e+00    9.97400000e-02
    2.28000000e+00    3.10492000e-01
1  1
    7.15600000e-01    1.00000000e+00
1  1
    2.14000000e-01    1.00000000e+00
1  1
    1.02160000e+01    1.00000000e+00
1  1
    3.84840000e+01    1.00000000e+00
1  2
    2.31400000e+00    1.00000000e+00
1  2
    6.45000000e-01    1.00000000e+00
1  2
    1.02380000e+01    1.00000000e+00
1  3
    1.42800000e+00    1.00000000e+00
