21 
9     0 
164200.0000000     4.49112566E-05
 24590.0000000     3.61624169E-04
  5592.0000000     1.88339428E-03
  1582.0000000     7.88317089E-03
   516.1000000     2.79922597E-02
   187.2000000     8.37142246E-02
    73.9300000     2.06350654E-01
    31.2200000     3.76897488E-01
    13.8100000     4.14901402E-01 
7     0 
  1582.0000000    -4.28453395E-05
   516.1000000    -2.71439680E-04
   187.2000000    -2.95026082E-03
    73.9300000    -1.63349789E-02
    31.2200000    -8.52526950E-02
    13.8100000    -2.93974897E-01
     6.2560000    -6.54266624E-01  
 1    0 
     2.7760000     1.0000000E+00    
 1    0 
     1.1380000     1.0000000E+00    
 1    0 
     0.4600000     1.0000000E+00    
 1    0 
     0.1829000     1.0000000E+00    
 4    1 
   195.5000000    6.27445151E-03
    46.1600000    5.04963483E-02
    14.5800000    2.38934941E-01
     5.2960000    7.88961016E-01
 1    1 
     2.0940000     1.0000000E+00    
 1    1 
     0.8471000     1.0000000E+00    
 1    1 
     0.3368000     1.0000000E+00    
 1    1 
     0.1285000     1.0000000E+00    
 1    2 
     5.8790000     1.0000000E+00    
 1    2 
     2.3070000     1.0000000E+00    
 1    2 
     0.9050000     1.0000000E+00    
 1    2 
     0.3550000     1.0000000E+00    
 1    3 
     4.0160000     1.0000000E+00    
 1    3 
     1.5540000     1.0000000E+00    
 1    3 
     0.6010000     1.0000000E+00    
 1    4 
     3.3500000     1.0000000E+00    
 1    4 
     1.1890000     1.0000000E+00    
 1    5 
     2.3190000     1.0000000E+00    
