10
7  0
1.53300000E+04   5.19808943E-04
2.29900000E+03   4.02025621E-03
5.22400000E+02   2.07128267E-02
1.47300000E+02   8.10105536E-02
4.75500000E+01   2.35962985E-01
1.67600000E+01   4.42653446E-01
6.20700000E+00   3.57064423E-01
6  0
5.22400000E+02   -4.42115008E-05
1.47300000E+02   -1.22591041E-03
4.75500000E+01   -1.05517725E-02
1.67600000E+01   -6.74452633E-02
6.20700000E+00   -1.71198607E-01
6.88200000E-01   1.07329856E+00
1 0
1.75200000E+00   1.00000000E+00
1 0
2.38400000E-01   1.00000000E+00
3 1
3.44600000E+01   4.11634896E-02
7.74900000E+00   2.57762836E-01
2.28000000E+00   8.02419274E-01
1 1
7.15600000E-01   1.00000000E+00
1 1
2.14000000E-01   1.00000000E+00
1 2
2.31400000E+00   1.00000000E+00
1 2
6.45000000E-01   1.00000000E+00
1 3
1.42800000E+00   1.00000000E+00






























                  









