36
18  0
    1.67878900e+06    1.40000000e-06
    2.51388200e+05    1.12000000e-05
    5.72137300e+04    5.89000000e-05
    1.62074400e+04    2.49000000e-04
    5.28827600e+03    9.07000000e-04
    1.90947800e+03    2.95700000e-03
    7.44923100e+02    8.79100000e-03
    3.09075500e+02    2.39800000e-02
    1.34864500e+02    5.93810000e-02
    6.13312900e+01    1.29650000e-01
    2.88379600e+01    2.36064000e-01
    1.39450400e+01    3.22921000e-01
    6.89907700e+00    2.67395000e-01
    3.43157700e+00    9.38440000e-02
    1.53984000e+00    7.53300000e-03
    7.09751000e-01    6.32000000e-04
    3.23047000e-01    3.56000000e-04
    1.44222000e-01    3.30000000e-05
1  0
    6.89907700e+00    1.00000000e+00
1  0
    3.43157700e+00    1.00000000e+00
1  0
    1.53984000e+00    1.00000000e+00
1  0
    7.09751000e-01    1.00000000e+00
18  0
    1.67878900e+06   -3.00000000e-07
    2.51388200e+05   -2.50000000e-06
    5.72137300e+04   -1.34000000e-05
    1.62074400e+04   -5.60000000e-05
    5.28827600e+03   -2.06000000e-04
    1.90947800e+03   -6.72000000e-04
    7.44923100e+02   -2.01300000e-03
    3.09075500e+02   -5.53500000e-03
    1.34864500e+02   -1.40790000e-02
    6.13312900e+01   -3.21130000e-02
    2.88379600e+01   -6.46760000e-02
    1.39450400e+01   -1.07154000e-01
    6.89907700e+00   -1.32438000e-01
    3.43157700e+00   -4.56550000e-02
    1.53984000e+00    2.18384000e-01
    7.09751000e-01    4.53379000e-01
    3.23047000e-01    3.87353000e-01
    1.44222000e-01    9.58660000e-02
1  0
    3.23047000e-01    1.00000000e+00
1  0
    1.44222000e-01    1.00000000e+00
1  1
    3.50932500e+00    1.00000000e+00
1  1
    1.69568000e+00    1.00000000e+00
1  1
    8.22742000e-01    1.00000000e+00
12  1
    1.34905900e+03    3.23000000e-05
    3.19456900e+02    2.86000000e-04
    1.03780400e+02    1.61600000e-03
    3.96282100e+01    6.78500000e-03
    1.66613700e+01    2.24990000e-02
    7.46416600e+00    6.16740000e-02
    3.50932500e+00    1.36845000e-01
    1.69568000e+00    2.32486000e-01
    8.22742000e-01    2.99821000e-01
    3.95733000e-01    2.88244000e-01
    1.87644000e-01    1.74555000e-01
    8.58410000e-02    3.87270000e-02
1  1
    3.95733000e-01    1.00000000e+00
1  1
    1.87644000e-01    1.00000000e+00
1  1
    8.58410000e-02    1.00000000e+00
1  2
    1.00642930e+01    1.00000000e+00
1  2
    4.84325940e+00    1.00000000e+00
1  2
    2.33073120e+00    1.00000000e+00
1  2
    1.12162230e+00    1.00000000e+00
1  2
    5.39760500e-01    1.00000000e+00
1  2
    2.59750000e-01    1.00000000e+00
1  3
    6.91170870e+00    1.00000000e+00
1  3
    3.41994490e+00    1.00000000e+00
1  3
    1.69220430e+00    1.00000000e+00
1  3
    8.37310400e-01    1.00000000e+00
1  3
    4.14305000e-01    1.00000000e+00
1  4
    7.23799490e+00    1.00000000e+00
1  4
    3.41575980e+00    1.00000000e+00
1  4
    1.61196780e+00    1.00000000e+00
1  4
    7.60721000e-01    1.00000000e+00
1  5
    5.73310920e+00    1.00000000e+00
1  5
    2.58248160e+00    1.00000000e+00
1  5
    1.16328000e+00    1.00000000e+00
1  6
    4.81300000e+00    1.00000000e+00
1  6
    2.07800000e+00    1.00000000e+00
1  7
    3.12300000e+00    1.00000000e+00
