22
1    0
    364.91291000              .58060340
1    0
     77.38709400             1.40179846
1    0
     24.30170600              .34994600
1    0
      8.43695450             1.0000000
1    0
      3.15279410             1.0000000
1    0
      1.57754300             1.0000000
1    0
       .78178244             1.0000000
1    0
       .31652679             1.0000000
1    1
     56.73594800             1.04911649
1    1
     14.99721700             1.13960439
1    1
      5.64281160             1.0000000
1    1
      2.40692198             1.0000000
1    1
      1.02640596             1.0000000
1    1
       .43769977             1.0000000
2    2
     12.44682100             1.14971821
      6.12169170              .95355196
1    2
      2.71029490             1.0000000
1    2
      1.15240610             1.0000000
1    2
       .41386174             1.0000000
1    3
      4.77935390              .36170900
1    3
      2.32046420             1.78111990
1    3
      1.09128040              .45330353
1    4
      2.33831070             1.0000000
