10
1    0
   2000.00000000             1.00000000       
1    0
    400.00000000             1.00000000       
1    0
    100.00000000             1.00000000       
1    0
     25.00000000             1.00000000       
1    10
      7.80000000             1.00000000             1.00000000       
1    10
      1.56000000             1.00000000             1.00000000       
1    10
      0.39000000             1.00000000             1.00000000       
1    2
      7.80000000             1.00000000       
1    2
      1.56000000             1.00000000       
1    2
      0.39000000             1.00000000
