17
8  0
    1.16506469e+05    4.03838579e-05
    1.75043497e+04    3.12551390e-04
    3.99345132e+03    1.63414735e-03
    1.13300632e+03    6.82832248e-03
    3.69995696e+02    2.41244102e-02
    1.33620743e+02    7.27302062e-02
    5.20356436e+01    1.79344299e-01
    2.14619393e+01    3.30595889e-01
2  0
    8.98350513e+01    9.64686530e-02
    2.64280108e+01    9.41174811e-01
1  0
    9.28228246e+00    1.00000000e+00
1  0
    4.09477285e+00    1.00000000e+00
1  0
    1.32553491e+00    1.00000000e+00
1  0
    5.18772308e-01    1.00000000e+00
1  0
    1.97726765e-01    1.00000000e+00
5  1
    1.91152558e+02    2.51156977e-03
    4.52333567e+01    2.00392409e-02
    1.43534659e+01    9.36090648e-02
    5.24223718e+00    3.06181271e-01
    2.07924186e+00    6.78105014e-01
1  1
    8.42823714e-01    1.00000000e+00
1  1
    3.36176949e-01    1.00000000e+00
1  1
    1.28639980e-01    1.00000000e+00
1  2
    3.77500000e+00    1.00000000e+00
1  2
    1.30000000e+00    1.00000000e+00
1  2
    4.44000000e-01    1.00000000e+00
1  3
    2.66600000e+00    1.00000000e+00
1  3
    8.59000000e-01    1.00000000e+00
1  4
    1.84600000e+00    1.00000000e+00
