O nelec 2
O ul
1 10.27717748 6.00000000
2 15.99566749 1232.50197768
2 10.46901775 -696.47008301
2 14.63848010 -2654.22657081
2 12.57591181 2101.67732548
3 7.77739102 61.66306486
O s
2 12.39426073 -656683.37638839
2 12.38126171 657858.57667068
2 8.57671033 511.50098405
2 9.89256508 -2579.54665641
2 28.05641604 -57.68129584
2 17.24753607 970.30940152
O p
2 14.78918914 -363027.24258186
2 14.82014018 361852.52314043
2 22.89622221 -1300.20069256
2 8.51331893 -181.96869573
2 11.48609758 2194.87589959
2 27.22017524 451.19906206
