 8 
 8    0 
 11720.0000000     7.1000000E-04    
  1759.0000000     5.4700000E-03    
   400.8000000     2.7837000E-02    
   113.7000000     1.0480000E-01    
    37.0300000     2.8306200E-01    
    13.2700000     4.4871900E-01    
     5.0250000     2.7095200E-01    
     1.0130000     1.5458000E-02    
 8    0 
 11720.0000000    -1.6000000E-04    
  1759.0000000    -1.2630000E-03    
   400.8000000    -6.2670000E-03    
   113.7000000    -2.5716000E-02    
    37.0300000    -7.0924000E-02    
    13.2700000    -1.6541100E-01    
     5.0250000    -1.1695500E-01    
     1.0130000     5.5736800E-01    
 1    0 
     0.3023000     1.0000000E+00    
 1    0 
     0.0789600     1.0000000E+00    
 3    1 
    17.7000000     4.3018000E-02    
     3.8540000     2.2891300E-01    
     1.0460000     5.0872800E-01    
 1    1 
     0.2753000     1.0000000E+00    
 1    1 
     0.0685600     1.0000000E+00    
 1    2 
     1.1850000     1.0000000E+00    
