27
12  0
    1.14221000e+06    4.29557000e-06
    1.71021000e+05    3.34038000e-05
    3.89250000e+04    1.75666000e-04
    1.10291000e+04    7.41674000e-04
    3.60056000e+03    2.69786000e-03
    1.30100000e+03    8.76803000e-03
    5.08049000e+02    2.58859000e-02
    2.11087000e+02    6.94093000e-02
    9.27409000e+01    1.54637000e-01
    4.22504000e+01    3.24258000e-01
    1.83876000e+01    5.00000000e-01
    8.34627000e+00    3.09809000e-01
4  0
    8.41167000e+01    1.74688000e-02
    2.53595000e+01    1.56321000e-01
    9.59138000e+00    4.74758000e-01
    4.25904000e+00    5.00000000e-01
1  0
    1.90789000e+00    1.00000000e+00
1  0
    8.32617000e-01    1.00000000e+00
1  0
    3.52755000e-01    1.00000000e+00
1  0
    1.44545000e-01    1.00000000e+00
4  1
    5.80324000e+03    4.84143000e-04
    8.92806000e+02    9.84064000e-03
    2.11415000e+02    9.03073000e-02
    6.83366000e+01    5.00000000e-01
1  1
    2.62298000e+01    1.00000000e+00
1  1
    1.16039000e+01    1.00000000e+00
1  1
    5.09765000e+00    1.00000000e+00
1  1
    2.33975000e+00    1.00000000e+00
1  1
    1.06681000e+00    1.00000000e+00
1  1
    4.70423000e-01    1.00000000e+00
1  1
    1.96221000e-01    1.00000000e+00
1  1
    7.70339000e-02    1.00000000e+00
1  2
    1.82000000e+01    1.00000000e+00
1  2
    6.00000000e+00    1.00000000e+00
1  2
    2.40000000e+00    1.00000000e+00
1  2
    1.10000000e+00    1.00000000e+00
1  2
    5.00000000e-01    1.00000000e+00
1  2
    2.00000000e-01    1.00000000e+00
1  3
    2.60000000e+00    1.00000000e+00
1  3
    1.15000000e+00    1.00000000e+00
1  3
    5.00000000e-01    1.00000000e+00
1  4
    3.05000000e+00    1.00000000e+00
1  4
    1.30000000e+00    1.00000000e+00
1  5
    2.05000000e+00    1.00000000e+00
