12
7  0
    1.35887000e+04    6.65492000e-04
    2.03847000e+03    5.14222000e-03
    4.64041000e+02    2.63472000e-02
    1.31339000e+02    1.01500000e-01
    4.25340000e+01    2.85877000e-01
    1.50429000e+01    5.00000000e-01
    5.46616000e+00    3.68211000e-01
2  0
    1.00915000e+01   -1.00084000e-01
    1.10429000e+00    5.00000000e-01
1  0
    4.48082000e-01    1.00000000e+00
1  0
    1.75325000e-01    1.00000000e+00
3  1
    3.95343000e+02    3.72569000e-03
    6.08220000e+01    6.75195000e-02
    1.40332000e+01    5.00000000e-01
1  1
    4.18244000e+00    1.00000000e+00
1  1
    1.42490000e+00    1.00000000e+00
1  1
    4.78741000e-01    1.00000000e+00
1  1
    1.46257000e-01    1.00000000e+00
1  2
    2.20000000e+00    1.00000000e+00
1  2
    6.50000000e-01    1.00000000e+00
1  3
    1.10000000e+00    1.00000000e+00
