9
9 0
  0.125346     0.055741
  0.268022     0.304848
  0.573098     0.453752
  1.225429     0.295926
  2.620277     0.019567
  5.602818     -0.128627
  11.980245     0.012024
  25.616801     0.000407
  54.775216     -0.000076
1 0
  1.686633     1.000000
1 0
  0.237997     1.000000
9 1
  0.083598     0.044958
  0.167017     0.150175
  0.333673     0.255999
  0.666627     0.281879
  1.331816     0.242835
  2.660761     0.161134
  5.315785     0.082308
  10.620108     0.039899
  21.217318     0.004679
1 1
  0.184696     1.000000
1 1
  0.600621     1.000000
1 2
  0.669340     1.000000
1 2
  2.404278     1.000000
1 3
  1.423104     1.000000
