23
13  0
    8.82006000e+01    6.09000000e-04
    5.51180000e+01   -5.76300000e-03
    3.44482000e+01    3.99770000e-02
    2.15217000e+01   -1.92822000e-01
    1.34044000e+01    4.37515000e-01
    7.08022000e+00   -2.40267000e-01
    4.33535000e+00   -6.44613000e-01
    2.66460000e+00    8.06000000e-03
    1.32010000e+00    7.11980000e-01
    7.03086000e-01    5.54300000e-01
    3.58507000e-01    1.13855000e-01
    1.56757000e-01    4.44900000e-03
    7.04870000e-02    1.37100000e-03
13  0
    8.82006000e+01   -1.37000000e-04
    5.51180000e+01    1.52200000e-03
    3.44482000e+01   -1.21600000e-02
    2.15217000e+01    6.32540000e-02
    1.34044000e+01   -1.49942000e-01
    7.08022000e+00    8.92650000e-02
    4.33535000e+00    2.39140000e-01
    2.66460000e+00   -9.53400000e-03
    1.32010000e+00   -3.28870000e-01
    7.03086000e-01   -3.73154000e-01
    3.58507000e-01   -7.49070000e-02
    1.56757000e-01    4.23547000e-01
    7.04870000e-02    6.12060000e-01
13  0
    8.82006000e+01   -1.79000000e-04
    5.51180000e+01   -3.85000000e-04
    3.44482000e+01    1.54440000e-02
    2.15217000e+01   -1.04435000e-01
    1.34044000e+01    2.64976000e-01
    7.08022000e+00   -1.40367000e-01
    4.33535000e+00   -5.19294000e-01
    2.66460000e+00    2.34310000e-02
    1.32010000e+00    8.92793000e-01
    7.03086000e-01    1.07660500e+00
    3.58507000e-01   -1.54979400e+00
    1.56757000e-01   -1.13211400e+00
    7.04870000e-02    1.05636700e+00
13  0
    8.82006000e+01    1.39400000e-03
    5.51180000e+01   -9.80100000e-03
    3.44482000e+01    5.06940000e-02
    2.15217000e+01   -2.17383000e-01
    1.34044000e+01    4.99342000e-01
    7.08022000e+00   -3.67668000e-01
    4.33535000e+00   -6.77393000e-01
    2.66460000e+00   -3.26278000e-01
    1.32010000e+00    3.78570200e+00
    7.03086000e-01   -2.23766000e+00
    3.58507000e-01   -2.67377400e+00
    1.56757000e-01    3.47986500e+00
    7.04870000e-02   -6.55094000e-01
13  0
    8.82006000e+01    1.19650000e-02
    5.51180000e+01   -6.48350000e-02
    3.44482000e+01    1.66740000e-01
    2.15217000e+01   -2.02820000e-01
    1.34044000e+01    7.40870000e-02
    7.08022000e+00   -9.95719000e-01
    4.33535000e+00    3.84842900e+00
    2.66460000e+00   -2.71081900e+00
    1.32010000e+00   -5.92587300e+00
    7.03086000e-01    1.24114900e+01
    3.58507000e-01   -9.77790400e+00
    1.56757000e-01    3.15636200e+00
    7.04870000e-02    9.79731000e-01
1  0
    3.18370000e-02    1.00000000e+00
10  1
    3.44538000e+01    2.60200000e-03
    2.15352000e+01   -2.26770000e-02
    1.34667000e+01    7.65000000e-02
    5.42124000e+00   -2.80507000e-01
    1.50720000e+00    4.69169000e-01
    7.85212000e-01    4.72696000e-01
    4.10112000e-01    1.99881000e-01
    2.13135000e-01    3.28220000e-02
    1.00773000e-01    4.52100000e-03
    4.75860000e-02   -2.09000000e-04
10  1
    3.44538000e+01   -4.86000000e-04
    2.15352000e+01    5.54700000e-03
    1.34667000e+01   -2.10020000e-02
    5.42124000e+00    8.40370000e-02
    1.50720000e+00   -1.67294000e-01
    7.85212000e-01   -1.91041000e-01
    4.10112000e-01   -6.01410000e-02
    2.13135000e-01    2.08823000e-01
    1.00773000e-01    4.50552000e-01
    4.75860000e-02    4.05832000e-01
10  1
    3.44538000e+01   -9.96000000e-04
    2.15352000e+01    1.05380000e-02
    1.34667000e+01   -3.90140000e-02
    5.42124000e+00    1.55843000e-01
    1.50720000e+00   -3.27453000e-01
    7.85212000e-01   -3.89786000e-01
    4.10112000e-01    5.52590000e-02
    2.13135000e-01    6.45345000e-01
    1.00773000e-01    4.39233000e-01
    4.75860000e-02    4.58690000e-02
10  1
    3.44538000e+01   -3.43500000e-03
    2.15352000e+01    2.45630000e-02
    1.34667000e+01   -7.72030000e-02
    5.42124000e+00    2.98436000e-01
    1.50720000e+00   -9.05958000e-01
    7.85212000e-01   -4.69398000e-01
    4.10112000e-01    1.62777400e+00
    2.13135000e-01    1.27579000e-01
    1.00773000e-01   -8.67094000e-01
    4.75860000e-02   -1.95243000e-01
10  1
    3.44538000e+01   -1.44800000e-03
    2.15352000e+01   -1.35590000e-02
    1.34667000e+01    8.92570000e-02
    5.42124000e+00   -4.74982000e-01
    1.50720000e+00    2.60523900e+00
    7.85212000e-01   -2.87690400e+00
    4.10112000e-01   -4.30711000e-01
    2.13135000e-01    2.41415800e+00
    1.00773000e-01   -1.04947700e+00
    4.75860000e-02   -3.53584000e-01
1  1
    2.21800000e-02    1.00000000e+00
9  2
    4.61455000e+01    6.90000000e-05
    1.74458000e+01   -1.05200000e-03
    1.08908000e+01    1.00340000e-02
    5.40104000e+00   -6.24020000e-02
    1.70494000e+00    1.80122000e-01
    8.97325000e-01    3.21120000e-01
    4.56130000e-01    3.40541000e-01
    2.23257000e-01    2.56672000e-01
    1.04833000e-01    1.27741000e-01
9  2
    4.61455000e+01   -1.31000000e-04
    1.74458000e+01    1.64400000e-03
    1.08908000e+01   -1.26990000e-02
    5.40104000e+00    7.67760000e-02
    1.70494000e+00   -2.52649000e-01
    8.97325000e-01   -4.90683000e-01
    4.56130000e-01   -7.89280000e-02
    2.23257000e-01    4.81454000e-01
    1.04833000e-01    4.52413000e-01
9  2
    4.61455000e+01    2.46000000e-04
    1.74458000e+01   -2.70100000e-03
    1.08908000e+01    1.98360000e-02
    5.40104000e+00   -1.26328000e-01
    1.70494000e+00    6.37701000e-01
    8.97325000e-01    4.48660000e-01
    4.56130000e-01   -1.01276900e+00
    2.23257000e-01   -3.27519000e-01
    1.04833000e-01    6.83500000e-01
9  2
    4.61455000e+01    9.66000000e-04
    1.74458000e+01   -1.05910000e-02
    1.08908000e+01    4.62480000e-02
    5.40104000e+00   -2.26828000e-01
    1.70494000e+00    1.60258300e+00
    8.97325000e-01   -1.34504100e+00
    4.56130000e-01   -7.87890000e-01
    2.23257000e-01    1.66829300e+00
    1.04833000e-01   -5.57043000e-01
1  2
    4.61230000e-02    1.00000000e+00
1  3
    1.37510000e+00    1.00000000e+00
1  3
    5.58400000e-01    1.00000000e+00
1  3
    2.26800000e-01    1.00000000e+00
1  4
    1.37690000e+00    1.00000000e+00
1  4
    4.75900000e-01    1.00000000e+00
1  5
    9.16400000e-01    1.00000000e+00
