12
7  0
    3.45933000e+01    1.94050000e-02
    2.16442000e+01   -1.46875000e-01
    1.35521000e+01    3.55189000e-01
    4.89508000e+00   -7.88369000e-01
    1.16346000e+00    9.03300000e-01
    5.38084000e-01    4.30256000e-01
    1.30673000e-01    1.81640000e-02
7  0
    3.45933000e+01   -5.92400000e-03
    2.16442000e+01    4.75810000e-02
    1.35521000e+01   -1.19859000e-01
    4.89508000e+00    2.90590000e-01
    1.16346000e+00   -4.63326000e-01
    5.38084000e-01   -2.91058000e-01
    1.30673000e-01    6.48997000e-01
7  0
    3.45933000e+01    2.86790000e-02
    2.16442000e+01   -1.53352000e-01
    1.35521000e+01    3.06657000e-01
    4.89508000e+00   -6.59040000e-01
    1.16346000e+00    1.68806600e+00
    5.38084000e-01   -9.09866000e-01
    1.30673000e-01   -1.51783700e+00
1  0
    4.69820000e-02    1.00000000e+00
6  1
    9.12594000e+00    1.31610000e-01
    5.89073000e+00   -3.48791000e-01
    1.43978000e+00    5.27633000e-01
    6.92976000e-01    5.00004000e-01
    3.08438000e-01    1.38707000e-01
    1.08680000e-01    5.59100000e-03
6  1
    9.12594000e+00   -3.79630000e-02
    5.89073000e+00    1.03612000e-01
    1.43978000e+00   -1.85719000e-01
    6.92976000e-01   -2.21377000e-01
    3.08438000e-01    9.60590000e-02
    1.08680000e-01    6.02938000e-01
6  1
    9.12594000e+00   -6.76070000e-02
    5.89073000e+00    1.85845000e-01
    1.43978000e+00   -3.48047000e-01
    6.92976000e-01   -4.51148000e-01
    3.08438000e-01    5.58613000e-01
    1.08680000e-01    7.06853000e-01
1  1
    3.81830000e-02    1.00000000e+00
5  2
    9.33950000e+00    1.58420000e-02
    5.85571000e+00   -6.35100000e-02
    1.46476000e+00    2.82870000e-01
    6.31220000e-01    4.50781000e-01
    2.50662000e-01    3.66455000e-01
5  2
    9.33950000e+00   -2.09240000e-02
    5.85571000e+00    8.07150000e-02
    1.46476000e+00   -4.24280000e-01
    6.31220000e-01   -4.62018000e-01
    2.50662000e-01    5.55566000e-01
1  2
    8.91640000e-02    1.00000000e+00
1  3
    6.27800000e-01    1.00000000e+00
