17
9  0
    3.23055000e+01    1.97370000e-02
    2.01934000e+01   -1.72281000e-01
    1.26258000e+01    5.02059000e-01
    7.89021000e+00   -2.72931000e-01
    4.46183000e+00   -6.62856000e-01
    1.23613000e+00    8.40311000e-01
    5.88830000e-01    5.04120000e-01
    1.83261000e-01    3.60460000e-02
    8.39720000e-02   -7.74300000e-03
9  0
    3.23055000e+01   -6.50500000e-03
    2.01934000e+01    5.85150000e-02
    1.26258000e+01   -1.76253000e-01
    7.89021000e+00    1.04185000e-01
    4.46183000e+00    2.40505000e-01
    1.23613000e+00   -4.09324000e-01
    5.88830000e-01   -3.60763000e-01
    1.83261000e-01    2.73487000e-01
    8.39720000e-02    6.63950000e-01
9  0
    3.23055000e+01    3.24200000e-03
    2.01934000e+01    3.21220000e-02
    1.26258000e+01   -1.47223000e-01
    7.89021000e+00   -5.21880000e-02
    4.46183000e+00    6.85855000e-01
    1.23613000e+00   -1.47871100e+00
    5.88830000e-01    1.83353000e-01
    1.83261000e-01    2.23579400e+00
    8.39720000e-02   -1.23210000e+00
9  0
    3.23055000e+01    6.95500000e-03
    2.01934000e+01    4.17920000e-02
    1.26258000e+01   -2.18167000e-01
    7.89021000e+00   -1.04958000e-01
    4.46183000e+00    1.21058000e+00
    1.23613000e+00   -4.12591000e+00
    5.88830000e-01    4.59028000e+00
    1.83261000e-01   -1.60620500e+00
    8.39720000e-02   -9.74731000e-01
1  0
    3.58740000e-02    1.00000000e+00
8  1
    1.95631000e+01   -1.47080000e-02
    1.22451000e+01    8.13650000e-02
    5.55342000e+00   -2.86592000e-01
    1.46284000e+00    5.04671000e-01
    7.34537000e-01    4.80348000e-01
    3.60575000e-01    1.72007000e-01
    1.56691000e-01    1.67790000e-02
    6.63330000e-02    1.02900000e-03
8  1
    1.95631000e+01    3.81100000e-03
    1.22451000e+01   -2.27510000e-02
    5.55342000e+00    8.56230000e-02
    1.46284000e+00   -1.79746000e-01
    7.34537000e-01   -2.01516000e-01
    3.60575000e-01   -1.48500000e-03
    1.56691000e-01    3.71787000e-01
    6.63330000e-02    5.43682000e-01
8  1
    1.95631000e+01    6.80200000e-03
    1.22451000e+01   -4.12110000e-02
    5.55342000e+00    1.56990000e-01
    1.46284000e+00   -3.43391000e-01
    7.34537000e-01   -4.30371000e-01
    3.60575000e-01    2.96023000e-01
    1.56691000e-01    7.53612000e-01
    6.63330000e-02    1.96659000e-01
8  1
    1.95631000e+01    1.37510000e-02
    1.22451000e+01   -7.73820000e-02
    5.55342000e+00    2.95339000e-01
    1.46284000e+00   -9.65398000e-01
    7.34537000e-01   -2.46553000e-01
    3.60575000e-01    1.72818400e+00
    1.56691000e-01   -5.25966000e-01
    6.63330000e-02   -6.79356000e-01
1  1
    2.77460000e-02    1.00000000e+00
7  2
    1.46857000e+01   -2.69000000e-04
    9.17124000e+00    1.64940000e-02
    5.72992000e+00   -6.66740000e-02
    1.58756000e+00    2.24547000e-01
    7.67269000e-01    3.79660000e-01
    3.52839000e-01    3.61881000e-01
    1.53036000e-01    2.21683000e-01
7  2
    1.46857000e+01    1.27000000e-03
    9.17124000e+00   -2.25880000e-02
    5.72992000e+00    8.38610000e-02
    1.58756000e+00   -3.26331000e-01
    7.67269000e-01   -5.06639000e-01
    3.52839000e-01    1.70607000e-01
    1.53036000e-01    6.36085000e-01
7  2
    1.46857000e+01    2.67000000e-03
    9.17124000e+00   -3.74650000e-02
    5.72992000e+00    1.40465000e-01
    1.58756000e+00   -8.23118000e-01
    7.67269000e-01   -5.36040000e-02
    3.52839000e-01    1.15296700e+00
    1.53036000e-01   -4.17789000e-01
1  2
    6.12280000e-02    1.00000000e+00
1  3
    1.05100000e+00    1.00000000e+00
1  3
    3.37200000e-01    1.00000000e+00
1  4
    8.43500000e-01    1.00000000e+00
