14
3  0
    3.00000000e+01    3.22130048e-01
    2.70000000e+01   -4.79229181e-01
    1.35247300e+01    4.74659468e-01
1  0
    5.24028835e+00    1.00000000e+00
1  0
    1.13066612e+00    1.00000000e+00
1  0
    5.16899669e-01    1.00000000e+00
1  0
    1.32229535e-01    1.00000000e+00
1  0
    4.72203188e-02    1.00000000e+00
4  1
    1.55000000e+01    1.60164634e-01
    1.40000000e+01   -2.32015204e-01
    5.54582904e+00    2.97725873e-01
    1.41395022e+00   -5.42532382e-01
1  1
    6.81366868e-01    1.00000000e+00
1  1
    3.09114526e-01    1.00000000e+00
1  1
    5.20000000e-02    1.00000000e+00
4  2
    8.29450595e+00    6.96482221e-02
    6.30603974e+00   -1.64442296e-01
    1.48901091e+00    5.51545410e-01
    6.73153906e-01    8.84613703e-01
1  2
    2.85908052e-01    1.00000000e+00
1  2
    1.10580121e-01    1.00000000e+00
1  3
    5.50650000e-01    1.00000000e+00
