20
4  0
    2.40000000e+01    2.45591330e-01
    1.82042627e+01   -1.30202049e+00
    1.40481925e+01    1.91148960e+00
    9.51667870e+00   -8.30988468e-01
1  0
    4.25294060e+00    1.00000000e+00
1  0
    1.29995835e+00    1.00000000e+00
1  0
    6.17568501e-01    1.00000000e+00
1  0
    1.87853055e-01    1.00000000e+00
1  0
    8.78655240e-02    1.00000000e+00
1  0
    3.70042429e-02    1.00000000e+00
4  1
    1.55000000e+01    1.60164634e-01
    1.40000000e+01   -2.32015204e-01
    5.54582904e+00    2.97725873e-01
    1.41395022e+00   -5.42532382e-01
1  1
    6.81366868e-01    1.00000000e+00
1  1
    3.09114526e-01    1.00000000e+00
1  1
    9.00000000e-02    1.00000000e+00
1  1
    3.30000000e-02    1.00000000e+00
3  2
    8.55572265e+00    5.50813047e-02
    6.19272508e+00   -1.50417774e-01
    1.49167337e+00    5.50872476e-01
1  2
    6.74232415e-01    1.00000000e+00
1  2
    2.86357371e-01    1.00000000e+00
1  2
    1.10742927e-01    1.00000000e+00
1  3
    1.38026000e+00    1.00000000e+00
1  3
    5.50650000e-01    1.00000000e+00
1  3
    2.19680000e-01    1.00000000e+00
1  4
    7.54890000e-01    1.00000000e+00
