Os nelec 60
Os ul
2      1.00000000             0.00000000       
Os S
2     13.00200100           424.39037600       
2      6.96276300            57.12250300       
Os P
2     10.49894100            88.27900300       
2      9.99252300           176.48606400       
2      6.58824800            11.71501200       
2      5.03716700            22.91500600       
Os D
2      7.08344100            44.77770800       
2      6.72117900            67.15364800       
2      3.79462600             5.55038700       
2      3.74812500             8.22010400       
Os F
2      2.82627600             8.32833200       
2      2.78119800            11.10310200       
Os G
2      4.49698100            -9.18134300       
2      4.46773800           -11.36160400       
