52
1  0
    2.06956541e+07    1.00000000e+00
1  0
    8.38975922e+06    1.00000000e+00
1  0
    3.48817440e+06    1.00000000e+00
1  0
    1.48712640e+06    1.00000000e+00
1  0
    6.49992047e+05    1.00000000e+00
1  0
    2.91188464e+05    1.00000000e+00
1  0
    1.33667854e+05    1.00000000e+00
1  0
    6.28538130e+04    1.00000000e+00
1  0
    3.02647373e+04    1.00000000e+00
1  0
    1.49167582e+04    1.00000000e+00
1  0
    7.52242683e+03    1.00000000e+00
1  0
    3.87956072e+03    1.00000000e+00
1  0
    2.04514425e+03    1.00000000e+00
1  0
    1.10138194e+03    1.00000000e+00
1  0
    6.05563724e+02    1.00000000e+00
1  0
    3.39706577e+02    1.00000000e+00
1  0
    1.94295707e+02    1.00000000e+00
1  0
    1.13216291e+02    1.00000000e+00
1  0
    6.71569054e+01    1.00000000e+00
1  0
    4.05169068e+01    1.00000000e+00
1  0
    2.48400223e+01    1.00000000e+00
1  0
    1.54604723e+01    1.00000000e+00
1  0
    9.75916939e+00    1.00000000e+00
1  0
    6.24117672e+00    1.00000000e+00
1  0
    4.03932385e+00    1.00000000e+00
1  0
    2.64269113e+00    1.00000000e+00
1  0
    1.74570095e+00    1.00000000e+00
1  0
    1.16293066e+00    1.00000000e+00
1  0
    7.80296130e-01    1.00000000e+00
1  0
    5.26666830e-01    1.00000000e+00
1  0
    3.57126950e-01    1.00000000e+00
1  0
    2.42968980e-01    1.00000000e+00
1  0
    1.65632760e-01    1.00000000e+00
1  0
    1.12987690e-01    1.00000000e+00
1  1
    9.58382540e+00    1.00000000e+00
1  1
    3.16591720e+00    1.00000000e+00
1  1
    1.03113930e+00    1.00000000e+00
1  1
    3.33035600e-01    1.00000000e+00
1  1
    1.07264500e-01    1.00000000e+00
1  2
    1.26964633e+01    1.00000000e+00
1  2
    3.85910740e+00    1.00000000e+00
1  2
    1.27879111e+00    1.00000000e+00
1  2
    4.48000000e-01    1.00000000e+00
1  2
    1.60000000e-01    1.00000000e+00
1  3
    1.60567760e+00    1.00000000e+00
1  3
    5.63675700e-01    1.00000000e+00
1  3
    1.96642500e-01    1.00000000e+00
1  4
    2.01013244e+01    1.00000000e+00
1  4
    6.01999428e+00    1.00000000e+00
1  4
    2.16528125e+00    1.00000000e+00
1  4
    8.85623690e-01    1.00000000e+00
1  4
    3.79582660e-01    1.00000000e+00
