70
14  0
    1.49071346e+06    7.59512555e-06
    2.52324116e+05    5.39817541e-05
    5.55961171e+04    3.10008051e-04
    1.50825279e+04    1.36988135e-03
    4.80713900e+03    5.01881951e-03
    1.73126494e+03    1.58889811e-02
    6.82425499e+02    4.44045313e-02
    2.86951166e+02    1.09320577e-01
    1.26121791e+02    2.25453277e-01
    5.70320150e+01    3.48629389e-01
    2.62111490e+01    3.03977156e-01
    1.21279180e+01    9.20376280e-02
    5.60714400e+00    4.84009876e-03
    2.57353300e+00    1.36173389e-03
11  0
    1.73126494e+03   -4.83163661e-05
    6.82425499e+02   -3.55150086e-04
    2.86951166e+02   -2.24400622e-03
    1.26121791e+02   -1.09323381e-02
    5.70320150e+01   -4.11106988e-02
    2.62111490e+01   -8.85395627e-02
    1.21279180e+01   -6.05277822e-03
    5.60714400e+00    3.29352377e-01
    2.57353300e+00    5.56522357e-01
    1.16522300e+00    2.18359248e-01
    5.16828000e-01    4.56089458e-03
7  0
    1.21279180e+01    6.42705144e-04
    5.60714400e+00   -1.04961991e-02
    2.57353300e+00   -1.07325629e-01
    1.16522300e+00   -1.50417342e-01
    5.16828000e-01    2.98204577e-01
    2.22660000e-01    6.25220938e-01
    9.21640000e-02    2.72145926e-01
1  0
    5.65913923e+02    1.00000000e+00
1  0
    2.88132336e+02    1.00000000e+00
1  0
    1.46701185e+02    1.00000000e+00
1  0
    7.46921990e+01    1.00000000e+00
1  0
    3.80291720e+01    1.00000000e+00
1  0
    1.93623690e+01    1.00000000e+00
1  0
    9.85825600e+00    1.00000000e+00
1  0
    5.01928400e+00    1.00000000e+00
1  0
    3.05142800e+00    1.00000000e+00
1  0
    1.34155600e+00    1.00000000e+00
1  0
    5.89814000e-01    1.00000000e+00
1  0
    2.59311000e-01    1.00000000e+00
1  0
    3.85366316e-02    1.00000000e+00
12  1
    4.33009857e+03    5.36043964e-05
    1.07644298e+03    4.64898720e-04
    3.40487588e+02    2.81899617e-03
    1.27832840e+02    1.21417098e-02
    5.39360470e+01    4.02482706e-02
    2.45264440e+01    1.07011478e-01
    1.16519510e+01    2.17519455e-01
    5.65503900e+00    3.24302774e-01
    2.75989200e+00    3.28449808e-01
    1.33938400e+00    1.60186878e-01
    6.40781000e-01    2.18153282e-02
    2.99741000e-01    1.48843351e-03
8  1
    1.16519510e+01   -2.74265854e-03
    5.65503900e+00   -3.94955580e-03
    2.75989200e+00   -1.30217720e-02
    1.33938400e+00    1.92354743e-02
    6.40781000e-01    1.90850282e-01
    2.99741000e-01    4.05075313e-01
    1.35760000e-01    3.97268964e-01
    5.87440000e-02    1.28379656e-01
1  1
    1.01430161e+03    1.00000000e+00
1  1
    5.49074417e+02    1.00000000e+00
1  1
    2.97231823e+02    1.00000000e+00
1  1
    1.60901244e+02    1.00000000e+00
1  1
    8.71010710e+01    1.00000000e+00
1  1
    4.71506400e+01    1.00000000e+00
1  1
    2.55241730e+01    1.00000000e+00
1  1
    1.38170640e+01    1.00000000e+00
1  1
    7.47962600e+00    1.00000000e+00
1  1
    3.73068200e+00    1.00000000e+00
1  1
    1.86078700e+00    1.00000000e+00
1  1
    9.25231000e-01    1.00000000e+00
1  1
    4.60048000e-01    1.00000000e+00
1  1
    2.28748000e-01    1.00000000e+00
1  1
    3.24719011e-02    1.00000000e+00
1  2
    6.82947285e+02    1.00000000e+00
1  2
    3.32088663e+02    1.00000000e+00
1  2
    1.61480809e+02    1.00000000e+00
1  2
    7.85213540e+01    1.00000000e+00
1  2
    3.81816460e+01    1.00000000e+00
1  2
    1.85661350e+01    1.00000000e+00
1  2
    9.02793400e+00    1.00000000e+00
1  2
    6.31333287e+00    1.00000000e+00
1  2
    4.38990600e+00    1.00000000e+00
1  2
    1.90545400e+00    1.00000000e+00
1  2
    8.35749000e-01    1.00000000e+00
1  2
    3.66567000e-01    1.00000000e+00
1  2
    1.60780000e-01    1.00000000e+00
1  2
    7.05197000e-02    1.00000000e+00
1  3
    2.22744272e+02    1.00000000e+00
1  3
    1.00553944e+02    1.00000000e+00
1  3
    4.53932910e+01    1.00000000e+00
1  3
    2.04919950e+01    1.00000000e+00
1  3
    9.25074700e+00    1.00000000e+00
1  3
    4.17608500e+00    1.00000000e+00
1  3
    1.89293000e+00    1.00000000e+00
1  3
    8.58026000e-01    1.00000000e+00
1  3
    4.45415000e-01    1.00000000e+00
1  3
    2.31222000e-01    1.00000000e+00
1  3
    1.20031000e-01    1.00000000e+00
1  4
    5.43045370e+01    1.00000000e+00
1  4
    2.48594190e+01    1.00000000e+00
1  4
    1.13800940e+01    1.00000000e+00
1  4
    5.20955600e+00    1.00000000e+00
1  4
    2.15861600e+00    1.00000000e+00
1  4
    8.94438000e-01    1.00000000e+00
1  4
    4.21657000e-01    1.00000000e+00
1  4
    1.98778000e-01    1.00000000e+00
1  5
    2.29391930e+01    1.00000000e+00
1  5
    9.02677300e+00    1.00000000e+00
1  5
    2.58380400e+00    1.00000000e+00
1  5
    7.39582532e-01    1.00000000e+00
