10
6  0
    1.94133000e+04    1.85160000e-03
    2.90942000e+03    1.42062000e-02
    6.61364000e+02    6.99995000e-02
    1.85759000e+02    2.40079000e-01
    5.91943000e+01    4.84762000e-01
    2.00310000e+01    3.35200000e-01
6  0
    3.39478000e+02   -2.78217000e-03
    8.10101000e+01   -3.60499000e-02
    2.58780000e+01   -1.16631000e-01
    9.45221000e+00    9.68328000e-02
    3.66566000e+00    6.14418000e-01
    1.46746000e+00    4.03798000e-01
6  1
    3.39478000e+02    4.56462000e-03
    8.10101000e+01    3.36936000e-02
    2.58780000e+01    1.39755000e-01
    9.45221000e+00    3.39362000e-01
    3.66566000e+00    4.50921000e-01
    1.46746000e+00    2.38586000e-01
3  0
    2.15623000e+00   -2.52923000e-01
    7.48997000e-01    3.28517000e-02
    2.83145000e-01    1.08125000e+00
3  1
    2.15623000e+00   -1.77653000e-02
    7.48997000e-01    2.74058000e-01
    2.83145000e-01    7.85421000e-01
1  0
    9.98317000e-02    1.00000000e+00
1  1
    9.98317000e-02    1.00000000e+00
1  0
    3.48000000e-02    1.00000000e+00
1  1
    3.48000000e-02    1.00000000e+00
1  2
    5.50000000e-01    1.00000000e+00
