37
1  0
    3.00410688e+02    1.00000000e+00
1  0
    1.06288410e+02    1.00000000e+00
1  0
    3.90609922e+01    1.00000000e+00
1  0
    1.30260746e+01    1.00000000e+00
1  0
    7.07019326e+00    1.00000000e+00
1  0
    3.27533026e+00    1.00000000e+00
1  0
    1.30556703e+00    1.00000000e+00
1  0
    7.34653418e-01    1.00000000e+00
1  0
    3.90321591e-01    1.00000000e+00
1  0
    1.80996291e-01    1.00000000e+00
1  1
    1.02909355e+02    1.00000000e+00
1  1
    1.19146777e+01    1.00000000e+00
1  1
    4.25529404e+00    1.00000000e+00
1  1
    2.51993872e+00    1.00000000e+00
1  1
    9.02259147e-01    1.00000000e+00
1  1
    6.06491720e-01    1.00000000e+00
1  1
    3.11634607e-01    1.00000000e+00
1  1
    1.91580758e-01    1.00000000e+00
1  2
    3.60765194e+01    1.00000000e+00
1  2
    1.07960053e+01    1.00000000e+00
1  2
    6.39584965e+00    1.00000000e+00
1  2
    2.41635157e+00    1.00000000e+00
1  2
    1.02077808e+00    1.00000000e+00
1  2
    4.90563754e-01    1.00000000e+00
1  2
    2.35731264e-01    1.00000000e+00
1  3
    9.07381028e+00    1.00000000e+00
1  3
    3.50464683e+00    1.00000000e+00
1  3
    1.38079013e+00    1.00000000e+00
1  3
    7.56151392e-01    1.00000000e+00
1  3
    3.84813867e-01    1.00000000e+00
1  4
    2.54125568e+00    1.00000000e+00
1  4
    6.96309247e-01    1.00000000e+00
1  0
    5.08280311e-02    1.00000000e+00
1  1
    8.97635661e-02    1.00000000e+00
1  2
    7.75245396e-02    1.00000000e+00
1  3
    1.42259170e-01    1.00000000e+00
1  4
    2.70564375e-01    1.00000000e+00
