14
12  0
    9.48400000e+04    2.55509000e-04
    1.42200000e+04    1.98193000e-03
    3.23600000e+03    1.02760000e-02
    9.17100000e+02    4.14823000e-02
    2.99500000e+02    1.31984000e-01
    1.08100000e+02    3.08662000e-01
    4.21800000e+01    4.20647000e-01
    1.72800000e+01    2.22878000e-01
    4.85800000e+00    1.64035000e-02
    1.81800000e+00   -2.54255000e-03
    3.37200000e-01    7.48050000e-04
    1.23200000e-01   -3.30963000e-04
12  0
    9.48400000e+04   -6.96939000e-05
    1.42200000e+04   -5.35266000e-04
    3.23600000e+03   -2.83709000e-03
    9.17100000e+02   -1.13983000e-02
    2.99500000e+02   -3.92929000e-02
    1.08100000e+02   -9.96364000e-02
    4.21800000e+01   -1.97983000e-01
    1.72800000e+01   -1.14860000e-01
    4.85800000e+00    5.18595000e-01
    1.81800000e+00    6.01847000e-01
    3.37200000e-01    3.68612000e-02
    1.23200000e-01   -9.70759000e-03
12  0
    9.48400000e+04    1.91199000e-05
    1.42200000e+04    1.47223000e-04
    3.23600000e+03    7.77912000e-04
    9.17100000e+02    3.14546000e-03
    2.99500000e+02    1.08200000e-02
    1.08100000e+02    2.79957000e-02
    4.21800000e+01    5.63978000e-02
    1.72800000e+01    3.58190000e-02
    4.85800000e+00   -1.93387000e-01
    1.81800000e+00   -3.72097000e-01
    3.37200000e-01    6.24246000e-01
    1.23200000e-01    5.51721000e-01
1  0
    1.23200000e-01    1.00000000e+00
1  0
    5.47400000e+00    1.00000000e+00
1  0
    4.17000000e-02    1.00000000e+00
8  1
    3.70500000e+02    3.95005000e-03
    8.73300000e+01    3.02492000e-02
    2.75900000e+01    1.29554000e-01
    1.00000000e+01    3.27594000e-01
    3.82500000e+00    4.56992000e-01
    1.49400000e+00    2.53086000e-01
    3.92100000e-01    1.68798000e-02
    1.18600000e-01   -2.07093000e-03
8  1
    3.70500000e+02   -9.59832000e-04
    8.73300000e+01   -7.11177000e-03
    2.75900000e+01   -3.27122000e-02
    1.00000000e+01   -7.95784000e-02
    3.82500000e+00   -1.35016000e-01
    1.49400000e+00   -9.10585000e-03
    3.92100000e-01    5.37802000e-01
    1.18600000e-01    5.69066000e-01
1  1
    1.18600000e-01    1.00000000e+00
1  1
    1.93900000e+00    1.00000000e+00
1  1
    3.43000000e-02    1.00000000e+00
1  2
    2.76000000e+00    1.00000000e+00
1  2
    3.73000000e-01    1.00000000e+00
1  2
    1.13000000e-01    1.00000000e+00
