34
16  0
    6.15200000e+05    2.47450000e-05
    9.21200000e+04    1.92465000e-04
    2.09500000e+04    1.01202000e-03
    5.92000000e+03    4.27261000e-03
    1.92200000e+03    1.54161000e-02
    6.88000000e+02    4.85976000e-02
    2.65000000e+02    1.30060000e-01
    1.08200000e+02    2.74514000e-01
    4.62200000e+01    3.85402000e-01
    2.02300000e+01    2.55934000e-01
    7.85900000e+00    3.91237000e-02
    3.54700000e+00   -3.68010000e-03
    1.56400000e+00    2.08211000e-03
    4.88800000e-01   -7.88479000e-04
    2.26600000e-01    4.54054000e-04
    9.33100000e-02   -1.26640000e-04
16  0
    6.15200000e+05   -6.72205000e-06
    9.21200000e+04   -5.22311000e-05
    2.09500000e+04   -2.75361000e-04
    5.92000000e+03   -1.16307000e-03
    1.92200000e+03   -4.24281000e-03
    6.88000000e+02   -1.36114000e-02
    2.65000000e+02   -3.85114000e-02
    1.08200000e+02   -9.06643000e-02
    4.62200000e+01   -1.66584000e-01
    2.02300000e+01   -1.61447000e-01
    7.85900000e+00    1.46781000e-01
    3.54700000e+00    5.66682000e-01
    1.56400000e+00    4.16433000e-01
    4.88800000e-01    3.43844000e-02
    2.26600000e-01   -7.80638000e-03
    9.33100000e-02    1.92259000e-03
16  0
    6.15200000e+05    1.84740000e-06
    9.21200000e+04    1.43380000e-05
    2.09500000e+04    7.57228000e-05
    5.92000000e+03    3.19205000e-04
    1.92200000e+03    1.16851000e-03
    6.88000000e+02    3.74267000e-03
    2.65000000e+02    1.06817000e-02
    1.08200000e+02    2.52657000e-02
    4.62200000e+01    4.79283000e-02
    2.02300000e+01    4.77096000e-02
    7.85900000e+00   -4.66525000e-02
    3.54700000e+00   -2.34968000e-01
    1.56400000e+00   -3.11337000e-01
    4.88800000e-01    2.57109000e-01
    2.26600000e-01    6.53655000e-01
    9.33100000e-02    2.94212000e-01
1  0
    4.88800000e-01    1.00000000e+00
1  0
    2.26600000e-01    1.00000000e+00
1  0
    9.33100000e-02    1.00000000e+00
1  0
    1.48310000e+01    1.00000000e+00
1  0
    7.64000000e+00    1.00000000e+00
1  0
    3.93500000e+00    1.00000000e+00
1  0
    3.54000000e-02    1.00000000e+00
11  1
    1.36700000e+03    4.21015000e-04
    3.24000000e+02    3.60985000e-03
    1.04600000e+02    1.89217000e-02
    3.93700000e+01    7.05560000e-02
    1.62600000e+01    1.88157000e-01
    7.05600000e+00    3.38709000e-01
    3.13000000e+00    3.81943000e-01
    1.39400000e+00    1.95261000e-01
    5.17900000e-01    1.99416000e-02
    2.03200000e-01   -1.35121000e-03
    7.69800000e-02    5.17144000e-04
11  1
    1.36700000e+03   -1.00827000e-04
    3.24000000e+02   -8.54499000e-04
    1.04600000e+02   -4.57116000e-03
    3.93700000e+01   -1.70327000e-02
    1.62600000e+01   -4.75204000e-02
    7.05600000e+00   -8.52786000e-02
    3.13000000e+00   -1.09676000e-01
    1.39400000e+00   -1.61181000e-02
    5.17900000e-01    3.22893000e-01
    2.03200000e-01    5.45738000e-01
    7.69800000e-02    2.68538000e-01
1  1
    5.17900000e-01    1.00000000e+00
1  1
    2.03200000e-01    1.00000000e+00
1  1
    7.69800000e-02    1.00000000e+00
1  1
    1.55230000e+01    1.00000000e+00
1  1
    7.07300000e+00    1.00000000e+00
1  1
    3.22300000e+00    1.00000000e+00
1  1
    2.72000000e-02    1.00000000e+00
1  2
    1.65000000e-01    1.00000000e+00
1  2
    4.13000000e-01    1.00000000e+00
1  2
    1.03600000e+00    1.00000000e+00
1  2
    2.34170000e+01    1.00000000e+00
1  2
    9.25000000e+00    1.00000000e+00
1  2
    3.65400000e+00    1.00000000e+00
1  2
    5.94000000e-02    1.00000000e+00
1  3
    2.80000000e-01    1.00000000e+00
1  3
    7.03000000e-01    1.00000000e+00
1  3
    1.42070000e+01    1.00000000e+00
1  3
    5.16100000e+00    1.00000000e+00
1  3
    1.09000000e-01    1.00000000e+00
1  4
    1.04480000e+01    1.00000000e+00
1  4
    5.97000000e-01    1.00000000e+00
1  4
    2.50000000e-01    1.00000000e+00
