23
15  0
    3.12400000e+05    5.76960000e-05
    4.68000000e+04    4.48296000e-04
    1.06500000e+04    2.34939000e-03
    3.01800000e+03    9.78265000e-03
    9.86800000e+02    3.41467000e-02
    3.57400000e+02    1.00204000e-01
    1.39600000e+02    2.34372000e-01
    5.76300000e+01    3.82434000e-01
    2.46000000e+01    3.18088000e-01
    1.01200000e+01    7.07788000e-02
    4.28300000e+00   -1.81799000e-03
    1.80500000e+00    2.16180000e-03
    6.15800000e-01   -8.34742000e-04
    2.78200000e-01    4.32297000e-04
    1.05500000e-01   -1.14251000e-04
15  0
    3.12400000e+05   -1.56709000e-05
    4.68000000e+04   -1.21724000e-04
    1.06500000e+04   -6.39672000e-04
    3.01800000e+03   -2.67426000e-03
    9.86800000e+02   -9.49831000e-03
    3.57400000e+02   -2.89349000e-02
    1.39600000e+02   -7.45121000e-02
    5.76300000e+01   -1.49938000e-01
    2.46000000e+01   -1.89467000e-01
    1.01200000e+01    3.63270000e-02
    4.28300000e+00    5.28816000e-01
    1.80500000e+00    5.19115000e-01
    6.15800000e-01    6.05547000e-02
    2.78200000e-01   -9.25695000e-03
    1.05500000e-01    2.10372000e-03
15  0
    3.12400000e+05    4.30631000e-06
    4.68000000e+04    3.34194000e-05
    1.06500000e+04    1.75885000e-04
    3.01800000e+03    7.34340000e-04
    9.86800000e+02    2.61775000e-03
    3.57400000e+02    7.97852000e-03
    1.39600000e+02    2.07940000e-02
    5.76300000e+01    4.24446000e-02
    2.46000000e+01    5.63436000e-02
    1.01200000e+01   -1.27358000e-02
    4.28300000e+00   -1.96495000e-01
    1.80500000e+00   -3.53555000e-01
    6.15800000e-01    7.41407000e-02
    2.78200000e-01    7.00912000e-01
    1.05500000e-01    4.04739000e-01
1  0
    6.15800000e-01    1.00000000e+00
1  0
    1.05500000e-01    1.00000000e+00
1  0
    1.00690000e+01    1.00000000e+00
1  0
    1.73000000e+00    1.00000000e+00
1  0
    4.09000000e-02    1.00000000e+00
9  1
    5.04900000e+02    2.33728000e-03
    1.19400000e+02    1.85410000e-02
    3.79600000e+01    8.49693000e-02
    1.39500000e+01    2.44615000e-01
    5.45700000e+00    4.22766000e-01
    2.17700000e+00    3.68439000e-01
    8.01000000e-01    7.72734000e-02
    2.87700000e-01   -3.79005000e-03
    9.71400000e-02    1.59939000e-03
9  1
    5.04900000e+02   -5.55236000e-04
    1.19400000e+02   -4.45913000e-03
    3.79600000e+01   -2.06350000e-02
    1.39500000e+01   -6.17694000e-02
    5.45700000e+00   -1.08924000e-01
    2.17700000e+00   -1.05599000e-01
    8.01000000e-01    1.53483000e-01
    2.87700000e-01    5.76981000e-01
    9.71400000e-02    4.22439000e-01
1  1
    8.01000000e-01    1.00000000e+00
1  1
    9.71400000e-02    1.00000000e+00
1  1
    6.09000000e+00    1.00000000e+00
1  1
    2.40100000e+00    1.00000000e+00
1  1
    3.07000000e-02    1.00000000e+00
1  2
    2.16000000e-01    1.00000000e+00
1  2
    6.52000000e-01    1.00000000e+00
1  2
    9.09700000e+00    1.00000000e+00
1  2
    2.32800000e+00    1.00000000e+00
1  2
    7.75000000e-02    1.00000000e+00
1  3
    2.12200000e+00    1.00000000e+00
1  3
    4.52000000e-01    1.00000000e+00
1  3
    1.65000000e-01    1.00000000e+00
