17 
11    0 
615200.0000000 2.47399432E-05
 92120.0000000 1.92390773E-04
 20950.0000000 1.01159922E-03
  5920.0000000 4.27080605E-03
  1922.0000000 1.54092051E-02
   688.0000000 4.85729771E-02
   265.0000000 1.29973659E-01
   108.2000000 2.74230234E-01
    46.2200000 3.84614929E-01
    20.2300000 2.54900717E-01
     7.8590000 4.06757118E-02
9    0 
  5920.0000000   -4.01068485E-06
  1922.0000000   -9.65677611E-05
   688.0000000   -8.45444582E-04
   265.0000000   -6.36537781E-03
   108.2000000   -3.31675797E-02
    46.2200000   -1.24356527E-01
    20.2300000   -1.84244978E-01 
     7.8590000   3.13127773E-01 
     3.5470000   8.64879389E-01
7    0 
   688.0000000   -4.80845175E-05
   108.2000000   -5.53215649E-04 
    46.2200000   1.27630697E-03 
    20.2300000   2.55936452E-03
     7.8590000   -6.89225044E-03
     3.5470000   -2.57842836E-01
     1.5640000   -7.60984745E-01
 1    0 
     0.4888000     1.0000000E+00    
 1    0 
     0.2266000     1.0000000E+00    
 1    0 
     0.0933100     1.0000000E+00    
7    1 
  1367.0000000    4.19011124E-04
   324.0000000    3.52907119E-03 
   104.6000000    1.90825683E-02 
    39.3700000    7.10770535E-02 
    16.2600000    2.02850728E-01
     7.0560000    3.63480669E-01
     3.1300000    4.95561460E-01
7    1 
  1367.0000000  -5.69736816E-05
   104.6000000  -4.49095651E-03
    39.3700000  -1.61403945E-02
    16.2600000  -1.45302013E-01
     7.0560000  -2.48658025E-01
     3.1300000  -9.38991705E-01
     1.3940000   1.46723803E+00
 1    1 
     0.5179000     1.0000000E+00    
 1    1 
     0.2032000     1.0000000E+00    
 1    1 
     0.0769800     1.0000000E+00    
 1    2 
     0.1650000     1.0000000E+00    
 1    2 
     0.4130000     1.0000000E+00    
 1    2 
     1.0360000     1.0000000E+00    
 1    3 
     0.2800000     1.0000000E+00    
 1    3 
     0.7030000     1.0000000E+00    
 1    4 
     0.5970000     1.0000000E+00    
