38
23  0
    1.48446240e+07    4.00000000e-07
    2.97620871e+06    2.23000000e-06
    7.20281668e+05    1.23300000e-05
    1.94616043e+05    5.76600000e-05
    5.93647280e+04    2.29890000e-04
    2.02093646e+04    8.06590000e-04
    7.47925029e+03    2.58615000e-03
    2.95445109e+03    7.64856000e-03
    1.23545282e+03    2.07854300e-02
    5.43794992e+02    5.14008500e-02
    2.50299463e+02    1.12959020e-01
    1.19732705e+02    2.10056010e-01
    5.92558730e+01    3.01875160e-01
    3.02022560e+01    2.84231020e-01
    1.56781460e+01    1.35766910e-01
    8.06641600e+00    2.20511700e-02
    4.20218000e+00    1.45905000e-03
    2.21780200e+00    5.47390000e-04
    1.17206300e+00    4.76200000e-05
    5.67951000e-01   -1.12900000e-05
    2.83328000e-01   -9.25000000e-06
    1.38008000e-01   -4.52000000e-06
    6.59850000e-02   -3.20000000e-07
23  0
    1.48446240e+07   -1.10000000e-07
    2.97620871e+06   -6.00000000e-07
    7.20281668e+05   -3.35000000e-06
    1.94616043e+05   -1.56600000e-05
    5.93647280e+04   -6.24400000e-05
    2.02093646e+04   -2.19260000e-04
    7.47925029e+03   -7.04290000e-04
    2.95445109e+03   -2.09307000e-03
    1.23545282e+03   -5.74851000e-03
    5.43794992e+02   -1.45520300e-02
    2.50299463e+02   -3.35151100e-02
    1.19732705e+02   -6.83727400e-02
    5.92558730e+01   -1.17398710e-01
    3.02022560e+01   -1.50944440e-01
    1.56781460e+01   -9.07011400e-02
    8.06641600e+00    1.23978260e-01
    4.20218000e+00    3.99040520e-01
    2.21780200e+00    4.45092740e-01
    1.17206300e+00    1.81873340e-01
    5.67951000e-01    1.54481300e-02
    2.83328000e-01    1.97360000e-04
    1.38008000e-01    4.46090000e-04
    6.59850000e-02    1.46400000e-05
23  0
    1.48446240e+07    3.00000000e-08
    2.97620871e+06    1.70000000e-07
    7.20281668e+05    9.20000000e-07
    1.94616043e+05    4.30000000e-06
    5.93647280e+04    1.71600000e-05
    2.02093646e+04    6.02300000e-05
    7.47925029e+03    1.93560000e-04
    2.95445109e+03    5.75220000e-04
    1.23545282e+03    1.58208000e-03
    5.43794992e+02    4.01058000e-03
    2.50299463e+02    9.28177000e-03
    1.19732705e+02    1.90720800e-02
    5.92558730e+01    3.33323500e-02
    3.02022560e+01    4.40528600e-02
    1.56781460e+01    2.76807600e-02
    8.06641600e+00   -4.12423200e-02
    4.20218000e+00   -1.48512230e-01
    2.21780200e+00   -2.54056380e-01
    1.17206300e+00   -1.82376570e-01
    5.67951000e-01    1.94044840e-01
    2.83328000e-01    5.21994650e-01
    1.38008000e-01    4.29112970e-01
    6.59850000e-02    9.07958600e-02
1  0
    2.21780200e+00    1.00000000e+00
1  0
    1.17206300e+00    1.00000000e+00
1  0
    5.67951000e-01    1.00000000e+00
1  0
    2.83328000e-01    1.00000000e+00
1  0
    1.38008000e-01    1.00000000e+00
1  0
    6.59850000e-02    1.00000000e+00
16  1
    1.12822041e+04    1.10800000e-05
    2.51834887e+03    1.09000000e-04
    7.86888220e+02    6.81710000e-04
    2.89937310e+02    3.27645000e-03
    1.19351542e+02    1.24845900e-02
    5.33151980e+01    3.85669600e-02
    2.53324620e+01    9.71150700e-02
    1.25681440e+01    1.92165460e-01
    6.37887600e+00    2.89456130e-01
    3.27978200e+00    3.16091770e-01
    1.70108200e+00    2.05813450e-01
    8.70416000e-01    5.61279000e-02
    4.36237000e-01    3.99562000e-03
    2.14159000e-01    7.63100000e-04
    1.03628000e-01   -3.74200000e-05
    4.85500000e-02    3.65800000e-05
16  1
    1.12822041e+04   -2.63000000e-06
    2.51834887e+03   -2.59200000e-05
    7.86888220e+02   -1.62200000e-04
    2.89937310e+02   -7.81340000e-04
    1.19351542e+02   -2.99033000e-03
    5.33151980e+01   -9.33008000e-03
    2.53324620e+01   -2.39207900e-02
    1.25681440e+01   -4.84187000e-02
    6.37887600e+00   -7.44841600e-02
    3.27978200e+00   -8.63047800e-02
    1.70108200e+00   -5.35061500e-02
    8.70416000e-01    8.35506900e-02
    4.36237000e-01    2.95514830e-01
    2.14159000e-01    4.13906280e-01
    1.03628000e-01    2.96180010e-01
    4.85500000e-02    6.91942200e-02
1  1
    1.70108200e+00    1.00000000e+00
1  1
    8.70416000e-01    1.00000000e+00
1  1
    4.36237000e-01    1.00000000e+00
1  1
    2.14159000e-01    1.00000000e+00
1  1
    1.03628000e-01    1.00000000e+00
1  1
    4.85500000e-02    1.00000000e+00
1  2
    5.87610400e+00    1.00000000e+00
1  2
    2.70368930e+00    1.00000000e+00
1  2
    1.24401060e+00    1.00000000e+00
1  2
    5.72389200e-01    1.00000000e+00
1  2
    2.63365400e-01    1.00000000e+00
1  2
    1.21178600e-01    1.00000000e+00
1  3
    2.55687410e+00    1.00000000e+00
1  3
    1.32167840e+00    1.00000000e+00
1  3
    6.83191200e-01    1.00000000e+00
1  3
    3.53149600e-01    1.00000000e+00
1  3
    1.82547200e-01    1.00000000e+00
1  4
    1.26764160e+00    1.00000000e+00
1  4
    7.72228600e-01    1.00000000e+00
1  4
    4.70430300e-01    1.00000000e+00
1  4
    2.86579200e-01    1.00000000e+00
1  5
    1.36957640e+00    1.00000000e+00
1  5
    7.82123400e-01    1.00000000e+00
1  5
    4.46646900e-01    1.00000000e+00
1  6
    1.28455990e+00    1.00000000e+00
1  6
    6.57531900e-01    1.00000000e+00
1  7
    1.05009000e+00    1.00000000e+00
