62
1  0
    1.68674000e+03    1.00000000e+00
1  0
    3.73389000e+02    1.00000000e+00
1  0
    7.66319000e+01    1.00000000e+00
1  0
    3.50439000e+01    1.00000000e+00
1  0
    1.34356000e+01    1.00000000e+00
1  0
    6.66754000e+00    1.00000000e+00
1  0
    3.20118000e+00    1.00000000e+00
1  0
    1.96607000e+00    1.00000000e+00
1  0
    1.27797000e+00    1.00000000e+00
1  0
    6.85262000e-01    1.00000000e+00
1  0
    3.82396000e-01    1.00000000e+00
1  0
    2.23648000e-01    1.00000000e+00
1  0
    1.12033000e-01    1.00000000e+00
1  1
    3.71635000e+02    1.00000000e+00
1  1
    1.08033000e+02    1.00000000e+00
1  1
    4.06617000e+01    1.00000000e+00
1  1
    1.87176000e+01    1.00000000e+00
1  1
    1.01222000e+01    1.00000000e+00
1  1
    4.21077000e+00    1.00000000e+00
1  1
    2.21793000e+00    1.00000000e+00
1  1
    1.41095000e+00    1.00000000e+00
1  1
    8.55708000e-01    1.00000000e+00
1  1
    5.52207000e-01    1.00000000e+00
1  1
    3.66482000e-01    1.00000000e+00
1  1
    2.10246000e-01    1.00000000e+00
1  1
    1.10325000e-01    1.00000000e+00
1  2
    1.02249000e+02    1.00000000e+00
1  2
    3.34430000e+01    1.00000000e+00
1  2
    1.28244000e+01    1.00000000e+00
1  2
    6.09030000e+00    1.00000000e+00
1  2
    3.02614000e+00    1.00000000e+00
1  2
    1.53751000e+00    1.00000000e+00
1  2
    1.10344000e+00    1.00000000e+00
1  2
    7.02923000e-01    1.00000000e+00
1  2
    4.81036000e-01    1.00000000e+00
1  2
    2.66476000e-01    1.00000000e+00
1  2
    1.28822000e-01    1.00000000e+00
1  3
    3.00196000e+01    1.00000000e+00
1  3
    1.42106000e+01    1.00000000e+00
1  3
    6.15689000e+00    1.00000000e+00
1  3
    2.94786000e+00    1.00000000e+00
1  3
    1.75505000e+00    1.00000000e+00
1  3
    1.17781000e+00    1.00000000e+00
1  3
    6.65345000e-01    1.00000000e+00
1  3
    4.37043000e-01    1.00000000e+00
1  3
    2.56148000e-01    1.00000000e+00
1  4
    9.81155000e+00    1.00000000e+00
1  4
    4.35685000e+00    1.00000000e+00
1  4
    2.31942000e+00    1.00000000e+00
1  4
    1.35558000e+00    1.00000000e+00
1  4
    7.74043000e-01    1.00000000e+00
1  4
    4.88539000e-01    1.00000000e+00
1  4
    3.09804000e-01    1.00000000e+00
1  5
    4.75814000e+00    1.00000000e+00
1  5
    2.39041000e+00    1.00000000e+00
1  5
    1.26257000e+00    1.00000000e+00
1  5
    7.96494000e-01    1.00000000e+00
1  5
    4.61309000e-01    1.00000000e+00
1  6
    2.97242000e+00    1.00000000e+00
1  6
    1.27163000e+00    1.00000000e+00
1  6
    7.65667000e-01    1.00000000e+00
1  7
    1.17399000e+00    1.00000000e+00
