41
11  0
    4.66600000e+06    2.00000000e-06
    6.98600000e+05    1.53000000e-05
    1.59000000e+05    8.05000000e-05
    4.50400000e+04    3.39700000e-04
    1.47200000e+04    1.23290000e-03
    5.32300000e+03    4.01350000e-03
    2.07600000e+03    1.19124000e-02
    8.61100000e+02    3.22511000e-02
    3.75700000e+02    7.86643000e-02
    1.70800000e+02    1.66458000e-01
    8.02900000e+01    2.83039000e-01
11  0
    4.66600000e+06   -5.00000000e-07
    6.98600000e+05   -4.20000000e-06
    1.59000000e+05   -2.18000000e-05
    4.50400000e+04   -9.23000000e-05
    1.47200000e+04   -3.35100000e-04
    5.32300000e+03   -1.09510000e-03
    2.07600000e+03   -3.26800000e-03
    8.61100000e+02   -8.99950000e-03
    3.75700000e+02   -2.26528000e-02
    1.70800000e+02   -5.14650000e-02
    8.02900000e+01   -1.00186000e-01
1  0
    3.87700000e+01    1.00000000e+00
1  0
    1.89300000e+01    1.00000000e+00
1  0
    8.79600000e+00    1.00000000e+00
1  0
    4.35800000e+00    1.00000000e+00
1  0
    2.17400000e+00    1.00000000e+00
1  0
    1.09500000e+00    1.00000000e+00
1  0
    4.40000000e-01    1.00000000e+00
1  0
    1.94500000e-01    1.00000000e+00
1  0
    8.37600000e-02    1.00000000e+00
3  1
    2.01000000e+03    2.15900000e-04
    4.76300000e+02    1.87540000e-03
    1.54400000e+02    1.01742000e-02
1  1
    5.85100000e+01    1.00000000e+00
1  1
    2.44000000e+01    1.00000000e+00
1  1
    1.08000000e+01    1.00000000e+00
1  1
    4.91300000e+00    1.00000000e+00
1  1
    2.26900000e+00    1.00000000e+00
1  1
    1.04300000e+00    1.00000000e+00
1  1
    4.31300000e-01    1.00000000e+00
1  1
    1.76700000e-01    1.00000000e+00
1  1
    7.00900000e-02    1.00000000e+00
1  2
    1.66000000e-01    1.00000000e+00
1  2
    4.18000000e-01    1.00000000e+00
1  2
    1.05400000e+00    1.00000000e+00
1  2
    2.65600000e+00    1.00000000e+00
1  2
    4.84830000e+01    1.00000000e+00
1  2
    2.38780000e+01    1.00000000e+00
1  2
    1.17600000e+01    1.00000000e+00
1  2
    5.79200000e+00    1.00000000e+00
1  3
    2.19000000e-01    1.00000000e+00
1  3
    4.50000000e-01    1.00000000e+00
1  3
    9.23000000e-01    1.00000000e+00
1  3
    2.29200000e+01    1.00000000e+00
1  3
    9.68300000e+00    1.00000000e+00
1  3
    4.09100000e+00    1.00000000e+00
1  4
    4.12000000e-01    1.00000000e+00
1  4
    9.03000000e-01    1.00000000e+00
1  4
    1.73220000e+01    1.00000000e+00
1  4
    6.71700000e+00    1.00000000e+00
1  5
    7.45000000e-01    1.00000000e+00
1  5
    1.28110000e+01    1.00000000e+00
