22
10  0
    1.09056171e+06    1.21424497e-05
    1.63316395e+05    9.43952926e-05
    3.71666075e+04    4.96222622e-04
    1.05268809e+04    2.09000407e-03
    3.43399760e+03    7.54892300e-03
    1.23953605e+03    2.40104239e-02
    4.83274562e+02    6.72314737e-02
    2.00169116e+02    1.59786699e-01
    8.69603948e+01    2.97359068e-01
    3.92112834e+01    3.61871718e-01
3  0
    3.36758837e+02    1.91547211e-02
    1.03721798e+02    1.71340791e-01
    3.97718612e+01    6.36896560e-01
1  0
    1.78886130e+01    1.00000000e+00
1  0
    6.96445569e+00    1.00000000e+00
1  0
    3.21980921e+00    1.00000000e+00
1  0
    1.46699440e+00    1.00000000e+00
1  0
    4.77654375e-01    1.00000000e+00
1  0
    2.16377892e-01    1.00000000e+00
1  0
    9.02358943e-02    1.00000000e+00
8  1
    2.01967114e+03    2.13591724e-04
    4.78601251e+02    1.85687714e-03
    1.55149425e+02    1.00706901e-02
    5.88163566e+01    3.96051537e-02
    2.45445128e+01    1.17360678e-01
    1.08835711e+01    2.49505406e-01
    4.96247913e+00    3.64212880e-01
    2.30029123e+00    3.17641271e-01
2  1
    5.93713450e+01    3.94329180e-01
    3.06945910e+00   -6.35229604e+00
1  1
    1.06344017e+00    1.00000000e+00
1  1
    4.50221522e-01    1.00000000e+00
1  1
    1.82672713e-01    1.00000000e+00
1  1
    7.16103338e-02    1.00000000e+00
1  2
    3.34300000e+00    1.00000000e+00
1  2
    8.07000000e-01    1.00000000e+00
1  2
    3.65000000e-01    1.00000000e+00
1  2
    1.54000000e-01    1.00000000e+00
1  3
    2.80000000e-01    1.00000000e+00
1  3
    7.03000000e-01    1.00000000e+00
1  4
    5.97000000e-01    1.00000000e+00
