13
7  0
    5.24269992e+04    5.52071641e-04
    7.86326606e+03    4.26785953e-03
    1.78952273e+03    2.19315292e-02
    5.06273002e+02    8.56671684e-02
    1.64606985e+02    2.48406866e-01
    5.83919187e+01    4.63367540e-01
    2.16436632e+01    3.53505582e-01
3  0
    9.90138376e+01    2.18956800e-02
    3.05504398e+01    9.56504703e-02
    5.45370877e+00   -2.94542702e-01
2  0
    2.65033626e+00    1.32943812e+00
    1.27266889e+00    6.61093965e-01
1  0
    3.16450052e-01    1.00000000e+00
1  0
    1.14174669e-01    1.00000000e+00
5  1
    4.72272192e+02    2.57106231e-03
    1.11588828e+02    2.02502980e-02
    3.54459364e+01    9.15807168e-02
    1.29907769e+01    2.57494540e-01
    5.04862217e+00    4.28628998e-01
1  1
    1.99340496e+00    1.00000000e+00
1  1
    6.65272844e-01    1.00000000e+00
1  1
    2.55168321e-01    1.00000000e+00
1  1
    9.03577623e-02    1.00000000e+00
2  2
    3.12000000e+00    2.00000000e-01
    6.48000000e-01    1.00000000e+00
1  2
    2.18000000e-01    1.00000000e+00
1  3
    4.52000000e-01    1.00000000e+00
