17
1  0
    1.31070000e+04    1.00000000e+00
1  0
    2.62100000e+03    1.00000000e+00
1  0
    6.55000000e+02    1.00000000e+00
1  0
    1.64000000e+02    1.00000000e+00
1  0
    4.10000000e+01    1.00000000e+00
1  0
    1.30000000e+01    1.00000000e+00
1  1
    1.30000000e+01    1.00000000e+00
1  0
    2.60000000e+00    1.00000000e+00
1  1
    2.60000000e+00    1.00000000e+00
1  0
    6.40000000e-01    1.00000000e+00
1  1
    6.40000000e-01    1.00000000e+00
1  0
    1.60000000e-01    1.00000000e+00
1  1
    1.60000000e-01    1.00000000e+00
1  2
    1.30000000e+01    1.00000000e+00
1  2
    2.60000000e+00    1.00000000e+00
1  2
    6.40000000e-01    1.00000000e+00
1  2
    1.60000000e-01    1.00000000e+00
