10
7  0
    4.29350000e+04    7.52785000e-04
    6.44096000e+03    5.81373000e-03
    1.46593000e+03    2.97343000e-02
    4.14633000e+02    1.14103000e-01
    1.34352000e+02    3.16639000e-01
    4.78530000e+01    5.00000000e-01
    1.77901000e+01    2.95746000e-01
3  0
    4.01290000e+01   -8.51856000e-02
    4.24426000e+00    5.44565000e-01
    1.61512000e+00    5.00000000e-01
1  0
    2.88756000e-01    1.00000000e+00
1  0
    1.01283000e-01    1.00000000e+00
5  1
    2.39396000e+03    3.07025000e-04
    3.68301000e+02    5.91245000e-03
    8.63905000e+01    4.80852000e-02
    2.73110000e+01    1.99862000e-01
    9.92546000e+00    5.00000000e-01
1  1
    3.77674000e+00    1.00000000e+00
1  1
    1.43914000e+00    1.00000000e+00
1  1
    3.86654000e-01    1.00000000e+00
1  1
    1.11644000e-01    1.00000000e+00
1  2
    5.00000000e-01    1.00000000e+00
