7
5  0
    7.98861000e+03    5.70562000e-03
    1.20192000e+03    4.27118000e-02
    2.73161000e+02    1.92333000e-01
    7.62657000e+01    5.00000000e-01
    2.38570000e+01    4.59677000e-01
2  0
    3.50611000e+00    5.00000000e-01
    1.26861000e+00    2.53994000e-01
1  0
    3.00248000e-01    1.00000000e+00
1  0
    1.09045000e-01    1.00000000e+00
5  1
    7.34958000e+02    1.59537000e-03
    1.13070000e+02    2.75037000e-02
    2.61165000e+01    1.73028000e-01
    7.77601000e+00    4.61830000e-01
    2.43759000e+00    5.00000000e-01
1  1
    5.76178000e-01    1.00000000e+00
1  1
    1.52688000e-01    1.00000000e+00
