30
14  0
    5.96579000e+06    2.16386000e-06
    8.93793000e+05    1.67910000e-05
    2.03761000e+05    8.80959000e-05
    5.78637000e+04    3.70827000e-04
    1.89280000e+04    1.34693000e-03
    6.85081000e+03    4.38172000e-03
    2.67831000e+03    1.30145000e-02
    1.11333000e+03    3.55500000e-02
    4.86327000e+02    8.86143000e-02
    2.20774000e+02    1.94855000e-01
    1.03557000e+02    3.61500000e-01
    4.93434000e+01    5.00000000e-01
    2.37206000e+01    3.99048000e-01
    1.14226000e+01    1.17537000e-01
5  0
    2.35278000e+02   -5.25774000e-03
    7.37171000e+01   -3.95662000e-02
    2.79575000e+01   -1.09198000e-01
    5.57984000e+00    3.37407000e-01
    2.56989000e+00    5.00000000e-01
2  0
    3.67567000e+00    1.70946000e-01
    1.38706000e+00    5.00000000e-01
1  0
    8.73722000e-01    1.00000000e+00
1  0
    3.53286000e-01    1.00000000e+00
1  0
    1.60212000e-01    1.00000000e+00
1  0
    7.05645000e-02    1.00000000e+00
7  1
    5.03654000e+04    9.79729000e-06
    7.74853000e+03    2.00058000e-04
    1.83575000e+03    1.85806000e-03
    5.96685000e+02    1.07118000e-02
    2.27154000e+02    4.85995000e-02
    9.45463000e+01    1.80919000e-01
    4.35847000e+01    5.00000000e-01
1  1
    2.10489000e+01    1.00000000e+00
1  1
    1.05794000e+01    1.00000000e+00
1  1
    5.47778000e+00    1.00000000e+00
1  1
    2.92724000e+00    1.00000000e+00
1  1
    1.56529000e+00    1.00000000e+00
1  1
    8.35185000e-01    1.00000000e+00
1  1
    4.03822000e-01    1.00000000e+00
1  1
    1.92936000e-01    1.00000000e+00
1  1
    9.02332000e-02    1.00000000e+00
1  1
    3.95397000e-02    1.00000000e+00
1  2
    2.12300000e+01    1.00000000e+00
1  2
    6.07000000e+00    1.00000000e+00
1  2
    2.09000000e+00    1.00000000e+00
1  2
    7.50000000e-01    1.00000000e+00
1  2
    3.25000000e-01    1.00000000e+00
1  2
    1.35000000e-01    1.00000000e+00
1  3
    3.12000000e+00    1.00000000e+00
1  3
    7.30000000e-01    1.00000000e+00
1  3
    3.00000000e-01    1.00000000e+00
1  4
    1.55000000e+00    1.00000000e+00
1  4
    5.20000000e-01    1.00000000e+00
1  5
    8.70000000e-01    1.00000000e+00
