22
11  0
    8.66084000e+05    2.34863000e-05
    1.29724000e+05    1.82550000e-04
    2.95299000e+04    9.58818000e-04
    8.36806000e+03    4.03315000e-03
    2.73130000e+03    1.45229000e-02
    9.86418000e+02    4.58816000e-02
    3.84999000e+02    1.25730000e-01
    1.58950000e+02    2.87691000e-01
    6.88257000e+01    4.88132000e-01
    3.07827000e+01    5.00000000e-01
    1.37974000e+01    2.01500000e-01
5  0
    2.33239000e+02   -5.18782000e-03
    7.31494000e+01   -3.87465000e-02
    2.78301000e+01   -1.05629000e-01
    5.58310000e+00    3.31375000e-01
    2.50585000e+00    5.00000000e-01
2  0
    3.53206000e+00    1.80143000e-01
    1.24707000e+00    5.00000000e-01
1  0
    6.65884000e-01    1.00000000e+00
1  0
    2.51973000e-01    1.00000000e+00
1  0
    9.66409000e-02    1.00000000e+00
6  1
    1.83416000e+04    3.69307000e-05
    2.82179000e+03    7.50121000e-04
    6.68877000e+02    6.86309000e-03
    2.16902000e+02    3.81426000e-02
    8.14129000e+01    1.63988000e-01
    3.39977000e+01    5.00000000e-01
1  1
    1.52309000e+01    1.00000000e+00
1  1
    7.05993000e+00    1.00000000e+00
1  1
    3.31474000e+00    1.00000000e+00
1  1
    1.53501000e+00    1.00000000e+00
1  1
    6.67849000e-01    1.00000000e+00
1  1
    3.00404000e-01    1.00000000e+00
1  1
    1.28611000e-01    1.00000000e+00
1  1
    5.11801000e-02    1.00000000e+00
1  2
    7.71000000e+00    1.00000000e+00
1  2
    2.03000000e+00    1.00000000e+00
1  2
    6.00000000e-01    1.00000000e+00
1  2
    2.20000000e-01    1.00000000e+00
1  3
    1.34000000e+00    1.00000000e+00
1  3
    4.50000000e-01    1.00000000e+00
1  4
    7.20000000e-01    1.00000000e+00
