12
5  0
    9.10490495e+04    2.53801747e-04
    1.36492489e+04    1.96712390e-03
    3.10594321e+03    1.02160630e-02
    8.78259826e+02    4.13991620e-02
    2.84633929e+02    1.33754150e-01
1  0
    1.01206100e+02    1.00000000e+00
2  0
    3.89778414e+01    4.54161130e-01
    1.60484941e+01    2.07421980e-01
1  0
    4.72253391e+00    1.00000000e+00
1  0
    1.78252219e+00    1.00000000e+00
1  0
    3.39629679e-01    1.00000000e+00
1  0
    1.23338598e-01    1.00000000e+00
5  1
    5.28443893e+02   -2.28151902e-03
    1.24971500e+02   -1.81836420e-02
    3.97957092e+01   -8.39407005e-02
    1.46575450e+01   -2.46047139e-01
    5.75788928e+00   -4.36556675e-01
1  1
    2.31232010e+00    1.00000000e+00
1  1
    8.89937810e-01    1.00000000e+00
1  1
    3.04671499e-01    1.00000000e+00
1  1
    1.00781540e-01    1.00000000e+00
