27
1  0
    8.95044519e+03    1.00000000e+00
1  0
    3.08625004e+03    1.00000000e+00
1  0
    1.11645195e+03    1.00000000e+00
1  0
    4.22838067e+02    1.00000000e+00
1  0
    1.67247177e+02    1.00000000e+00
1  0
    6.88862804e+01    1.00000000e+00
1  0
    2.94470080e+01    1.00000000e+00
1  0
    1.30147173e+01    1.00000000e+00
1  0
    5.92207598e+00    1.00000000e+00
1  0
    2.76147267e+00    1.00000000e+00
1  0
    1.31297670e+00    1.00000000e+00
1  0
    6.33156260e-01    1.00000000e+00
1  0
    3.07956540e-01    1.00000000e+00
1  0
    1.50216150e-01    1.00000000e+00
1  1
    1.06100703e+01    1.00000000e+00
1  1
    3.39724890e+00    1.00000000e+00
1  1
    1.08213360e+00    1.00000000e+00
1  1
    3.43626500e-01    1.00000000e+00
1  1
    1.09004400e-01    1.00000000e+00
1  2
    5.55755930e+00    1.00000000e+00
1  2
    2.60332400e+00    1.00000000e+00
1  2
    1.23785890e+00    1.00000000e+00
1  2
    5.93964600e-01    1.00000000e+00
1  2
    2.85873200e-01    1.00000000e+00
1  3
    1.02620410e+00    1.00000000e+00
1  3
    2.95941400e-01    1.00000000e+00
1  4
    5.51084400e-01    1.00000000e+00
