17
9  0
    5.44675000e+02    3.19000000e-04
    3.65128000e+01    2.42140000e-02
    2.27761000e+01   -1.85466000e-01
    1.42262000e+01    5.46090000e-01
    6.89500000e+00   -8.70515000e-01
    4.30969000e+00   -2.03578000e-01
    1.80085000e+00    9.08924000e-01
    8.90768000e-01    5.32000000e-01
    6.32880000e-02    1.05200000e-03
9  0
    5.44675000e+02   -1.46000000e-04
    3.65128000e+01   -8.34800000e-03
    2.27761000e+01    6.94480000e-02
    1.42262000e+01   -2.20729000e-01
    6.89500000e+00    4.00345000e-01
    4.30969000e+00    6.29640000e-02
    1.80085000e+00   -5.31559000e-01
    8.90768000e-01   -4.47946000e-01
    6.32880000e-02    2.44099000e-01
1  0
    3.18968000e-01    1.00000000e+00
1  0
    1.48352000e-01    1.00000000e+00
1  0
    6.81000000e-02    1.00000000e+00
1  0
    2.51000000e-02    1.00000000e+00
9  1
    1.86489000e+01   -1.78000000e-02
    1.16679000e+01    1.79357000e-01
    7.29349000e+00   -4.16725000e-01
    2.02849000e+00    5.59518000e-01
    1.04097000e+00    4.92518000e-01
    5.14190000e-01    1.32370000e-01
    2.28651000e-01    8.05900000e-03
    9.58280000e-02    7.99000000e-04
    3.92290000e-02   -2.70000000e-05
9  1
    1.86489000e+01    3.09300000e-03
    1.16679000e+01   -4.53160000e-02
    7.29349000e+00    1.17392000e-01
    2.02849000e+00   -2.00762000e-01
    1.04097000e+00   -1.84882000e-01
    5.14190000e-01   -5.41200000e-03
    2.28651000e-01    3.69878000e-01
    9.58280000e-02    5.46891000e-01
    3.92290000e-02    2.29493000e-01
1  1
    3.69600000e-01    1.00000000e+00
1  1
    5.86000000e-02    1.00000000e+00
1  1
    2.08000000e-02    1.00000000e+00
6  2
    6.13970000e+01    3.25000000e-04
    1.23735000e+01    1.32110000e-02
    6.92686000e+00   -7.27810000e-02
    2.33087000e+00    2.69721000e-01
    1.21019000e+00    4.26586000e-01
    6.00516000e-01    3.38139000e-01
1  2
    2.80787000e-01    1.00000000e+00
1  2
    1.09300000e-01    1.00000000e+00
1  2
    4.04000000e-02    1.00000000e+00
1  3
    2.90000000e-01    1.00000000e+00
1  3
    1.11600000e-01    1.00000000e+00
