61
1  0
    4.44913000e+01    1.00000000e+00
1  0
    2.97752000e+01    1.00000000e+00
1  0
    1.70527000e+01    1.00000000e+00
1  0
    8.90229000e+00    1.00000000e+00
1  0
    6.13622000e+00    1.00000000e+00
1  0
    3.26280000e+00    1.00000000e+00
1  0
    1.72067000e+00    1.00000000e+00
1  0
    9.63640000e-01    1.00000000e+00
1  0
    5.70609000e-01    1.00000000e+00
1  0
    3.41145000e-01    1.00000000e+00
1  0
    2.43575000e-01    1.00000000e+00
1  0
    1.41944000e-01    1.00000000e+00
1  0
    7.57484000e-02    1.00000000e+00
1  1
    2.81590000e+01    1.00000000e+00
1  1
    1.20303000e+01    1.00000000e+00
1  1
    8.04124000e+00    1.00000000e+00
1  1
    6.05887000e+00    1.00000000e+00
1  1
    3.21984000e+00    1.00000000e+00
1  1
    1.90931000e+00    1.00000000e+00
1  1
    1.00863000e+00    1.00000000e+00
1  1
    6.20678000e-01    1.00000000e+00
1  1
    4.27239000e-01    1.00000000e+00
1  1
    2.87578000e-01    1.00000000e+00
1  1
    1.64380000e-01    1.00000000e+00
1  1
    9.14886000e-02    1.00000000e+00
1  2
    2.39193000e+01    1.00000000e+00
1  2
    1.25417000e+01    1.00000000e+00
1  2
    8.16700000e+00    1.00000000e+00
1  2
    3.94290000e+00    1.00000000e+00
1  2
    2.47223000e+00    1.00000000e+00
1  2
    1.36538000e+00    1.00000000e+00
1  2
    7.39411000e-01    1.00000000e+00
1  2
    4.44271000e-01    1.00000000e+00
1  2
    2.87183000e-01    1.00000000e+00
1  2
    1.76137000e-01    1.00000000e+00
1  2
    8.09153000e-02    1.00000000e+00
1  3
    1.60348000e+01    1.00000000e+00
1  3
    7.30746000e+00    1.00000000e+00
1  3
    3.76479000e+00    1.00000000e+00
1  3
    2.30747000e+00    1.00000000e+00
1  3
    1.25003000e+00    1.00000000e+00
1  3
    6.99861000e-01    1.00000000e+00
1  3
    4.26404000e-01    1.00000000e+00
1  3
    2.55755000e-01    1.00000000e+00
1  3
    1.41021000e-01    1.00000000e+00
1  4
    8.26553000e+00    1.00000000e+00
1  4
    3.94225000e+00    1.00000000e+00
1  4
    2.42680000e+00    1.00000000e+00
1  4
    1.24237000e+00    1.00000000e+00
1  4
    7.05101000e-01    1.00000000e+00
1  4
    3.99502000e-01    1.00000000e+00
1  4
    2.08179000e-01    1.00000000e+00
1  5
    5.38531000e+00    1.00000000e+00
1  5
    2.25782000e+00    1.00000000e+00
1  5
    1.16089000e+00    1.00000000e+00
1  5
    6.59261000e-01    1.00000000e+00
1  5
    3.63224000e-01    1.00000000e+00
1  6
    2.23778000e+00    1.00000000e+00
1  6
    1.12682000e+00    1.00000000e+00
1  6
    5.82502000e-01    1.00000000e+00
1  7
    1.10595000e+00    1.00000000e+00
