16
4  0
    5.91611244e+02    2.21265211e-04
    4.67572326e+01    5.69619591e-03
    2.07464627e+01   -2.13740638e-01
    1.46107964e+01    4.05026206e-01
2  0
    2.02226376e+01   -8.35418833e-02
    6.47673249e+00    9.79108924e-01
1  0
    1.66006009e+00    1.00000000e+00
1  0
    8.04316550e-01    1.00000000e+00
1  0
    2.26270390e-01    1.00000000e+00
1  0
    8.40145307e-02    1.00000000e+00
3  1
    1.51891021e+01    6.19523036e-01
    1.46931444e+01   -7.24984971e-01
    6.87058900e+00    3.76800080e-01
3  1
    2.20214261e+00    4.01962848e-01
    1.22091251e+00    4.60581319e-01
    6.33675598e-01    1.93676554e-01
1  1
    2.82028371e-01    1.00000000e+00
1  1
    1.13333757e-01    1.00000000e+00
1  1
    4.39487074e-02    1.00000000e+00
6  2
    6.13153696e+01    3.38708008e-04
    1.23721958e+01    1.37886839e-02
    6.92549450e+00   -7.59796081e-02
    2.33195399e+00    2.81137843e-01
    1.21087300e+00    4.44745123e-01
    6.00904785e-01    3.53268744e-01
1  2
    2.81358698e-01    1.00000000e+00
1  2
    1.15000000e-01    1.00000000e+00
1  3
    2.89620000e-01    1.00000000e+00
1  3
    1.00000000e+00    1.00000000e+00
