48
1  0
    2.80104161e+07    1.00000000e+00
1  0
    1.21840686e+07    1.00000000e+00
1  0
    5.40701276e+06    1.00000000e+00
1  0
    2.44741649e+06    1.00000000e+00
1  0
    1.12960593e+06    1.00000000e+00
1  0
    5.31480652e+05    1.00000000e+00
1  0
    2.54830536e+05    1.00000000e+00
1  0
    1.24471536e+05    1.00000000e+00
1  0
    6.19131485e+04    1.00000000e+00
1  0
    3.13485903e+04    1.00000000e+00
1  0
    1.61507066e+04    1.00000000e+00
1  0
    8.46266911e+03    1.00000000e+00
1  0
    4.50772183e+03    1.00000000e+00
1  0
    2.43960696e+03    1.00000000e+00
1  0
    1.34079421e+03    1.00000000e+00
1  0
    7.47890043e+02    1.00000000e+00
1  0
    4.23143796e+02    1.00000000e+00
1  0
    2.42684195e+02    1.00000000e+00
1  0
    1.40998529e+02    1.00000000e+00
1  0
    8.29299398e+01    1.00000000e+00
1  0
    4.93428241e+01    1.00000000e+00
1  0
    2.96779036e+01    1.00000000e+00
1  0
    1.80305344e+01    1.00000000e+00
1  0
    1.10562837e+01    1.00000000e+00
1  0
    6.83729040e+00    1.00000000e+00
1  0
    4.26062139e+00    1.00000000e+00
1  0
    2.67305065e+00    1.00000000e+00
1  0
    1.68698145e+00    1.00000000e+00
1  0
    1.07003756e+00    1.00000000e+00
1  0
    6.81528730e-01    1.00000000e+00
1  0
    4.35483490e-01    1.00000000e+00
1  0
    2.78909750e-01    1.00000000e+00
1  0
    1.78879060e-01    1.00000000e+00
1  0
    1.14777500e-01    1.00000000e+00
1  1
    9.90124100e+00    1.00000000e+00
1  1
    3.98739250e+00    1.00000000e+00
1  1
    1.58506380e+00    1.00000000e+00
1  1
    6.25251000e-01    1.00000000e+00
1  1
    2.46009000e-01    1.00000000e+00
1  2
    2.53859390e+00    1.00000000e+00
1  2
    1.11785180e+00    1.00000000e+00
1  2
    5.01343400e-01    1.00000000e+00
1  2
    2.27370200e-01    1.00000000e+00
1  2
    1.03504500e-01    1.00000000e+00
1  3
    1.27551200e+00    1.00000000e+00
1  3
    5.72784800e-01    1.00000000e+00
1  3
    2.58427700e-01    1.00000000e+00
1  4
    5.88071900e-01    1.00000000e+00
