14
3  0
    1.07287400e+04    6.14290000e-02
    1.62407400e+03    3.68328000e-01
    3.56793700e+02    6.89503000e-01
3  0
    4.82478300e+02   -1.12679000e-01
    1.05059000e+02    8.46120000e-02
    3.36814500e+01    9.68787000e-01
3  1
    4.82478300e+02    1.51079000e-01
    1.05059000e+02    6.05092000e-01
    3.36814500e+01    4.03980000e-01
3  0
    3.01865400e+01   -1.41854700e+00
    2.71664200e+01    1.22944400e+00
    5.63593400e+00    1.05708300e+00
3  1
    3.01865400e+01   -1.70981700e+00
    2.71664200e+01    2.04930800e+00
    5.63593400e+00    7.18630000e-01
3  0
    5.47537400e+00   -4.17261000e-01
    1.99760400e+00    4.70588000e-01
    7.43930000e-01    8.04636000e-01
3  1
    5.47537400e+00    1.15840000e-02
    1.99760400e+00    4.97455000e-01
    7.43930000e-01    5.65527000e-01
2  0
    8.90163000e-01   -2.78432000e-01
    9.28210000e-02    1.09302800e+00
2  1
    8.90163000e-01   -1.27200000e-03
    9.28210000e-02    1.00033200e+00
1  0
    3.37740000e-02    1.00000000e+00
1  1
    3.37740000e-02    1.00000000e+00
3  2
    8.42369100e+01    1.25643000e-01
    2.32491900e+01    4.93720000e-01
    7.19676000e+00    5.80343000e-01
2  2
    3.47307700e+00    3.28154000e-01
    1.14805000e+00    7.68027000e-01
1  2
    3.54811000e-01    1.00000000e+00
