16
7  0
    2.08123000e+02    7.27000000e-04
    2.28525000e+01   -4.09280000e-02
    1.42986000e+01    1.92285000e-01
    5.48801000e+00   -6.50104000e-01
    1.32532000e+00    8.56553000e-01
    5.98957000e-01    4.43876000e-01
    1.20983000e-01    1.78500000e-02
7  0
    2.08123000e+02   -1.89000000e-04
    2.28525000e+01    9.81800000e-03
    1.42986000e+01   -5.28760000e-02
    5.48801000e+00    2.03511000e-01
    1.32532000e+00   -3.63935000e-01
    5.98957000e-01   -2.58219000e-01
    1.20983000e-01    5.70432000e-01
7  0
    2.08123000e+02    8.00000000e-04
    2.28525000e+01   -4.17810000e-02
    1.42986000e+01    1.59362000e-01
    5.48801000e+00   -5.23123000e-01
    1.32532000e+00    1.49177300e+00
    5.98957000e-01   -7.91696000e-01
    1.20983000e-01   -1.51725400e+00
1  0
    4.34590000e-02    1.00000000e+00
1  0
    1.56000000e-02    1.00000000e+00
6  1
    1.40509000e+01    3.79970000e-02
    7.13906000e+00   -2.04077000e-01
    1.83007000e+00    5.13768000e-01
    8.58335000e-01    4.94240000e-01
    3.77275000e-01    1.40291000e-01
    1.25696000e-01    5.15700000e-03
6  1
    1.40509000e+01   -9.31300000e-03
    7.13906000e+00    5.46710000e-02
    1.83007000e+00   -1.66161000e-01
    8.58335000e-01   -1.85842000e-01
    3.77275000e-01    7.31610000e-02
    1.25696000e-01    5.86172000e-01
6  1
    1.40509000e+01   -1.86030000e-02
    7.13906000e+00    1.09865000e-01
    1.83007000e+00   -3.66400000e-01
    8.58335000e-01   -3.47316000e-01
    3.77275000e-01    4.82034000e-01
    1.25696000e-01    7.09640000e-01
1  1
    4.26590000e-02    1.00000000e+00
1  1
    1.45000000e-02    1.00000000e+00
5  2
    1.92539000e+01    6.62400000e-03
    1.05848000e+01   -1.84110000e-02
    2.45619000e+00    2.63396000e-01
    1.03529000e+00    4.52448000e-01
    4.02008000e-01    3.75833000e-01
5  2
    1.92539000e+01   -7.83900000e-03
    1.05848000e+01    2.18380000e-02
    2.45619000e+00   -3.69155000e-01
    1.03529000e+00   -4.30959000e-01
    4.02008000e-01    3.74965000e-01
1  2
    1.37057000e-01    1.00000000e+00
1  2
    4.67000000e-02    1.00000000e+00
1  3
    1.14840000e+00    1.00000000e+00
1  3
    3.78800000e-01    1.00000000e+00
