22
9  0
    2.47202000e+02    6.24000000e-04
    2.07937000e+01   -5.01980000e-02
    1.30019000e+01    2.96242000e-01
    8.12562000e+00   -2.64015000e-01
    4.88842000e+00   -5.03715000e-01
    1.39206000e+00    8.17743000e-01
    6.38382000e-01    4.96409000e-01
    1.58828000e-01    3.23180000e-02
    7.57930000e-02   -1.10230000e-02
9  0
    2.47202000e+02   -2.00000000e-04
    2.07937000e+01    1.58670000e-02
    1.30019000e+01   -9.68700000e-02
    8.12562000e+00    1.01716000e-01
    4.88842000e+00    1.43491000e-01
    1.39206000e+00   -3.29174000e-01
    6.38382000e-01   -2.99631000e-01
    1.58828000e-01    2.59150000e-01
    7.57930000e-02    5.99329000e-01
9  0
    2.47202000e+02   -2.89000000e-04
    2.07937000e+01    1.00490000e-02
    1.30019000e+01   -1.05542000e-01
    8.12562000e+00    2.55180000e-02
    4.88842000e+00    5.19683000e-01
    1.39206000e+00   -1.41742200e+00
    6.38382000e-01    4.31803000e-01
    1.58828000e-01    1.85634600e+00
    7.57930000e-02   -9.62634000e-01
9  0
    2.47202000e+02   -8.06000000e-04
    2.07937000e+01    6.73350000e-02
    1.30019000e+01   -3.97207000e-01
    8.12562000e+00    4.58351000e-01
    4.88842000e+00    5.57095000e-01
    1.39206000e+00   -3.23520700e+00
    6.38382000e-01    3.43445000e+00
    1.58828000e-01   -8.47843000e-01
    7.57930000e-02   -1.37724100e+00
1  0
    3.31840000e-02    1.00000000e+00
1  0
    1.45000000e-02    1.00000000e+00
8  1
    2.48824000e+01   -1.72200000e-03
    1.55517000e+01    3.15340000e-02
    6.92343000e+00   -2.01062000e-01
    1.92286000e+00    4.52572000e-01
    9.71191000e-01    4.79947000e-01
    4.76919000e-01    2.04045000e-01
    1.93866000e-01    2.25170000e-02
    7.87920000e-02   -6.14000000e-04
8  1
    2.48824000e+01   -2.12000000e-04
    1.55517000e+01   -6.80100000e-03
    6.92343000e+00    5.39880000e-02
    1.92286000e+00   -1.48671000e-01
    9.71191000e-01   -1.66744000e-01
    4.76919000e-01   -3.47260000e-02
    1.93866000e-01    3.26321000e-01
    7.87920000e-02    5.59976000e-01
8  1
    2.48824000e+01    2.58000000e-04
    1.55517000e+01   -1.65210000e-02
    6.92343000e+00    1.20805000e-01
    1.92286000e+00   -3.64275000e-01
    9.71191000e-01   -3.80740000e-01
    4.76919000e-01    2.89059000e-01
    1.93866000e-01    6.82454000e-01
    7.87920000e-02    2.58514000e-01
8  1
    2.48824000e+01    3.43200000e-03
    1.55517000e+01   -3.45360000e-02
    6.92343000e+00    2.16250000e-01
    1.92286000e+00   -8.69285000e-01
    9.71191000e-01   -2.96299000e-01
    4.76919000e-01    1.52269600e+00
    1.93866000e-01   -2.63822000e-01
    7.87920000e-02   -7.59892000e-01
1  1
    3.16530000e-02    1.00000000e+00
1  1
    1.27000000e-02    1.00000000e+00
7  2
    2.90204000e+01    2.17200000e-03
    6.41149000e+00   -4.79580000e-02
    3.99736000e+00    1.03343000e-01
    1.88742000e+00    2.93210000e-01
    9.13208000e-01    3.71687000e-01
    4.25675000e-01    3.06456000e-01
    1.87727000e-01    1.66629000e-01
7  2
    2.90204000e+01   -2.35200000e-03
    6.41149000e+00    5.44140000e-02
    3.99736000e+00   -1.26309000e-01
    1.88742000e+00   -3.97795000e-01
    9.13208000e-01   -2.96433000e-01
    4.25675000e-01    2.61717000e-01
    1.87727000e-01    5.37689000e-01
7  2
    2.90204000e+01    3.76100000e-03
    6.41149000e+00   -9.67630000e-02
    3.99736000e+00    2.51919000e-01
    1.88742000e+00    7.03930000e-01
    9.13208000e-01   -3.28375000e-01
    4.25675000e-01   -8.38100000e-01
    1.87727000e-01    3.24253000e-01
1  2
    7.57900000e-02    1.00000000e+00
1  2
    3.06000000e-02    1.00000000e+00
1  3
    2.23290000e+00    1.00000000e+00
1  3
    6.38400000e-01    1.00000000e+00
1  3
    2.44400000e-01    1.00000000e+00
1  4
    1.37210000e+00    1.00000000e+00
1  4
    5.97900000e-01    1.00000000e+00
