30
15  0
    2.32058000e+04    4.00000000e-06
    3.77139000e+03    2.60000000e-05
    8.44999000e+02    1.31000000e-04
    2.25944000e+02    4.11000000e-04
    3.88963000e+01    9.05000000e-03
    2.41744000e+01   -7.04390000e-02
    1.50365000e+01    2.20502000e-01
    6.37339000e+00   -3.87008000e-01
    3.98044000e+00   -3.79799000e-01
    1.91370000e+00    4.29568000e-01
    1.04685000e+00    6.84381000e-01
    5.41124000e-01    2.88287000e-01
    2.19604000e-01    2.21970000e-02
    1.11243000e-01   -1.59600000e-03
    5.34930000e-02    2.74200000e-03
15  0
    2.32058000e+04   -1.00000000e-06
    3.77139000e+03   -8.00000000e-06
    8.44999000e+02   -4.00000000e-05
    2.25944000e+02   -1.36000000e-04
    3.88963000e+01   -2.48600000e-03
    2.41744000e+01    2.01470000e-02
    1.50365000e+01   -6.62560000e-02
    6.37339000e+00    1.32587000e-01
    3.98044000e+00    1.09239000e-01
    1.91370000e+00   -1.62767000e-01
    1.04685000e+00   -2.96000000e-01
    5.41124000e-01   -2.16096000e-01
    2.19604000e-01    9.63740000e-02
    1.11243000e-01    4.55837000e-01
    5.34930000e-02    4.98975000e-01
15  0
    2.32058000e+04   -3.00000000e-06
    3.77139000e+03   -1.80000000e-05
    8.44999000e+02   -9.10000000e-05
    2.25944000e+02   -2.83000000e-04
    3.88963000e+01   -5.74600000e-03
    2.41744000e+01    4.44640000e-02
    1.50365000e+01   -1.44538000e-01
    6.37339000e+00    2.91197000e-01
    3.98044000e+00    2.76286000e-01
    1.91370000e+00   -4.60150000e-01
    1.04685000e+00   -1.13304100e+00
    5.41124000e-01    4.92423000e-01
    2.19604000e-01    1.37664800e+00
    1.11243000e-01    4.84350000e-02
    5.34930000e-02   -6.25979000e-01
15  0
    2.32058000e+04   -3.00000000e-06
    3.77139000e+03   -2.90000000e-05
    8.44999000e+02   -1.14000000e-04
    2.25944000e+02   -5.17000000e-04
    3.88963000e+01   -4.56400000e-03
    2.41744000e+01    4.89840000e-02
    1.50365000e+01   -1.84682000e-01
    6.37339000e+00    3.14692000e-01
    3.98044000e+00    8.16390000e-01
    1.91370000e+00   -1.87794100e+00
    1.04685000e+00   -1.14204600e+00
    5.41124000e-01    3.04749400e+00
    2.19604000e-01   -1.04995000e-01
    1.11243000e-01   -2.04872300e+00
    5.34930000e-02    3.85194000e-01
15  0
    2.32058000e+04    5.00000000e-06
    3.77139000e+03    5.00000000e-05
    8.44999000e+02    1.36000000e-04
    2.25944000e+02    9.53000000e-04
    3.88963000e+01    1.24000000e-04
    2.41744000e+01   -4.60830000e-02
    1.50365000e+01    2.37165000e-01
    6.37339000e+00   -3.98476000e-01
    3.98044000e+00   -1.83267800e+00
    1.91370000e+00    6.87248800e+00
    1.04685000e+00   -6.17831500e+00
    5.41124000e-01   -2.24868000e-01
    2.19604000e-01    4.61564800e+00
    1.11243000e-01   -3.46608500e+00
    5.34930000e-02   -4.54108000e-01
15  0
    2.32058000e+04    2.10000000e-05
    3.77139000e+03   -4.40000000e-05
    8.44999000e+02    1.14200000e-03
    2.25944000e+02   -2.52700000e-03
    3.88963000e+01    1.58501000e-01
    2.41744000e+01   -7.12976000e-01
    1.50365000e+01    1.49918500e+00
    6.37339000e+00   -4.69444700e+00
    3.98044000e+00    4.51884200e+00
    1.91370000e+00    4.64444100e+00
    1.04685000e+00   -1.25365850e+01
    5.41124000e-01    1.13925910e+01
    2.19604000e-01   -6.20202900e+00
    1.11243000e-01    1.09005700e+00
    5.34930000e-02    2.58224400e+00
1  0
    2.57800000e-02    1.00000000e+00
12  1
    1.35273000e+02    1.86000000e-04
    2.30761000e+01   -4.27100000e-03
    1.44134000e+01    5.72330000e-02
    9.00419000e+00   -1.14179000e-01
    5.41584000e+00   -1.39311000e-01
    2.35079000e+00    2.75996000e-01
    1.33440000e+00    4.53404000e-01
    7.33547000e-01    3.30952000e-01
    3.90166000e-01    1.13291000e-01
    1.88557000e-01    1.33410000e-02
    9.14820000e-02    8.83000000e-04
    4.43940000e-02    1.70000000e-04
12  1
    1.35273000e+02    5.20000000e-05
    2.30761000e+01   -1.11700000e-03
    1.44134000e+01    1.58880000e-02
    9.00419000e+00   -3.39130000e-02
    5.41584000e+00   -3.59330000e-02
    2.35079000e+00    8.98220000e-02
    1.33440000e+00    1.46978000e-01
    7.33547000e-01    1.25176000e-01
    3.90166000e-01   -2.86040000e-02
    1.88557000e-01   -2.72707000e-01
    9.14820000e-02   -4.43789000e-01
    4.43940000e-02   -3.36910000e-01
12  1
    1.35273000e+02   -1.04000000e-04
    2.30761000e+01    1.97400000e-03
    1.44134000e+01   -3.21810000e-02
    9.00419000e+00    6.79970000e-02
    5.41584000e+00    8.79620000e-02
    2.35079000e+00   -2.18022000e-01
    1.33440000e+00   -3.79821000e-01
    7.33547000e-01   -1.55592000e-01
    3.90166000e-01    3.62010000e-01
    1.88557000e-01    5.65506000e-01
    9.14820000e-02    2.57409000e-01
    4.43940000e-02    3.54870000e-02
12  1
    1.35273000e+02   -1.31000000e-04
    2.30761000e+01    9.52000000e-04
    1.44134000e+01   -4.22710000e-02
    9.00419000e+00    8.63860000e-02
    5.41584000e+00    2.02409000e-01
    2.35079000e+00   -5.61967000e-01
    1.33440000e+00   -7.86671000e-01
    7.33547000e-01    6.59483000e-01
    3.90166000e-01    1.06801000e+00
    1.88557000e-01   -3.25627000e-01
    9.14820000e-02   -6.92484000e-01
    4.43940000e-02   -8.96270000e-02
12  1
    1.35273000e+02   -3.15000000e-04
    2.30761000e+01    7.07800000e-03
    1.44134000e+01   -9.21880000e-02
    9.00419000e+00    1.85870000e-01
    5.41584000e+00    3.62628000e-01
    2.35079000e+00   -1.90755300e+00
    1.33440000e+00    2.85031000e-01
    7.33547000e-01    2.65402800e+00
    3.90166000e-01   -1.69185100e+00
    1.88557000e-01   -9.00234000e-01
    9.14820000e-02    9.91957000e-01
    4.43940000e-02    1.50465000e-01
12  1
    1.35273000e+02    2.64100000e-03
    2.30761000e+01   -1.24041000e-01
    1.44134000e+01    6.94391000e-01
    9.00419000e+00   -1.60532900e+00
    5.41584000e+00    9.78774000e-01
    2.35079000e+00    3.73817100e+00
    1.33440000e+00   -7.02661300e+00
    7.33547000e-01    4.41999100e+00
    3.90166000e-01    2.26439000e-01
    1.88557000e-01   -2.03426800e+00
    9.14820000e-02    8.94802000e-01
    4.43940000e-02    2.62520000e-01
1  1
    2.13240000e-02    1.00000000e+00
10  2
    1.67087000e+02    6.70000000e-05
    5.00032000e+01    5.48000000e-04
    1.68214000e+01    4.80400000e-03
    8.37250000e+00   -2.60080000e-02
    3.25300000e+00    1.11788000e-01
    1.80999000e+00    2.53774000e-01
    9.77062000e-01    3.17815000e-01
    5.10875000e-01    2.84465000e-01
    2.57533000e-01    1.90223000e-01
    1.24094000e-01    8.40140000e-02
10  2
    1.67087000e+02   -7.10000000e-05
    5.00032000e+01   -6.69000000e-04
    1.68214000e+01   -5.09300000e-03
    8.37250000e+00    2.89100000e-02
    3.25300000e+00   -1.42036000e-01
    1.80999000e+00   -3.47204000e-01
    9.77062000e-01   -2.84098000e-01
    5.10875000e-01    1.17325000e-01
    2.57533000e-01    4.24237000e-01
    1.24094000e-01    3.95149000e-01
10  2
    1.67087000e+02   -1.38000000e-04
    5.00032000e+01   -7.62000000e-04
    1.68214000e+01   -9.05500000e-03
    8.37250000e+00    4.94340000e-02
    3.25300000e+00   -2.79134000e-01
    1.80999000e+00   -6.16523000e-01
    9.77062000e-01    1.95936000e-01
    5.10875000e-01    7.91673000e-01
    2.57533000e-01    1.20339000e-01
    1.24094000e-01   -5.73838000e-01
10  2
    1.67087000e+02   -4.51000000e-04
    5.00032000e+01    4.42000000e-04
    1.68214000e+01   -2.52640000e-02
    8.37250000e+00    1.21120000e-01
    3.25300000e+00   -8.24085000e-01
    1.80999000e+00   -4.45943000e-01
    9.77062000e-01    1.76014500e+00
    5.10875000e-01   -4.85957000e-01
    2.57533000e-01   -9.23515000e-01
    1.24094000e-01    3.64756000e-01
10  2
    1.67087000e+02    4.10000000e-04
    5.00032000e+01    8.16000000e-04
    1.68214000e+01    2.69820000e-02
    8.37250000e+00   -1.66932000e-01
    3.25300000e+00    1.91295400e+00
    1.80999000e+00   -2.16129500e+00
    9.77062000e-01   -3.29625000e-01
    5.10875000e-01    2.25944000e+00
    2.57533000e-01   -1.63679600e+00
    1.24094000e-01   -1.12948000e-01
1  2
    5.55480000e-02    1.00000000e+00
1  3
    6.05820000e+00    1.00000000e+00
1  3
    2.29290000e+00    1.00000000e+00
1  3
    8.67800000e-01    1.00000000e+00
1  3
    3.28400000e-01    1.00000000e+00
1  4
    3.05360000e+00    1.00000000e+00
1  4
    1.28450000e+00    1.00000000e+00
1  4
    5.40300000e-01    1.00000000e+00
1  5
    2.52020000e+00    1.00000000e+00
1  5
    9.49800000e-01    1.00000000e+00
1  6
    2.00510000e+00    1.00000000e+00
