23
13  0
    7.84489000e+03    1.50000000e-05
    1.16953000e+03    1.07000000e-04
    2.59644000e+02    4.12000000e-04
    3.92211000e+01    9.86400000e-03
    2.44934000e+01   -7.19220000e-02
    1.52969000e+01    2.12833000e-01
    6.03896000e+00   -4.54220000e-01
    3.76228000e+00   -2.99621000e-01
    1.80710000e+00    5.04612000e-01
    9.74305000e-01    6.62277000e-01
    4.97203000e-01    2.40681000e-01
    1.62020000e-01    1.26460000e-02
    7.14600000e-02   -4.72000000e-04
13  0
    7.84489000e+03   -5.00000000e-06
    1.16953000e+03   -3.30000000e-05
    2.59644000e+02   -1.35000000e-04
    3.92211000e+01   -2.71600000e-03
    2.44934000e+01    2.05170000e-02
    1.52969000e+01   -6.36890000e-02
    6.03896000e+00    1.55118000e-01
    3.76228000e+00    8.00520000e-02
    1.80710000e+00   -1.86570000e-01
    9.74305000e-01   -3.05499000e-01
    4.97203000e-01   -1.81309000e-01
    1.62020000e-01    3.03974000e-01
    7.14600000e-02    6.17764000e-01
13  0
    7.84489000e+03   -1.00000000e-05
    1.16953000e+03   -8.40000000e-05
    2.59644000e+02   -2.30000000e-04
    3.92211000e+01   -9.07400000e-03
    2.44934000e+01    5.63390000e-02
    1.52969000e+01   -1.56313000e-01
    6.03896000e+00    3.94367000e-01
    3.76228000e+00    1.18491000e-01
    1.80710000e+00   -3.91114000e-01
    9.74305000e-01   -1.39679800e+00
    4.97203000e-01    1.10112400e+00
    1.62020000e-01    1.31285400e+00
    7.14600000e-02   -6.57630000e-01
13  0
    7.84489000e+03    2.00000000e-06
    1.16953000e+03    1.50000000e-05
    2.59644000e+02    5.80000000e-05
    3.92211000e+01    1.29000000e-03
    2.44934000e+01   -9.20200000e-03
    1.52969000e+01    2.83700000e-02
    6.03896000e+00   -6.90030000e-02
    3.76228000e+00   -7.17590000e-02
    1.80710000e+00    2.54958000e-01
    9.74305000e-01    1.45193000e-01
    4.97203000e-01   -4.64757000e-01
    1.62020000e-01    2.24437000e-01
    7.14600000e-02    1.29175000e-01
13  0
    7.84489000e+03   -1.50000000e-05
    1.16953000e+03   -1.09000000e-04
    2.59644000e+02   -4.08000000e-04
    3.92211000e+01   -9.07800000e-03
    2.44934000e+01    6.48030000e-02
    1.52969000e+01   -1.99913000e-01
    6.03896000e+00    4.86689000e-01
    3.76228000e+00    5.06148000e-01
    1.80710000e+00   -1.80585200e+00
    9.74305000e-01   -1.00588900e+00
    4.97203000e-01    3.26701600e+00
    1.62020000e-01   -1.57641900e+00
    7.14600000e-02   -9.38299000e-01
1  0
    3.13100000e-02    1.00000000e+00
10  1
    9.88243000e+01    3.18000000e-04
    2.79859000e+01   -4.67100000e-03
    1.74873000e+01    2.92410000e-02
    6.78638000e+00   -1.99282000e-01
    1.98788000e+00    4.10139000e-01
    1.06573000e+00    4.47144000e-01
    5.83829000e-01    2.36221000e-01
    3.14636000e-01    6.24690000e-02
    1.35737000e-01    6.07500000e-03
    6.02770000e-02   -8.50000000e-05
10  1
    9.88243000e+01   -5.10000000e-05
    2.79859000e+01    6.78000000e-04
    1.74873000e+01   -6.67900000e-03
    6.78638000e+00    5.44150000e-02
    1.98788000e+00   -1.38202000e-01
    1.06573000e+00   -1.41000000e-01
    5.83829000e-01   -1.01071000e-01
    3.14636000e-01    1.26593000e-01
    1.35737000e-01    4.21120000e-01
    6.02770000e-02    4.72237000e-01
10  1
    9.88243000e+01   -1.66000000e-04
    2.79859000e+01    2.26600000e-03
    1.74873000e+01   -1.61180000e-02
    6.78638000e+00    1.21953000e-01
    1.98788000e+00   -3.40379000e-01
    1.06573000e+00   -3.28181000e-01
    5.83829000e-01   -3.30520000e-02
    3.14636000e-01    5.48795000e-01
    1.35737000e-01    5.33222000e-01
    6.02770000e-02    9.94340000e-02
10  1
    9.88243000e+01    4.19000000e-04
    2.79859000e+01   -5.88400000e-03
    1.74873000e+01    3.17000000e-02
    6.78638000e+00   -2.24040000e-01
    1.98788000e+00    8.65696000e-01
    1.06573000e+00    3.45280000e-01
    5.83829000e-01   -9.93172000e-01
    3.14636000e-01   -6.77552000e-01
    1.35737000e-01    7.73184000e-01
    6.02770000e-02    3.76531000e-01
10  1
    9.88243000e+01    9.00000000e-06
    2.79859000e+01   -1.32400000e-03
    1.74873000e+01    3.72040000e-02
    6.78638000e+00   -3.88246000e-01
    1.98788000e+00    2.63841300e+00
    1.06573000e+00   -2.74572900e+00
    5.83829000e-01   -6.38402000e-01
    3.14636000e-01    1.90456100e+00
    1.35737000e-01   -1.95481000e-01
    6.02770000e-02   -6.79862000e-01
1  1
    2.65400000e-02    1.00000000e+00
9  2
    7.83406000e+01    3.19000000e-04
    2.10235000e+01    3.16900000e-03
    7.51873000e+00   -3.01280000e-02
    3.68933000e+00    8.20580000e-02
    2.01934000e+00    2.40533000e-01
    1.07176000e+00    3.25414000e-01
    5.51662000e-01    3.00948000e-01
    2.73933000e-01    2.05009000e-01
    1.30111000e-01    9.21770000e-02
9  2
    7.83406000e+01   -3.90000000e-04
    2.10235000e+01   -3.36000000e-03
    7.51873000e+00    3.34560000e-02
    3.68933000e+00   -9.98880000e-02
    2.01934000e+00   -3.34454000e-01
    1.07176000e+00   -3.26736000e-01
    5.51662000e-01    6.63700000e-02
    2.73933000e-01    4.20514000e-01
    1.30111000e-01    4.17007000e-01
9  2
    7.83406000e+01   -5.71000000e-04
    2.10235000e+01   -4.96500000e-03
    7.51873000e+00    5.23140000e-02
    3.68933000e+00   -1.75726000e-01
    2.01934000e+00   -6.55830000e-01
    1.07176000e+00    2.97190000e-02
    5.51662000e-01    8.32161000e-01
    2.73933000e-01    1.96024000e-01
    1.30111000e-01   -5.65197000e-01
9  2
    7.83406000e+01   -4.13000000e-04
    2.10235000e+01   -1.16470000e-02
    7.51873000e+00    1.25553000e-01
    3.68933000e+00   -5.68492000e-01
    2.01934000e+00   -7.97255000e-01
    1.07176000e+00    1.57022700e+00
    5.51662000e-01    1.64980000e-02
    2.73933000e-01   -1.16313600e+00
    1.30111000e-01    3.22712000e-01
1  2
    5.74730000e-02    1.00000000e+00
1  3
    3.71960000e+00    1.00000000e+00
1  3
    1.25370000e+00    1.00000000e+00
1  3
    4.22600000e-01    1.00000000e+00
1  4
    2.22300000e+00    1.00000000e+00
1  4
    7.80100000e-01    1.00000000e+00
1  5
    1.53070000e+00    1.00000000e+00
