20
1  0
    1.87500000e+05    1.00000000e+00
1  0
    3.12500000e+04    1.00000000e+00
1  0
    6.25000000e+03    1.00000000e+00
1  0
    1.25000000e+03    1.00000000e+00
1  0
    2.50000000e+02    1.00000000e+00
1  0
    6.00000000e+01    1.00000000e+00
1  1
    6.00000000e+01    1.00000000e+00
1  0
    1.00000000e+01    1.00000000e+00
1  1
    1.00000000e+01    1.00000000e+00
1  0
    2.00000000e+00    1.00000000e+00
1  1
    2.00000000e+00    1.00000000e+00
1  0
    4.00000000e-01    1.00000000e+00
1  1
    4.00000000e-01    1.00000000e+00
1  0
    8.00000000e-02    1.00000000e+00
1  1
    8.00000000e-02    1.00000000e+00
1  2
    6.00000000e+01    1.00000000e+00
1  2
    1.00000000e+01    1.00000000e+00
1  2
    2.00000000e+00    1.00000000e+00
1  2
    4.00000000e-01    1.00000000e+00
1  2
    8.00000000e-02    1.00000000e+00
