20
3  0
    1.52623993e+01    4.41457275e-01
    1.37219832e+01   -7.02930060e-01
    4.84482863e+00    3.60953901e-01
1  0
    8.73093266e+00    1.00000000e+00
1  0
    1.43575641e+00    1.00000000e+00
1  0
    6.60884337e-01    1.00000000e+00
1  0
    2.08972128e-01    1.00000000e+00
1  0
    9.19367359e-02    1.00000000e+00
1  0
    3.47334797e-02    1.00000000e+00
4  1
    1.25852370e+01    6.00020037e-02
    7.20581048e+00   -2.40221831e-01
    1.95587056e+00    4.34249401e-01
    1.05344186e+00    4.20844361e-01
1  1
    5.98093896e-01    1.00000000e+00
1  1
    3.03624113e-01    1.00000000e+00
1  1
    8.80000000e-02    1.00000000e+00
1  1
    3.00000000e-02    1.00000000e+00
4  2
    2.88409859e+01    2.11314703e-03
    8.45841634e+00   -1.79131950e-02
    2.86489418e+00    1.71655077e-01
    1.39664888e+00    3.61492512e-01
1  2
    6.39216772e-01    1.00000000e+00
1  2
    2.75023198e-01    1.00000000e+00
1  2
    1.08299401e-01    1.00000000e+00
1  3
    3.72000000e+00    1.00000000e+00
1  3
    1.24629000e+00    1.00000000e+00
1  3
    4.17540000e-01    1.00000000e+00
1  4
    1.37770000e+00    1.00000000e+00
