Pd nelec 28
Pd ul
2      1.0000000              0.0000000        
Pd S
2     12.79882500           240.26278900       
2      5.80052800            34.72996100       
Pd P
2     11.87469700            56.74692900       
2     11.47433500           113.44441700       
2      5.51599900             9.34563900       
2      5.24804300            18.34544700       
Pd D
2      8.50221200            28.59555400       
2      7.98332400            43.45392100       
2      3.10762800             1.85228600       
2      2.47673400             1.40676500       
Pd F
2      9.67957100           -10.98725500       
2      9.69134900           -14.62619000       
