27
5  0
    6.96427150e+04    2.90000000e-05
    1.05129760e+04    2.17000000e-04
    2.30255780e+03    1.13600000e-03
    6.04176200e+02    3.68800000e-03
    1.55762300e+02    7.76300000e-03
1  0
    4.30852000e+01    1.00000000e+00
1  0
    2.78744000e+01    1.00000000e+00
1  0
    1.37395000e+01    1.00000000e+00
1  0
    3.48690000e+00    1.00000000e+00
1  0
    1.78600000e+00    1.00000000e+00
1  0
    6.65900000e-01    1.00000000e+00
1  0
    2.91900000e-01    1.00000000e+00
1  0
    5.30000000e-02    1.00000000e+00
1  0
    2.21000000e-02    1.00000000e+00
6  1
    1.54187640e+03   -9.78137304e-05
    3.36040090e+02   -7.80601769e-04
    1.06566230e+02   -2.30693771e-03
    2.38114480e+01   -7.44147780e-02
    1.49085510e+01    2.44963950e-01
    3.17491647e+00   -2.63478890e-01
3  1
    6.82379051e+00   -1.08902620e-01
    4.23079308e+00   -2.37185790e-01
    1.86196300e+00   -1.92817280e-01
1  1
    9.77603782e-01    1.00000000e+00
1  1
    4.81312993e-01    1.00000000e+00
1  1
    2.26826336e-01    1.00000000e+00
1  1
    8.36169385e-02    1.00000000e+00
1  1
    2.93453750e-02    1.00000000e+00
6  2
    3.41806000e+02    4.35000000e-04
    1.02941800e+02    3.42000000e-03
    3.82234000e+01    1.49910000e-02
    1.61246000e+01   -1.14130000e-02
    7.42430000e+00    2.42763000e-01
    4.01770000e+00    4.31309000e-01
1  2
    2.08840000e+00    1.00000000e+00
1  2
    1.00410000e+00    1.00000000e+00
1  2
    3.43700000e-01    1.00000000e+00
1  2
    1.07200000e-01    1.00000000e+00
5  3
    1.26651600e+02    2.61000000e-03
    4.56672000e+01    2.73310000e-02
    2.04949000e+01    1.02934000e-01
    9.31030000e+00    2.27274000e-01
    4.23510000e+00    3.43131000e-01
1  3
    1.86040000e+00    1.00000000e+00
1  3
    7.58500000e-01    1.00000000e+00
1  3
    2.69200000e-01    1.00000000e+00
1  4
    4.51900000e-01    1.00000000e+00
