67
1  0
    5.17336762e+06    1.00000000e+00
1  0
    2.40427010e+06    1.00000000e+00
1  0
    1.13715401e+06    1.00000000e+00
1  0
    5.47229086e+05    1.00000000e+00
1  0
    2.67862776e+05    1.00000000e+00
1  0
    1.33327521e+05    1.00000000e+00
1  0
    6.74611447e+04    1.00000000e+00
1  0
    3.46870499e+04    1.00000000e+00
1  0
    1.81177803e+04    1.00000000e+00
1  0
    9.60951664e+03    1.00000000e+00
1  0
    5.17347816e+03    1.00000000e+00
1  0
    2.82594919e+03    1.00000000e+00
1  0
    1.56550093e+03    1.00000000e+00
1  0
    8.79116822e+02    1.00000000e+00
1  0
    5.00186084e+02    1.00000000e+00
1  0
    2.88194924e+02    1.00000000e+00
1  0
    1.68065775e+02    1.00000000e+00
1  0
    9.91447425e+01    1.00000000e+00
1  0
    5.91299677e+01    1.00000000e+00
1  0
    3.56315182e+01    1.00000000e+00
1  0
    2.16811493e+01    1.00000000e+00
1  0
    1.33129959e+01    1.00000000e+00
1  0
    8.24386951e+00    1.00000000e+00
1  0
    5.14466378e+00    1.00000000e+00
1  0
    3.23336819e+00    1.00000000e+00
1  0
    2.04512920e+00    1.00000000e+00
1  0
    1.30089699e+00    1.00000000e+00
1  0
    8.31582620e-01    1.00000000e+00
1  0
    5.33810630e-01    1.00000000e+00
1  0
    3.43845430e-01    1.00000000e+00
1  0
    2.22077750e-01    1.00000000e+00
1  0
    1.43708160e-01    1.00000000e+00
1  0
    9.31020700e-02    1.00000000e+00
1  0
    6.03398900e-02    1.00000000e+00
1  1
    7.78189850e+00    1.00000000e+00
1  1
    3.38557740e+00    1.00000000e+00
1  1
    1.48140140e+00    1.00000000e+00
1  1
    6.51120800e-01    1.00000000e+00
1  1
    2.87109600e-01    1.00000000e+00
1  1
    1.26845400e-01    1.00000000e+00
1  1
    5.60766000e-02    1.00000000e+00
1  2
    2.94076885e+01    1.00000000e+00
1  2
    1.08445644e+01    1.00000000e+00
1  2
    3.67191500e+00    1.00000000e+00
1  2
    1.30851150e+00    1.00000000e+00
1  2
    5.29417000e-01    1.00000000e+00
1  2
    1.94543400e-01    1.00000000e+00
1  3
    7.77634710e+00    1.00000000e+00
1  3
    3.08060040e+00    1.00000000e+00
1  3
    1.25397090e+00    1.00000000e+00
1  3
    4.46248200e-01    1.00000000e+00
1  3
    1.69783700e-01    1.00000000e+00
1  3
    5.55899000e-02    1.00000000e+00
1  4
    2.25626116e+01    1.00000000e+00
1  4
    8.74732070e+00    1.00000000e+00
1  4
    3.46197860e+00    1.00000000e+00
1  4
    1.39088590e+00    1.00000000e+00
1  4
    5.63919100e-01    1.00000000e+00
1  4
    2.29334600e-01    1.00000000e+00
1  5
    1.01457281e+01    1.00000000e+00
1  5
    2.10371370e+00    1.00000000e+00
1  5
    6.06223600e-01    1.00000000e+00
1  6
    3.90296723e+01    1.00000000e+00
1  6
    1.53311115e+01    1.00000000e+00
1  6
    6.46233280e+00    1.00000000e+00
1  6
    2.77750600e+00    1.00000000e+00
1  6
    1.11130110e+00    1.00000000e+00
