24
10  0
    8.91329000e+03    4.70000000e-05
    1.33898000e+03    3.31000000e-04
    2.99538000e+02    1.16100000e-03
    5.11489000e+01    7.89900000e-03
    2.30156000e+01   -1.49347000e-01
    1.43765000e+01    6.38242000e-01
    8.98279000e+00   -6.17083000e-01
    5.61292000e+00   -6.05197000e-01
    2.16484000e+00    7.76086000e-01
    1.17538000e+00    6.47336000e-01
10  0
    8.91329000e+03    2.50000000e-05
    1.33898000e+03    1.71000000e-04
    2.99538000e+02    6.35000000e-04
    5.11489000e+01    3.46100000e-03
    2.30156000e+01   -6.70340000e-02
    1.43765000e+01    3.07957000e-01
    8.98279000e+00   -3.47524000e-01
    5.61292000e+00   -2.56251000e-01
    2.16484000e+00    5.03828000e-01
    1.17538000e+00    5.73894000e-01
1  0
    5.44870000e-01    1.00000000e+00
1  0
    3.13216000e-01    1.00000000e+00
1  0
    1.51662000e-01    1.00000000e+00
1  0
    6.99970000e-02    1.00000000e+00
1  0
    2.74000000e-02    1.00000000e+00
7  1
    1.13557000e+02    3.87000000e-04
    2.03639000e+01   -1.82550000e-02
    1.27274000e+01    1.74776000e-01
    7.94984000e+00   -3.98703000e-01
    4.96477000e+00   -3.18120000e-02
    2.30130000e+00    5.66047000e-01
    1.19545000e+00    5.10222000e-01
7  1
    1.13557000e+02   -1.33000000e-04
    2.03639000e+01    5.68000000e-03
    1.27274000e+01   -6.11670000e-02
    7.94984000e+00    1.53244000e-01
    4.96477000e+00   -7.40000000e-03
    2.30130000e+00   -2.34838000e-01
    1.19545000e+00   -2.54839000e-01
1  1
    5.92897000e-01    1.00000000e+00
1  1
    2.73277000e-01    1.00000000e+00
1  1
    1.20434000e-01    1.00000000e+00
1  1
    5.12190000e-02    1.00000000e+00
1  1
    2.03000000e-02    1.00000000e+00
8  2
    1.83447000e+02    7.20000000e-05
    5.41133000e+01    5.56000000e-04
    1.49758000e+01    9.20800000e-03
    6.92360000e+00   -8.28180000e-02
    3.79859000e+00    6.47560000e-02
    2.30404000e+00    3.00241000e-01
    1.30554000e+00    3.88436000e-01
    7.27096000e-01    2.80892000e-01
1  2
    4.03294000e-01    1.00000000e+00
1  2
    2.30651000e-01    1.00000000e+00
1  2
    1.09300000e-01    1.00000000e+00
1  2
    4.87000000e-02    1.00000000e+00
1  3
    4.89400000e-01    1.00000000e+00
1  3
    2.00200000e-01    1.00000000e+00
1  3
    8.87000000e-02    1.00000000e+00
1  4
    4.07400000e-01    1.00000000e+00
1  4
    1.94300000e-01    1.00000000e+00
