39
1  0
    7.20223000e+00    1.00000000e+00
1  0
    5.25429000e+00    1.00000000e+00
1  0
    3.48799000e+00    1.00000000e+00
1  0
    2.31820000e+00    1.00000000e+00
1  0
    9.59237000e-01    1.00000000e+00
1  0
    5.56344000e-01    1.00000000e+00
1  0
    3.10707000e-01    1.00000000e+00
1  0
    1.36517000e-01    1.00000000e+00
1  1
    9.95228000e+00    1.00000000e+00
1  1
    6.69353000e+00    1.00000000e+00
1  1
    4.08447000e+00    1.00000000e+00
1  1
    2.20797000e+00    1.00000000e+00
1  1
    9.28492000e-01    1.00000000e+00
1  1
    5.10690000e-01    1.00000000e+00
1  1
    3.21900000e-01    1.00000000e+00
1  1
    1.77575000e-01    1.00000000e+00
1  2
    5.16722000e+00    1.00000000e+00
1  2
    4.04994000e+00    1.00000000e+00
1  2
    2.47704000e+00    1.00000000e+00
1  2
    1.15770000e+00    1.00000000e+00
1  2
    6.34275000e-01    1.00000000e+00
1  2
    3.36195000e-01    1.00000000e+00
1  2
    1.76699000e-01    1.00000000e+00
1  3
    9.86959000e+00    1.00000000e+00
1  3
    3.55386000e+00    1.00000000e+00
1  3
    1.45109000e+00    1.00000000e+00
1  3
    5.70060000e-01    1.00000000e+00
1  3
    2.72713000e-01    1.00000000e+00
1  4
    3.37380000e+00    1.00000000e+00
1  4
    1.14159000e+00    1.00000000e+00
1  4
    5.01638000e-01    1.00000000e+00
1  5
    2.15434000e+00    1.00000000e+00
1  5
    8.92615000e-01    1.00000000e+00
1  0
    5.21827000e-02    1.00000000e+00
1  1
    7.93774000e-02    1.00000000e+00
1  2
    6.79265000e-02    1.00000000e+00
1  3
    1.13672000e-01    1.00000000e+00
1  4
    2.22352000e-01    1.00000000e+00
1  5
    4.54125000e-01    1.00000000e+00
