31
11  0
    2.40934000e+04    1.40000000e-05
    3.63217000e+03    1.03000000e-04
    8.22308000e+02    4.69000000e-04
    2.27472000e+02    1.21000000e-03
    3.83868000e+01    2.24960000e-02
    2.39396000e+01   -1.76837000e-01
    1.47926000e+01    6.26292000e-01
    9.23931000e+00   -5.34690000e-01
    5.57594000e+00   -7.30218000e-01
    3.25412000e+00    2.30546000e-01
    1.83471000e+00    8.40439000e-01
11  0
    2.40934000e+04   -7.00000000e-06
    3.63217000e+03   -5.50000000e-05
    8.22308000e+02   -2.43000000e-04
    2.27472000e+02   -6.68000000e-04
    3.83868000e+01   -9.61300000e-03
    2.39396000e+01    7.86800000e-02
    1.47926000e+01   -3.00917000e-01
    9.23931000e+00    3.02188000e-01
    5.57594000e+00    3.26316000e-01
    3.25412000e+00   -1.33862000e-01
    1.83471000e+00   -5.83676000e-01
1  0
    1.01063000e+00    1.00000000e+00
1  0
    4.70211000e-01    1.00000000e+00
1  0
    2.60621000e-01    1.00000000e+00
1  0
    1.32139000e-01    1.00000000e+00
1  0
    6.31820000e-02    1.00000000e+00
1  0
    2.52000000e-02    1.00000000e+00
8  1
    3.00327000e+02    9.80000000e-05
    5.99384000e+01    7.98000000e-04
    2.10811000e+01   -2.23260000e-02
    1.31688000e+01    1.71727000e-01
    8.22409000e+00   -3.46491000e-01
    5.13690000e+00   -1.10169000e-01
    2.60292000e+00    4.38583000e-01
    1.44653000e+00    5.43705000e-01
8  1
    3.00327000e+02   -3.90000000e-05
    5.99384000e+01   -2.51000000e-04
    2.10811000e+01    7.09400000e-03
    1.31688000e+01   -6.03580000e-02
    8.22409000e+00    1.34454000e-01
    5.13690000e+00    2.28340000e-02
    2.60292000e+00   -1.79082000e-01
    1.44653000e+00   -2.57590000e-01
1  1
    7.78343000e-01    1.00000000e+00
1  1
    3.78554000e-01    1.00000000e+00
1  1
    1.85040000e-01    1.00000000e+00
1  1
    8.84920000e-02    1.00000000e+00
1  1
    4.12740000e-02    1.00000000e+00
1  1
    1.78000000e-02    1.00000000e+00
8  2
    1.74444000e+02    7.90000000e-05
    5.22233000e+01    5.80000000e-04
    1.45970000e+01    1.00390000e-02
    7.05937000e+00   -8.00950000e-02
    4.35707000e+00    1.99620000e-02
    2.71844000e+00    2.16742000e-01
    1.65011000e+00    3.35428000e-01
    9.85852000e-01    3.19853000e-01
1  2
    5.72536000e-01    1.00000000e+00
1  2
    3.23631000e-01    1.00000000e+00
1  2
    1.85222000e-01    1.00000000e+00
1  2
    9.15000000e-02    1.00000000e+00
1  2
    4.15000000e-02    1.00000000e+00
1  3
    5.91200000e-01    1.00000000e+00
1  3
    3.06300000e-01    1.00000000e+00
1  3
    1.58700000e-01    1.00000000e+00
1  3
    7.17000000e-02    1.00000000e+00
1  4
    5.80000000e-01    1.00000000e+00
1  4
    2.73800000e-01    1.00000000e+00
1  4
    1.32300000e-01    1.00000000e+00
1  5
    5.07000000e-01    1.00000000e+00
1  5
    2.83100000e-01    1.00000000e+00
