12
6  0
    2.95390000e+02    1.38300000e-03
    2.12683000e+01   -1.05061000e-01
    1.33379000e+01    5.91425000e-01
    7.36521000e+00   -1.11569700e+00
    1.78920000e+00    1.01916200e+00
    8.84994000e-01    3.79879000e-01
6  0
    2.95390000e+02    6.83000000e-04
    2.12683000e+01   -3.85730000e-02
    1.33379000e+01    2.51958000e-01
    7.36521000e+00   -5.33016000e-01
    1.78920000e+00    7.66901000e-01
    8.84994000e-01    2.81878000e-01
1  0
    2.85787000e-01    1.00000000e+00
1  0
    1.09324000e-01    1.00000000e+00
1  0
    3.59000000e-02    1.00000000e+00
5  1
    1.15069000e+01    1.66364000e-01
    7.72991000e+00   -4.27235000e-01
    2.11894000e+00    6.96964000e-01
    9.55323000e-01    4.71359000e-01
    2.68352000e-01    2.99870000e-02
5  1
    1.15069000e+01   -5.59100000e-02
    7.72991000e+00    1.51123000e-01
    2.11894000e+00   -3.26160000e-01
    9.55323000e-01   -1.61409000e-01
    2.68352000e-01    6.01615000e-01
1  1
    8.84940000e-02    1.00000000e+00
1  1
    2.78000000e-02    1.00000000e+00
5  2
    1.87130000e+01    6.69400000e-03
    7.05708000e+00   -6.71040000e-02
    2.55062000e+00    3.25798000e-01
    1.25069000e+00    4.95763000e-01
    5.74256000e-01    2.93106000e-01
1  2
    2.33000000e-01    1.00000000e+00
1  2
    8.95000000e-02    1.00000000e+00
