13
9  0
    2.28476000e+03    2.36000000e-04
    3.45774000e+02    1.19100000e-03
    4.09204000e+01    2.68960000e-02
    2.55771000e+01   -1.69909000e-01
    1.59942000e+01    4.55449000e-01
    6.79383000e+00   -9.74807000e-01
    1.92709000e+00    9.17259000e-01
    9.97032000e-01    5.02663000e-01
    7.35360000e-02    1.36200000e-03
9  0
    2.28476000e+03    1.14000000e-04
    3.45774000e+02    6.79000000e-04
    4.09204000e+01    7.48400000e-03
    2.55771000e+01   -5.78310000e-02
    1.59942000e+01    1.84277000e-01
    6.79383000e+00   -4.71617000e-01
    1.92709000e+00    6.65644000e-01
    9.97032000e-01    4.19202000e-01
    7.35360000e-02   -1.45870000e-01
1  0
    3.40350000e-01    1.00000000e+00
1  0
    1.61724000e-01    1.00000000e+00
1  0
    8.75000000e-02    1.00000000e+00
9  1
    1.97714000e+01   -1.44910000e-02
    1.23921000e+01    1.73269000e-01
    7.77407000e+00   -4.24167000e-01
    2.29131000e+00    5.52409000e-01
    1.20594000e+00    5.12089000e-01
    5.94611000e-01    1.27837000e-01
    2.98645000e-01    5.25400000e-03
    1.29742000e-01    2.01000000e-03
    5.39350000e-02   -1.32000000e-04
9  1
    1.97714000e+01    2.10500000e-03
    1.23921000e+01   -5.08490000e-02
    7.77407000e+00    1.43289000e-01
    2.29131000e+00   -2.47041000e-01
    1.20594000e+00   -2.32235000e-01
    5.94611000e-01    7.10000000e-03
    2.98645000e-01    4.24629000e-01
    1.29742000e-01    5.31974000e-01
    5.39350000e-02    1.97294000e-01
1  1
    4.95300000e-01    1.00000000e+00
1  1
    7.97000000e-02    1.00000000e+00
6  2
    6.79636000e+01    4.99000000e-04
    1.49883000e+01    1.01500000e-02
    7.26074000e+00   -7.19050000e-02
    2.71070000e+00    2.59436000e-01
    1.46383000e+00    4.32343000e-01
    7.55828000e-01    3.37581000e-01
1  2
    3.67176000e-01    1.00000000e+00
1  2
    1.48400000e-01    1.00000000e+00
1  3
    3.25000000e-01    1.00000000e+00
