16
5  0
    6.74482118e+03    7.68915564e-05
    7.44418925e+02    7.12848274e-04
    1.31040293e+02    2.20575840e-03
    1.96620210e+01   -6.43647137e-01
    1.66230256e+01    9.19971505e-01
2  0
    2.30940030e+01   -7.04044102e-02
    6.97073984e+00    9.78865401e-01
1  0
    1.84973776e+00    1.00000000e+00
1  0
    9.30829993e-01    1.00000000e+00
1  0
    2.86730265e-01    1.00000000e+00
1  0
    1.09792122e-01    1.00000000e+00
3  1
    2.53990245e+02    8.38763621e-05
    9.87127187e+00    2.45727105e-01
    7.44898935e+00   -4.42977637e-01
4  1
    8.90273954e+00   -1.37982504e-01
    5.74146675e+00    2.63040053e-01
    1.98963298e+00    6.62258462e-01
    9.47032108e-01    3.95470519e-01
1  1
    3.70711363e-01    1.00000000e+00
1  1
    1.55547061e-01    1.00000000e+00
1  1
    6.11737208e-02    1.00000000e+00
6  2
    6.79430770e+01    4.89191253e-04
    1.49142199e+01    1.01571208e-02
    7.29739483e+00   -6.99432631e-02
    2.68267844e+00    2.62447307e-01
    1.43741430e+00    4.27023615e-01
    7.39037974e-01    3.25024355e-01
1  2
    3.58381533e-01    1.00000000e+00
1  2
    1.50000000e-01    1.00000000e+00
1  3
    3.32750000e-01    1.00000000e+00
1  3
    1.40000000e+00    1.00000000e+00
