Po nelec 60
Po ul
2      1.0000000              0.0000000        
Po S
2     13.2772270            283.2447060        
2      8.3995180             62.3964610        
Po P
2     10.6656820             71.9917160        
2      9.2837530            143.9718710        
2      6.8727490              4.9496150        
2      6.3261500              9.7404990        
Po D
2      8.2148660             36.3783830        
2      8.0086960             54.5627150        
2      5.0552270              9.8894990        
2      4.7825530             14.6938770        
Po F
2      5.0132700             17.4282950        
2      4.9846400             23.3803530        
2      1.3267600              0.1633920        
2      1.5287580              0.3245660        
Po G
2      6.7715260            -11.5632940        
2      6.7779250            -14.5097880        
