18
4  0
    3.13175589e+01    7.60823500e-01
    1.91251422e+01   -4.97256250e+00
    1.15341618e+01    1.46710182e+01
    7.06029070e+00   -1.67007606e+01
1  0
    4.15311210e+00    1.00000000e+00
1  0
    2.44300700e+00    1.00000000e+00
1  0
    1.43706290e+00    1.00000000e+00
1  0
    7.80529400e-01    1.00000000e+00
1  0
    3.32986900e-01    1.00000000e+00
1  0
    1.72060100e-01    1.00000000e+00
1  0
    1.01211800e-01    1.00000000e+00
2  1
    5.07637030e+00    2.40603000e-02
    1.86377060e+00   -5.04364000e-02
1  1
    6.74665900e-01    1.00000000e+00
1  1
    2.42181300e-01    1.00000000e+00
1  1
    8.66931000e-02    1.00000000e+00
3  2
    3.16365270e+00    1.44840000e-02
    1.34387000e+00   -1.71571000e-02
    5.62837200e-01    1.49380000e-02
1  2
    2.33756600e-01    1.00000000e+00
1  2
    9.68137000e-02    1.00000000e+00
2  3
    1.58910200e+00    2.35630000e-03
    8.31451300e-01   -5.91910000e-03
1  3
    4.34590000e-01    1.00000000e+00
1  4
    6.84191700e-01    1.00000000e+00
