48
1  0
    2.72349025e+07    1.00000000e+00
1  0
    1.16376861e+07    1.00000000e+00
1  0
    5.08245223e+06    1.00000000e+00
1  0
    2.26801649e+06    1.00000000e+00
1  0
    1.03389058e+06    1.00000000e+00
1  0
    4.81322315e+05    1.00000000e+00
1  0
    2.28768331e+05    1.00000000e+00
1  0
    1.10970393e+05    1.00000000e+00
1  0
    5.49173314e+04    1.00000000e+00
1  0
    2.77159052e+04    1.00000000e+00
1  0
    1.42586501e+04    1.00000000e+00
1  0
    7.47404256e+03    1.00000000e+00
1  0
    3.98973495e+03    1.00000000e+00
1  0
    2.16776656e+03    1.00000000e+00
1  0
    1.19815932e+03    1.00000000e+00
1  0
    6.73268974e+02    1.00000000e+00
1  0
    3.84377279e+02    1.00000000e+00
1  0
    2.22807450e+02    1.00000000e+00
1  0
    1.31037991e+02    1.00000000e+00
1  0
    7.81336093e+01    1.00000000e+00
1  0
    4.71970197e+01    1.00000000e+00
1  0
    2.88586388e+01    1.00000000e+00
1  0
    1.78466364e+01    1.00000000e+00
1  0
    1.11526379e+01    1.00000000e+00
1  0
    7.03636544e+00    1.00000000e+00
1  0
    4.47781187e+00    1.00000000e+00
1  0
    2.87154909e+00    1.00000000e+00
1  0
    1.85385616e+00    1.00000000e+00
1  0
    1.20368522e+00    1.00000000e+00
1  0
    7.85212320e-01    1.00000000e+00
1  0
    5.14105760e-01    1.00000000e+00
1  0
    3.37487720e-01    1.00000000e+00
1  0
    2.21895760e-01    1.00000000e+00
1  0
    1.45971740e-01    1.00000000e+00
1  1
    5.07637030e+00    1.00000000e+00
1  1
    1.86377060e+00    1.00000000e+00
1  1
    6.74665900e-01    1.00000000e+00
1  1
    2.42181300e-01    1.00000000e+00
1  1
    8.66931000e-02    1.00000000e+00
1  2
    3.16365270e+00    1.00000000e+00
1  2
    1.34387000e+00    1.00000000e+00
1  2
    5.62837200e-01    1.00000000e+00
1  2
    2.33756600e-01    1.00000000e+00
1  2
    9.68137000e-02    1.00000000e+00
1  3
    1.58910200e+00    1.00000000e+00
1  3
    8.31451300e-01    1.00000000e+00
1  3
    4.34590000e-01    1.00000000e+00
1  4
    6.84191700e-01    1.00000000e+00
