27
5  0
    6.69206810e+04    8.00000000e-06
    1.09066250e+04    5.00000000e-05
    2.63541470e+03    2.43000000e-04
    7.13905100e+02    8.76000000e-04
    1.40013900e+02    4.17600000e-03
1  0
    3.81280000e+01    1.00000000e+00
1  0
    2.69855000e+01    1.00000000e+00
1  0
    1.24959000e+01    1.00000000e+00
1  0
    3.18780000e+00    1.00000000e+00
1  0
    1.64510000e+00    1.00000000e+00
1  0
    6.18500000e-01    1.00000000e+00
1  0
    2.73100000e-01    1.00000000e+00
1  0
    5.06000000e-02    1.00000000e+00
1  0
    2.12000000e-02    1.00000000e+00
6  1
    1.54242775e+03   -3.91385463e-05
    3.34969076e+02   -3.90551703e-04
    1.09623432e+02   -8.94064565e-04
    2.21830789e+01   -7.06047268e-02
    1.36581632e+01    2.47475886e-01
    3.03319537e+00   -2.57762599e-01
3  1
    6.60474339e+00   -1.08340934e-01
    3.96955497e+00   -2.40274659e-01
    1.88760754e+00   -1.97180698e-01
1  1
    1.15740420e+00    1.00000000e+00
1  1
    7.07036623e-01    1.00000000e+00
1  1
    3.23764827e-01    1.00000000e+00
1  1
    1.32702885e-01    1.00000000e+00
1  1
    3.56824744e-02    1.00000000e+00
6  2
    3.55961500e+02    1.93000000e-04
    1.07141400e+02    1.54500000e-03
    3.75562000e+01    9.00400000e-03
    1.50859000e+01   -4.72960000e-02
    7.38320000e+00    2.02337000e-01
    3.97950000e+00    4.35374000e-01
1  2
    2.04690000e+00    1.00000000e+00
1  2
    9.79400000e-01    1.00000000e+00
1  2
    3.29600000e-01    1.00000000e+00
1  2
    1.02600000e-01    1.00000000e+00
5  3
    1.24508300e+02    1.88500000e-03
    4.45837000e+01    2.09490000e-02
    1.98731000e+01    8.52080000e-02
    8.91020000e+00    2.05312000e-01
    3.99770000e+00    3.33403000e-01
1  3
    1.72850000e+00    1.00000000e+00
1  3
    6.93600000e-01    1.00000000e+00
1  3
    2.41800000e-01    1.00000000e+00
1  4
    4.09500000e-01    1.00000000e+00
