67
1  0
    6.01250587e+06    1.00000000e+00
1  0
    2.73329551e+06    1.00000000e+00
1  0
    1.26592281e+06    1.00000000e+00
1  0
    5.97182218e+05    1.00000000e+00
1  0
    2.86857313e+05    1.00000000e+00
1  0
    1.40266997e+05    1.00000000e+00
1  0
    6.97970547e+04    1.00000000e+00
1  0
    3.53315259e+04    1.00000000e+00
1  0
    1.81874998e+04    1.00000000e+00
1  0
    9.51700391e+03    1.00000000e+00
1  0
    5.06016889e+03    1.00000000e+00
1  0
    2.73260947e+03    1.00000000e+00
1  0
    1.49808852e+03    1.00000000e+00
1  0
    8.33361616e+02    1.00000000e+00
1  0
    4.70157708e+02    1.00000000e+00
1  0
    2.68865328e+02    1.00000000e+00
1  0
    1.55762743e+02    1.00000000e+00
1  0
    9.13641131e+01    1.00000000e+00
1  0
    5.42258330e+01    1.00000000e+00
1  0
    3.25447067e+01    1.00000000e+00
1  0
    1.97384515e+01    1.00000000e+00
1  0
    1.20895407e+01    1.00000000e+00
1  0
    7.47251390e+00    1.00000000e+00
1  0
    4.65769790e+00    1.00000000e+00
1  0
    2.92551796e+00    1.00000000e+00
1  0
    1.85025953e+00    1.00000000e+00
1  0
    1.17740399e+00    1.00000000e+00
1  0
    7.53250710e-01    1.00000000e+00
1  0
    4.84091460e-01    1.00000000e+00
1  0
    3.12274790e-01    1.00000000e+00
1  0
    2.02028170e-01    1.00000000e+00
1  0
    1.30976410e-01    1.00000000e+00
1  0
    8.50195700e-02    1.00000000e+00
1  0
    5.52110900e-02    1.00000000e+00
1  1
    6.36955420e+00    1.00000000e+00
1  1
    2.95376730e+00    1.00000000e+00
1  1
    1.37784890e+00    1.00000000e+00
1  1
    6.45694400e-01    1.00000000e+00
1  1
    3.03589500e-01    1.00000000e+00
1  1
    1.43024100e-01    1.00000000e+00
1  1
    6.74248000e-02    1.00000000e+00
1  2
    1.11694514e+01    1.00000000e+00
1  2
    4.80711140e+00    1.00000000e+00
1  2
    2.06888520e+00    1.00000000e+00
1  2
    9.10227500e-01    1.00000000e+00
1  2
    4.07519500e-01    1.00000000e+00
1  2
    1.84776600e-01    1.00000000e+00
1  3
    1.70708581e+01    1.00000000e+00
1  3
    7.15471400e+00    1.00000000e+00
1  3
    3.02223220e+00    1.00000000e+00
1  3
    1.28382960e+00    1.00000000e+00
1  3
    5.47217400e-01    1.00000000e+00
1  3
    2.33509500e-01    1.00000000e+00
1  4
    2.33911378e+01    1.00000000e+00
1  4
    8.86704360e+00    1.00000000e+00
1  4
    3.52958240e+00    1.00000000e+00
1  4
    1.40830740e+00    1.00000000e+00
1  4
    5.62870600e-01    1.00000000e+00
1  4
    2.25196900e-01    1.00000000e+00
1  5
    1.06644530e+01    1.00000000e+00
1  5
    1.78826170e+00    1.00000000e+00
1  5
    6.59571400e-01    1.00000000e+00
1  6
    3.24284780e+01    1.00000000e+00
1  6
    1.23890118e+01    1.00000000e+00
1  6
    5.11753180e+00    1.00000000e+00
1  6
    2.19211340e+00    1.00000000e+00
1  6
    8.70446300e-01    1.00000000e+00
