37
1  0
    1.22433000e+01    1.00000000e+00
1  0
    6.25334000e+00    1.00000000e+00
1  0
    4.09338000e+00    1.00000000e+00
1  0
    2.70611000e+00    1.00000000e+00
1  0
    1.28947000e+00    1.00000000e+00
1  0
    5.88302000e-01    1.00000000e+00
1  0
    2.81811000e-01    1.00000000e+00
1  0
    1.30376000e-01    1.00000000e+00
1  1
    1.11779000e+01    1.00000000e+00
1  1
    5.19684000e+00    1.00000000e+00
1  1
    2.78599000e+00    1.00000000e+00
1  1
    1.80753000e+00    1.00000000e+00
1  1
    1.05988000e+00    1.00000000e+00
1  1
    4.56075000e-01    1.00000000e+00
1  1
    2.39736000e-01    1.00000000e+00
1  1
    1.25953000e-01    1.00000000e+00
1  2
    5.79831000e+00    1.00000000e+00
1  2
    4.09462000e+00    1.00000000e+00
1  2
    2.89806000e+00    1.00000000e+00
1  2
    1.40385000e+00    1.00000000e+00
1  2
    6.41607000e-01    1.00000000e+00
1  2
    3.10231000e-01    1.00000000e+00
1  2
    1.49341000e-01    1.00000000e+00
1  3
    5.95905000e+00    1.00000000e+00
1  3
    3.07419000e+00    1.00000000e+00
1  3
    1.68091000e+00    1.00000000e+00
1  3
    9.15167000e-01    1.00000000e+00
1  3
    5.01236000e-01    1.00000000e+00
1  3
    2.21732000e-01    1.00000000e+00
1  4
    2.36024000e+00    1.00000000e+00
1  4
    1.47459000e+00    1.00000000e+00
1  4
    5.31999000e-01    1.00000000e+00
1  4
    2.82015000e-01    1.00000000e+00
1  5
    2.51593000e+00    1.00000000e+00
1  5
    1.73868000e+00    1.00000000e+00
1  5
    7.75389000e-01    1.00000000e+00
1  6
    1.82469000e+00    1.00000000e+00
