17
9  0
    3.60064000e+01    1.56030000e-02
    2.24991000e+01   -1.39600000e-01
    1.40609000e+01    3.99469000e-01
    8.78161000e+00   -1.27744000e-01
    4.99238000e+00   -7.51451000e-01
    1.38385000e+00    8.63327000e-01
    6.61617000e-01    4.97594000e-01
    2.04882000e-01    3.47580000e-02
    9.22300000e-02   -6.58900000e-03
9  0
    3.60064000e+01   -5.67800000e-03
    2.24991000e+01    5.07550000e-02
    1.40609000e+01   -1.50030000e-01
    8.78161000e+00    6.39820000e-02
    4.99238000e+00    2.70411000e-01
    1.38385000e+00   -4.34657000e-01
    6.61617000e-01   -3.37290000e-01
    2.04882000e-01    2.81446000e-01
    9.22300000e-02    6.45579000e-01
9  0
    3.60064000e+01    7.03700000e-03
    2.24991000e+01    1.05250000e-02
    1.40609000e+01   -8.54980000e-02
    8.78161000e+00   -1.76559000e-01
    4.99238000e+00    8.56707000e-01
    1.38385000e+00   -1.84421000e+00
    6.61617000e-01    6.01156000e-01
    2.04882000e-01    1.98229300e+00
    9.22300000e-02   -1.17648000e+00
9  0
    3.60064000e+01   -1.14450000e-02
    2.24991000e+01    1.22044000e-01
    1.40609000e+01   -3.75906000e-01
    8.78161000e+00    5.53880000e-02
    4.99238000e+00    1.13358700e+00
    1.38385000e+00   -4.21491900e+00
    6.61617000e-01    4.87594100e+00
    2.04882000e-01   -2.16593600e+00
    9.22300000e-02   -4.26804000e-01
1  0
    3.92640000e-02    1.00000000e+00
8  1
    2.15986000e+01   -1.25150000e-02
    1.35160000e+01    7.15700000e-02
    5.92037000e+00   -2.87276000e-01
    1.64126000e+00    5.15419000e-01
    8.31131000e-01    4.80461000e-01
    4.08430000e-01    1.67996000e-01
    1.75427000e-01    1.58600000e-02
    7.26850000e-02    7.95000000e-04
8  1
    2.15986000e+01    2.96000000e-03
    1.35160000e+01   -1.91100000e-02
    5.92037000e+00    8.38980000e-02
    1.64126000e+00   -1.83009000e-01
    8.31131000e-01   -1.87884000e-01
    4.08430000e-01   -1.78700000e-03
    1.75427000e-01    3.60671000e-01
    7.26850000e-02    5.44921000e-01
8  1
    2.15986000e+01    6.76900000e-03
    1.35160000e+01   -4.29400000e-02
    5.92037000e+00    1.89455000e-01
    1.64126000e+00   -4.60647000e-01
    8.31131000e-01   -4.46335000e-01
    4.08430000e-01    4.89684000e-01
    1.75427000e-01    6.82588000e-01
    7.26850000e-02    1.27947000e-01
8  1
    2.15986000e+01    1.16510000e-02
    1.35160000e+01   -7.15220000e-02
    5.92037000e+00    3.25964000e-01
    1.64126000e+00   -1.21483100e+00
    8.31131000e-01    1.58727000e-01
    4.08430000e-01    1.59533300e+00
    1.75427000e-01   -7.77933000e-01
    7.26850000e-02   -5.30442000e-01
1  1
    2.97610000e-02    1.00000000e+00
7  2
    7.27562000e+01    5.20000000e-05
    1.04742000e+01    1.26260000e-02
    6.25090000e+00   -6.32410000e-02
    1.80185000e+00    2.39647000e-01
    8.88454000e-01    3.87672000e-01
    4.15665000e-01    3.51744000e-01
    1.83080000e-01    2.05290000e-01
7  2
    7.27562000e+01   -3.70000000e-05
    1.04742000e+01   -1.57890000e-02
    6.25090000e+00    7.82970000e-02
    1.80185000e+00   -3.58296000e-01
    8.88454000e-01   -4.79325000e-01
    4.15665000e-01    1.88407000e-01
    1.83080000e-01    5.78145000e-01
7  2
    7.27562000e+01   -2.60000000e-05
    1.04742000e+01    2.71890000e-02
    6.25090000e+00   -1.30738000e-01
    1.80185000e+00    8.37857000e-01
    8.88454000e-01    7.39400000e-03
    4.15665000e-01   -1.06125900e+00
    1.83080000e-01    2.49005000e-01
1  2
    7.42330000e-02    1.00000000e+00
1  3
    1.30400000e+00    1.00000000e+00
1  3
    4.33700000e-01    1.00000000e+00
1  4
    1.07720000e+00    1.00000000e+00
