23
13  0
    1.03612000e+02    5.41000000e-04
    6.46859000e+01   -4.28200000e-03
    3.98400000e+01    2.79230000e-02
    2.49011000e+01   -1.21542000e-01
    1.40033000e+01    3.55433000e-01
    7.89090000e+00   -1.53493000e-01
    4.84560000e+00   -7.25897000e-01
    2.35012000e+00    9.75200000e-03
    1.46717000e+00    7.41929000e-01
    7.80671000e-01    5.46383000e-01
    3.94696000e-01    1.04614000e-01
    1.75323000e-01    4.15200000e-03
    7.88420000e-02    2.03600000e-03
13  0
    1.03612000e+02   -1.63000000e-04
    6.46859000e+01    1.32400000e-03
    3.98400000e+01   -9.11500000e-03
    2.49011000e+01    4.14900000e-02
    1.40033000e+01   -1.27213000e-01
    7.89090000e+00    6.50280000e-02
    4.84560000e+00    2.69505000e-01
    2.35012000e+00   -1.89050000e-02
    1.46717000e+00   -3.46267000e-01
    7.80671000e-01   -3.65179000e-01
    3.94696000e-01   -5.11390000e-02
    1.75323000e-01    4.07598000e-01
    7.88420000e-02    5.98299000e-01
13  0
    1.03612000e+02   -1.40000000e-05
    6.46859000e+01    9.88000000e-04
    3.98400000e+01   -1.35500000e-02
    2.49011000e+01    7.56570000e-02
    1.40033000e+01   -2.47956000e-01
    7.89090000e+00    1.11315000e-01
    4.84560000e+00    6.08069000e-01
    2.35012000e+00    4.44240000e-02
    1.46717000e+00   -1.25791300e+00
    7.80671000e-01   -8.21419000e-01
    3.94696000e-01    1.72717300e+00
    1.75323000e-01    7.94617000e-01
    7.88420000e-02   -8.96285000e-01
13  0
    1.03612000e+02   -5.03000000e-04
    6.46859000e+01    1.46900000e-03
    3.98400000e+01    1.08430000e-02
    2.49011000e+01   -9.40950000e-02
    1.40033000e+01    3.37894000e-01
    7.89090000e+00   -6.50820000e-02
    4.84560000e+00   -1.22452800e+00
    2.35012000e+00    1.17393000e-01
    1.46717000e+00    4.05544300e+00
    7.80671000e-01   -3.38018500e+00
    3.94696000e-01   -1.53518600e+00
    1.75323000e-01    2.94599600e+00
    7.88420000e-02   -4.43439000e-01
13  0
    1.03612000e+02   -1.40470000e-02
    6.46859000e+01    7.25050000e-02
    3.98400000e+01   -1.89258000e-01
    2.49011000e+01    2.49227000e-01
    1.40033000e+01   -2.11204000e-01
    7.89090000e+00    1.37483600e+00
    4.84560000e+00   -4.31410100e+00
    2.35012000e+00    6.22744300e+00
    1.46717000e+00    2.46404000e-01
    7.80671000e-01   -8.71401700e+00
    3.94696000e-01    8.09617700e+00
    1.75323000e-01   -2.60164900e+00
    7.88420000e-02   -1.30520600e+00
1  0
    3.53890000e-02    1.00000000e+00
10  1
    3.79380000e+01    2.28800000e-03
    2.37097000e+01   -1.97140000e-02
    1.48236000e+01    6.80900000e-02
    5.79046000e+00   -2.83457000e-01
    1.69556000e+00    4.74347000e-01
    8.98494000e-01    4.68556000e-01
    4.79188000e-01    1.99942000e-01
    2.56592000e-01    3.74850000e-02
    1.17093000e-01    4.92300000e-03
    5.36550000e-02   -2.35000000e-04
10  1
    3.79380000e+01   -3.11000000e-04
    2.37097000e+01    4.30800000e-03
    1.48236000e+01   -1.77850000e-02
    5.79046000e+00    8.31780000e-02
    1.69556000e+00   -1.69758000e-01
    8.98494000e-01   -1.73813000e-01
    4.79188000e-01   -7.04300000e-02
    2.56592000e-01    1.83631000e-01
    1.17093000e-01    4.40730000e-01
    5.36550000e-02    4.29789000e-01
10  1
    3.79380000e+01   -1.12200000e-03
    2.37097000e+01    1.10810000e-02
    1.48236000e+01   -4.14980000e-02
    5.79046000e+00    1.89973000e-01
    1.69556000e+00   -4.36632000e-01
    8.98494000e-01   -4.09223000e-01
    4.79188000e-01    1.55011000e-01
    2.56592000e-01    6.64569000e-01
    1.17093000e-01    3.88116000e-01
    5.36550000e-02    2.54450000e-02
10  1
    3.79380000e+01   -4.16700000e-03
    2.37097000e+01    2.65230000e-02
    1.48236000e+01   -7.99420000e-02
    5.79046000e+00    3.47753000e-01
    1.69556000e+00   -1.19629500e+00
    8.98494000e-01   -1.29169000e-01
    4.79188000e-01    1.67174000e+00
    2.56592000e-01   -1.54804000e-01
    1.17093000e-01   -8.06665000e-01
    5.36550000e-02   -1.59194000e-01
10  1
    3.79380000e+01    1.03860000e-02
    2.37097000e+01   -2.01920000e-02
    1.48236000e+01   -4.25740000e-02
    5.79046000e+00    4.85391000e-01
    1.69556000e+00   -3.04743800e+00
    8.98494000e-01    3.98526900e+00
    4.79188000e-01   -7.19105000e-01
    2.56592000e-01   -1.82659300e+00
    1.17093000e-01    9.27064000e-01
    5.36550000e-02    3.63522000e-01
1  1
    2.43160000e-02    1.00000000e+00
9  2
    6.44513000e+01    6.80000000e-05
    1.93509000e+01   -5.04000000e-04
    1.20833000e+01    8.30400000e-03
    5.95498000e+00   -6.11390000e-02
    1.91737000e+00    1.96491000e-01
    1.02497000e+00    3.32524000e-01
    5.29513000e-01    3.34592000e-01
    2.63306000e-01    2.40827000e-01
    1.25354000e-01    1.14671000e-01
9  2
    6.44513000e+01   -1.26000000e-04
    1.93509000e+01    1.15300000e-03
    1.20833000e+01   -1.10570000e-02
    5.95498000e+00    7.60890000e-02
    1.91737000e+00   -2.88501000e-01
    1.02497000e+00   -4.78758000e-01
    5.29513000e-01   -2.90100000e-02
    2.63306000e-01    4.36501000e-01
    1.25354000e-01    4.39235000e-01
9  2
    6.44513000e+01    4.21000000e-04
    1.93509000e+01   -5.02900000e-03
    1.20833000e+01    2.43060000e-02
    5.95498000e+00   -1.28546000e-01
    1.91737000e+00    6.63518000e-01
    1.02497000e+00    3.91242000e-01
    5.29513000e-01   -9.71229000e-01
    2.63306000e-01   -3.23945000e-01
    1.25354000e-01    5.67081000e-01
9  2
    6.44513000e+01    1.30000000e-05
    1.93509000e+01   -7.42000000e-04
    1.20833000e+01   -1.89880000e-02
    5.95498000e+00    1.91993000e-01
    1.91737000e+00   -1.66568100e+00
    1.02497000e+00    1.49989200e+00
    5.29513000e-01    6.22452000e-01
    2.63306000e-01   -1.39527500e+00
    1.25354000e-01    2.06755000e-01
1  2
    5.58110000e-02    1.00000000e+00
1  3
    1.66600000e+00    1.00000000e+00
1  3
    7.01900000e-01    1.00000000e+00
1  3
    2.95800000e-01    1.00000000e+00
1  4
    1.70700000e+00    1.00000000e+00
1  4
    6.16600000e-01    1.00000000e+00
1  5
    1.14980000e+00    1.00000000e+00
