30
15  0
    4.13600000e+02    6.00000000e-06
    1.03535000e+02    4.16000000e-04
    6.41243000e+01   -3.87200000e-03
    3.98615000e+01    2.64020000e-02
    2.47987000e+01   -1.19356000e-01
    1.39302000e+01    3.57524000e-01
    7.80138000e+00   -1.64495000e-01
    4.86991000e+00   -6.96777000e-01
    2.74281000e+00   -7.77230000e-02
    1.71192000e+00    5.37515000e-01
    1.01580000e+00    6.16906000e-01
    5.72573000e-01    2.76147000e-01
    2.87864000e-01    3.15070000e-02
    1.41592000e-01    1.87300000e-03
    6.75100000e-02    1.59700000e-03
15  0
    4.13600000e+02   -3.00000000e-06
    1.03535000e+02   -1.16000000e-04
    6.41243000e+01    1.16800000e-03
    3.98615000e+01   -8.57400000e-03
    2.47987000e+01    4.07120000e-02
    1.39302000e+01   -1.27921000e-01
    7.80138000e+00    6.92260000e-02
    4.86991000e+00    2.58668000e-01
    2.74281000e+00    2.19490000e-02
    1.71192000e+00   -2.46689000e-01
    1.01580000e+00   -3.41997000e-01
    5.72573000e-01   -2.23969000e-01
    2.87864000e-01    9.85710000e-02
    1.41592000e-01    4.68704000e-01
    6.75100000e-02    5.21611000e-01
15  0
    4.13600000e+02   -9.00000000e-06
    1.03535000e+02   -1.02000000e-04
    6.41243000e+01    1.69600000e-03
    3.98615000e+01   -1.55390000e-02
    2.47987000e+01    7.98540000e-02
    1.39302000e+01   -2.59712000e-01
    7.80138000e+00    1.41232000e-01
    4.86991000e+00    5.47276000e-01
    2.74281000e+00    1.70899000e-01
    1.71192000e+00   -8.33609000e-01
    1.01580000e+00   -1.23722100e+00
    5.72573000e-01    5.34741000e-01
    2.87864000e-01    1.61960500e+00
    1.41592000e-01    9.99360000e-02
    6.75100000e-02   -8.38075000e-01
15  0
    4.13600000e+02   -2.30000000e-05
    1.03535000e+02    1.92000000e-04
    6.41243000e+01    6.93000000e-04
    3.98615000e+01   -1.73180000e-02
    2.47987000e+01    1.06172000e-01
    1.39302000e+01   -3.65708000e-01
    7.80138000e+00    1.73043000e-01
    4.86991000e+00    9.04765000e-01
    2.74281000e+00    7.78837000e-01
    1.71192000e+00   -3.67480700e+00
    1.01580000e+00   -2.81429000e-01
    5.72573000e-01    4.38320800e+00
    2.87864000e-01   -1.31079400e+00
    1.41592000e-01   -2.01360300e+00
    6.75100000e-02    8.16026000e-01
15  0
    4.13600000e+02    1.01000000e-04
    1.03535000e+02   -2.81100000e-03
    6.41243000e+01    1.17530000e-02
    3.98615000e+01   -1.21690000e-02
    2.47987000e+01   -7.57860000e-02
    1.39302000e+01    3.63474000e-01
    7.80138000e+00    2.18263000e-01
    4.86991000e+00   -2.57193100e+00
    2.74281000e+00    7.04964000e-01
    1.71192000e+00    8.43532500e+00
    1.01580000e+00   -1.07771740e+01
    5.72573000e-01    2.03548100e+00
    2.87864000e-01    4.84583900e+00
    1.41592000e-01   -3.82008500e+00
    6.75100000e-02   -1.99267000e-01
15  0
    4.13600000e+02    7.23000000e-04
    1.03535000e+02   -2.45520000e-02
    6.41243000e+01    1.16543000e-01
    3.98615000e+01   -2.86243000e-01
    2.47987000e+01    3.82486000e-01
    1.39302000e+01   -4.12991000e-01
    7.80138000e+00    2.97306100e+00
    4.86991000e+00   -1.05360960e+01
    2.74281000e+00    1.78678350e+01
    1.71192000e+00   -8.51374100e+00
    1.01580000e+00   -1.08888750e+01
    5.72573000e-01    1.69161650e+01
    2.87864000e-01   -1.05173940e+01
    1.41592000e-01    2.42311100e+00
    6.75100000e-02    2.10839700e+00
1  0
    3.18870000e-02    1.00000000e+00
12  1
    3.93378000e+02    5.00000000e-06
    3.44003000e+01    1.95300000e-03
    2.14843000e+01   -2.25700000e-02
    1.34194000e+01    1.04334000e-01
    8.38049000e+00   -1.00218000e-01
    5.18994000e+00   -2.32240000e-01
    1.85863000e+00    3.83273000e-01
    1.03153000e+00    4.88842000e-01
    5.49205000e-01    2.70170000e-01
    2.70057000e-01    5.49560000e-02
    1.24170000e-01    3.23100000e-03
    5.62650000e-02    7.14000000e-04
12  1
    3.93378000e+02   -1.00000000e-06
    3.44003000e+01   -5.97000000e-04
    2.14843000e+01    6.72200000e-03
    1.34194000e+01   -3.15200000e-02
    8.38049000e+00    3.34640000e-02
    5.18994000e+00    6.54460000e-02
    1.85863000e+00   -1.32985000e-01
    1.03153000e+00   -1.83778000e-01
    5.49205000e-01   -9.79100000e-02
    2.70057000e-01    1.55310000e-01
    1.24170000e-01    4.30586000e-01
    5.62650000e-02    4.49948000e-01
12  1
    3.93378000e+02   -4.00000000e-06
    3.44003000e+01   -1.00700000e-03
    2.14843000e+01    1.33030000e-02
    1.34194000e+01   -6.59420000e-02
    8.38049000e+00    6.80320000e-02
    5.18994000e+00    1.54620000e-01
    1.85863000e+00   -3.34503000e-01
    1.03153000e+00   -4.86730000e-01
    5.49205000e-01    6.80490000e-02
    2.70057000e-01    6.76873000e-01
    1.24170000e-01    4.13054000e-01
    5.62650000e-02    4.07020000e-02
12  1
    3.93378000e+02   -2.00000000e-05
    3.44003000e+01    6.90000000e-04
    2.14843000e+01    9.65800000e-03
    1.34194000e+01   -7.63270000e-02
    8.38049000e+00    5.88180000e-02
    5.18994000e+00    3.27877000e-01
    1.85863000e+00   -9.46405000e-01
    1.03153000e+00   -6.30564000e-01
    5.49205000e-01    1.63239200e+00
    2.70057000e-01    2.34170000e-01
    1.24170000e-01   -9.22551000e-01
    5.62650000e-02   -1.66860000e-01
12  1
    3.93378000e+02    3.10000000e-05
    3.44003000e+01   -1.14900000e-03
    2.14843000e+01   -1.47660000e-02
    1.34194000e+01    1.22510000e-01
    8.38049000e+00   -8.80640000e-02
    5.18994000e+00   -6.39877000e-01
    1.85863000e+00    3.36511400e+00
    1.03153000e+00   -3.47765100e+00
    5.49205000e-01   -2.40994000e-01
    2.70057000e-01    2.22623100e+00
    1.24170000e-01   -1.01325200e+00
    5.62650000e-02   -3.03743000e-01
12  1
    3.93378000e+02   -5.76000000e-04
    3.44003000e+01    1.05182000e-01
    2.14843000e+01   -5.51336000e-01
    1.34194000e+01    1.55807900e+00
    8.38049000e+00   -2.48824400e+00
    5.18994000e+00    1.37068400e+00
    1.85863000e+00    3.52403100e+00
    1.03153000e+00   -8.22031500e+00
    5.49205000e-01    8.19740800e+00
    2.70057000e-01   -4.37262500e+00
    1.24170000e-01    7.17943000e-01
    5.62650000e-02    5.61045000e-01
1  1
    2.51200000e-02    1.00000000e+00
10  2
    5.81968000e+01    8.60000000e-05
    2.02554000e+01   -6.67000000e-04
    1.26079000e+01    7.61600000e-03
    5.87904000e+00   -6.13110000e-02
    1.98186000e+00    1.72567000e-01
    1.12322000e+00    2.87977000e-01
    6.29609000e-01    3.03536000e-01
    3.45523000e-01    2.48030000e-01
    1.83711000e-01    1.56708000e-01
    9.39850000e-02    6.38530000e-02
10  2
    5.81968000e+01   -1.37000000e-04
    2.02554000e+01    1.09400000e-03
    1.26079000e+01   -9.58300000e-03
    5.87904000e+00    7.53300000e-02
    1.98186000e+00   -2.46943000e-01
    1.12322000e+00   -4.42211000e-01
    6.29609000e-01   -1.57780000e-01
    3.45523000e-01    2.62589000e-01
    1.83711000e-01    4.39919000e-01
    9.39850000e-02    2.96839000e-01
10  2
    5.81968000e+01    4.75000000e-04
    2.02554000e+01   -4.58000000e-03
    1.26079000e+01    2.08790000e-02
    5.87904000e+00   -1.27327000e-01
    1.98186000e+00    5.80283000e-01
    1.12322000e+00    5.25181000e-01
    6.29609000e-01   -7.01492000e-01
    3.45523000e-01   -6.18796000e-01
    1.83711000e-01    1.62518000e-01
    9.39850000e-02    5.58585000e-01
10  2
    5.81968000e+01    8.94000000e-04
    2.02554000e+01   -9.32800000e-03
    1.26079000e+01    3.88740000e-02
    5.87904000e+00   -2.28482000e-01
    1.98186000e+00    1.62338200e+00
    1.12322000e+00   -9.64083000e-01
    6.29609000e-01   -1.32473100e+00
    3.45523000e-01    1.15065300e+00
    1.83711000e-01    5.49226000e-01
    9.39850000e-02   -5.36715000e-01
10  2
    5.81968000e+01    5.70800000e-03
    2.02554000e+01   -5.92650000e-02
    1.26079000e+01    1.04751000e-01
    5.87904000e+00    1.04932000e-01
    1.98186000e+00   -2.87944600e+00
    1.12322000e+00    5.32857800e+00
    6.29609000e-01   -3.77131700e+00
    3.45523000e-01    2.70871000e-01
    1.83711000e-01    1.17487700e+00
    9.39850000e-02   -1.83884000e-01
1  2
    4.51010000e-02    1.00000000e+00
1  3
    1.96660000e+00    1.00000000e+00
1  3
    9.73900000e-01    1.00000000e+00
1  3
    4.82300000e-01    1.00000000e+00
1  3
    2.38800000e-01    1.00000000e+00
1  4
    2.36750000e+00    1.00000000e+00
1  4
    1.02290000e+00    1.00000000e+00
1  4
    4.41900000e-01    1.00000000e+00
1  5
    1.84360000e+00    1.00000000e+00
1  5
    7.33200000e-01    1.00000000e+00
1  6
    1.53700000e+00    1.00000000e+00
