22
1  0
    4.66671162e+00    1.00000000e+00
4  0
    2.34655072e+01    5.51509261e-01
    2.06570911e+01   -1.26902741e+00
    1.57251079e+01    1.12151455e+00
    7.92974636e+00   -4.22501780e-01
1  0
    1.42025226e+00    1.00000000e+00
1  0
    6.67866715e-01    1.00000000e+00
1  0
    1.97450597e-01    1.00000000e+00
1  0
    9.25739204e-02    1.00000000e+00
1  0
    3.88959369e-02    1.00000000e+00
4  1
    1.55000000e+01   -1.56727186e-01
    1.40000000e+01    2.38534130e-01
    6.11612123e+00   -3.10413797e-01
    1.57155864e+00    5.64735251e-01
1  1
    7.51325108e-01    1.00000000e+00
1  1
    3.33064668e-01    1.00000000e+00
1  1
    9.10000000e-02    1.00000000e+00
1  1
    3.50000000e-02    1.00000000e+00
3  2
    8.32079376e+00    6.29455087e-02
    7.42072265e+00   -9.02711543e-02
    1.65704106e+00    1.68123409e-01
1  2
    7.39435700e-01    1.00000000e+00
1  2
    3.05082901e-01    1.00000000e+00
1  2
    1.13504359e-01    1.00000000e+00
1  3
    1.64025000e+00    1.00000000e+00
1  3
    6.68130000e-01    1.00000000e+00
1  3
    2.72150000e-01    1.00000000e+00
1  3
    1.10860000e-01    1.00000000e+00
1  4
    1.55575000e+00    1.00000000e+00
1  4
    5.82280000e-01    1.00000000e+00
