Pt nelec 60
Pt ul
2      1.00000000             0.00000000       
Pt S
2     14.60450000           429.64608700       
2      7.21828700            73.15688400       
Pt P
2     11.57716200            88.02291700       
2     10.88384300           175.99819600       
2      6.42440300            13.68227400       
2      5.22419800            27.41465100       
Pt D
2      7.69961000            43.55785200       
2      7.55080800            65.36910800       
2      3.96116400             7.01859600       
2      3.87277700            11.39173300       
Pt F
2      3.37986900            10.71022000       
2      3.32625500            14.27812500       
Pt G
2      5.45202000           -11.65174900       
2      5.41258500           -14.37552500       
