52
1  0
    2.27460016e+07    1.00000000e+00
1  0
    9.19148212e+06    1.00000000e+00
1  0
    3.81020667e+06    1.00000000e+00
1  0
    1.62001338e+06    1.00000000e+00
1  0
    7.06328979e+05    1.00000000e+00
1  0
    3.15726449e+05    1.00000000e+00
1  0
    1.44648070e+05    1.00000000e+00
1  0
    6.79013665e+04    1.00000000e+00
1  0
    3.26481403e+04    1.00000000e+00
1  0
    1.60725545e+04    1.00000000e+00
1  0
    8.09789541e+03    1.00000000e+00
1  0
    4.17364532e+03    1.00000000e+00
1  0
    2.19933147e+03    1.00000000e+00
1  0
    1.18427603e+03    1.00000000e+00
1  0
    6.51233464e+02    1.00000000e+00
1  0
    3.65472743e+02    1.00000000e+00
1  0
    2.09169793e+02    1.00000000e+00
1  0
    1.21993784e+02    1.00000000e+00
1  0
    7.24465994e+01    1.00000000e+00
1  0
    4.37687758e+01    1.00000000e+00
1  0
    2.68769071e+01    1.00000000e+00
1  0
    1.67588139e+01    1.00000000e+00
1  0
    1.06002392e+01    1.00000000e+00
1  0
    6.79415056e+00    1.00000000e+00
1  0
    4.40778891e+00    1.00000000e+00
1  0
    2.89116546e+00    1.00000000e+00
1  0
    1.91502639e+00    1.00000000e+00
1  0
    1.27936232e+00    1.00000000e+00
1  0
    8.60959110e-01    1.00000000e+00
1  0
    5.82884610e-01    1.00000000e+00
1  0
    3.96482870e-01    1.00000000e+00
1  0
    2.70601730e-01    1.00000000e+00
1  0
    1.85062170e-01    1.00000000e+00
1  0
    1.26648140e-01    1.00000000e+00
1  1
    6.16853560e+00    1.00000000e+00
1  1
    2.74292610e+00    1.00000000e+00
1  1
    1.20255030e+00    1.00000000e+00
1  1
    5.22814900e-01    1.00000000e+00
1  1
    2.26665100e-01    1.00000000e+00
1  2
    1.28031144e+01    1.00000000e+00
1  2
    4.92104596e+00    1.00000000e+00
1  2
    1.91665854e+00    1.00000000e+00
1  2
    7.52516870e-01    1.00000000e+00
1  2
    2.96247950e-01    1.00000000e+00
1  3
    1.68325980e+00    1.00000000e+00
1  3
    7.16371800e-01    1.00000000e+00
1  3
    3.08339100e-01    1.00000000e+00
1  4
    2.27912519e+01    1.00000000e+00
1  4
    6.66139856e+00    1.00000000e+00
1  4
    2.34816970e+00    1.00000000e+00
1  4
    9.44511580e-01    1.00000000e+00
1  4
    3.98660680e-01    1.00000000e+00
