14
2  0
    7.47446180e+00    2.69978664e-01
    6.72961806e+00   -4.26292518e-01
1  0
    2.78166400e+00    1.00000000e+00
1  0
    5.34521751e-01    1.00000000e+00
1  0
    2.23687930e-01    1.00000000e+00
1  0
    3.24104071e-02    1.00000000e+00
1  0
    1.41710474e-02    1.00000000e+00
4  1
    5.67206432e+00    4.81142241e-02
    3.33201840e+00   -1.84851314e-01
    8.01500549e-01    4.28118650e-01
    3.63022202e-01    5.86731654e-01
1  1
    1.57339244e-01    1.00000000e+00
1  1
    4.00000000e-02    1.00000000e+00
1  1
    1.60000000e-02    1.00000000e+00
1  2
    2.59078670e-01    1.00000000e+00
1  2
    4.25074380e-02    1.00000000e+00
1  2
    1.19092768e-02    1.00000000e+00
1  3
    8.52450000e-01    1.00000000e+00
