18
4  0
    1.48277116e+01    6.08401000e-02
    8.72218300e+00   -4.74165200e-01
    5.13069580e+00    1.58521210e+00
    3.01805620e+00   -1.84270560e+00
1  0
    1.77532720e+00    1.00000000e+00
1  0
    1.04431010e+00    1.00000000e+00
1  0
    6.14300000e-01    1.00000000e+00
1  0
    3.61352900e-01    1.00000000e+00
1  0
    7.35504000e-02    1.00000000e+00
1  0
    4.32649000e-02    1.00000000e+00
1  0
    2.54499000e-02    1.00000000e+00
2  1
    3.07260160e+00    9.01400000e-03
    1.13693530e+00   -3.58530000e-02
1  1
    4.56936800e-01    1.00000000e+00
1  1
    1.93654200e-01    1.00000000e+00
1  1
    8.35914000e-02    1.00000000e+00
2  2
    1.34118190e+00    9.03400000e-04
    4.37909500e-01   -7.14830000e-03
1  2
    1.56727100e-01    1.00000000e+00
1  2
    5.95258000e-02    1.00000000e+00
1  2
    2.30791000e-02    1.00000000e+00
3  3
    8.44558700e-01   -2.61740000e-03
    3.15345400e-01   -2.40900000e-04
    1.18451300e-01    1.73920000e-03
1  4
    1.80817500e-01    1.00000000e+00
