12
7  0
    3.30133000e+01    2.21330000e-02
    2.06658000e+01   -1.61831000e-01
    1.29498000e+01    3.81230000e-01
    4.77823000e+00   -7.87522000e-01
    1.08580000e+00    8.98081000e-01
    5.00025000e-01    4.22469000e-01
    1.21069000e-01    1.72060000e-02
7  0
    3.30133000e+01   -7.06800000e-03
    2.06658000e+01    5.30520000e-02
    1.29498000e+01   -1.28231000e-01
    4.77823000e+00    2.85396000e-01
    1.08580000e+00   -4.48781000e-01
    5.00025000e-01   -2.97668000e-01
    1.21069000e-01    6.63473000e-01
7  0
    3.30133000e+01    2.74240000e-02
    2.06658000e+01   -1.46831000e-01
    1.29498000e+01    2.90858000e-01
    4.77823000e+00   -5.80100000e-01
    1.08580000e+00    1.42049800e+00
    5.00025000e-01   -6.32179000e-01
    1.21069000e-01   -1.68750300e+00
1  0
    4.38810000e-02    1.00000000e+00
6  1
    8.67598000e+00    1.39490000e-01
    5.65382000e+00   -3.56977000e-01
    1.40639000e+00    4.81804000e-01
    6.92056000e-01    5.11796000e-01
    3.16352000e-01    1.70818000e-01
    1.09309000e-01    9.78200000e-03
6  1
    8.67598000e+00   -4.12390000e-02
    5.65382000e+00    1.08345000e-01
    1.40639000e+00   -1.68884000e-01
    6.92056000e-01   -2.38686000e-01
    3.16352000e-01    6.32430000e-02
    1.09309000e-01    6.10221000e-01
6  1
    8.67598000e+00   -6.51350000e-02
    5.65382000e+00    1.72530000e-01
    1.40639000e+00   -2.64932000e-01
    6.92056000e-01   -4.74341000e-01
    3.16352000e-01    3.99183000e-01
    1.09309000e-01    8.03092000e-01
1  1
    3.85810000e-02    1.00000000e+00
5  2
    8.67197000e+00    1.71910000e-02
    5.44142000e+00   -6.65390000e-02
    1.37508000e+00    2.71157000e-01
    5.83830000e-01    4.48771000e-01
    2.29362000e-01    3.77859000e-01
5  2
    8.67197000e+00   -2.03340000e-02
    5.44142000e+00    7.75390000e-02
    1.37508000e+00   -3.68692000e-01
    5.83830000e-01   -4.74588000e-01
    2.29362000e-01    4.59995000e-01
1  2
    8.08850000e-02    1.00000000e+00
1  3
    5.53300000e-01    1.00000000e+00
