14
3  0
    3.00000000e+01    3.17807178e-01
    2.70000000e+01   -4.64923213e-01
    1.30780457e+01    4.57236413e-01
1  0
    5.03527129e+00    1.00000000e+00
1  0
    1.04827064e+00    1.00000000e+00
1  0
    4.77087734e-01    1.00000000e+00
1  0
    1.22258573e-01    1.00000000e+00
1  0
    4.40074006e-02    1.00000000e+00
4  1
    1.80000000e+01   -2.68909624e-02
    1.23186063e+01    9.97114985e-02
    5.37192345e+00   -2.92893981e-01
    1.35066467e+00    5.14663014e-01
1  1
    6.62128168e-01    1.00000000e+00
1  1
    3.10713852e-01    1.00000000e+00
1  1
    7.00000000e-02    1.00000000e+00
4  2
    7.73528777e+00    8.39017986e-02
    6.09494436e+00   -1.77222587e-01
    1.38711055e+00    5.52382597e-01
    6.23240279e-01    9.19801112e-01
1  2
    2.65173285e-01    1.00000000e+00
1  2
    1.03210968e-01    1.00000000e+00
1  3
    4.89890000e-01    1.00000000e+00
