Re ul
2      1.00000000             0.00000000       
Re S
2     12.16381400           421.97030000       
2      7.10759500            50.13443900       
Re P
2      9.68459700            88.48191000       
2      9.47621400           176.78722000       
2      7.66806600            10.43433800       
2      5.05515600            20.45874300       
Re D
2      6.50988800            43.16243100       
2      6.09121600            64.76775900       
2      4.16400600             5.34030100       
2      4.40737900             8.24333200       
Re F
2      2.56265800             7.24454300       
2      2.52154900             9.65926600       
Re G
2      4.03459900            -7.97494000       
2      4.00962800            -9.88273600       
