14
3  0
    1.02177100e+04    6.17320000e-02
    1.54841200e+03    3.69153000e-01
    3.40499000e+02    6.88514000e-01
3  0
    4.60759300e+02   -1.12446000e-01
    1.00328900e+02    8.43810000e-02
    3.21397100e+01    9.68902000e-01
3  1
    4.60759300e+02    1.50858000e-01
    1.00328900e+02    6.03514000e-01
    3.21397100e+01    4.06025000e-01
3  0
    2.87932900e+01   -1.40409100e+00
    2.59176800e+01    1.21616900e+00
    5.32064000e+00    1.05655500e+00
3  1
    2.87932900e+01   -1.71221800e+00
    2.59176800e+01    2.04760300e+00
    5.32064000e+00    7.22983000e-01
3  0
    5.10974800e+00   -4.12647000e-01
    1.87541400e+00    4.51885000e-01
    6.99558000e-01    8.18899000e-01
3  1
    5.10974800e+00    9.37400000e-03
    1.87541400e+00    4.81554000e-01
    6.99558000e-01    5.82231000e-01
2  0
    8.00571000e-01   -2.55348000e-01
    8.73210000e-02    1.09130800e+00
2  1
    8.00571000e-01   -7.76000000e-04
    8.73210000e-02    1.00021200e+00
1  0
    3.14070000e-02    1.00000000e+00
1  1
    3.14070000e-02    1.00000000e+00
3  2
    7.92559700e+01    1.26190000e-01
    2.17894500e+01    4.93954000e-01
    6.69751800e+00    5.81330000e-01
2  2
    3.19090800e+00    3.21040000e-01
    1.05457500e+00    7.73852000e-01
1  2
    3.26079000e-01    1.00000000e+00
