22
9  0
    2.28932000e+02    5.68000000e-04
    1.99087000e+01   -4.68030000e-02
    1.24468000e+01    2.72367000e-01
    7.77821000e+00   -2.30168000e-01
    4.58006000e+00   -5.09554000e-01
    1.29068000e+00    8.09850000e-01
    5.93414000e-01    4.97876000e-01
    1.49158000e-01    3.31540000e-02
    7.19530000e-02   -1.15130000e-02
9  0
    2.28932000e+02   -1.86000000e-04
    1.99087000e+01    1.51800000e-02
    1.24468000e+01   -9.11300000e-02
    7.77821000e+00    9.11990000e-02
    4.58006000e+00    1.50379000e-01
    1.29068000e+00   -3.34463000e-01
    5.93414000e-01   -3.07443000e-01
    1.49158000e-01    2.69554000e-01
    7.19530000e-02    6.04864000e-01
9  0
    2.28932000e+02   -2.44000000e-04
    1.99087000e+01    7.92900000e-03
    1.24468000e+01   -9.38930000e-02
    7.77821000e+00    7.93600000e-03
    4.58006000e+00    5.41883000e-01
    1.29068000e+00   -1.49748800e+00
    5.93414000e-01    4.94855000e-01
    1.49158000e-01    1.99052700e+00
    7.19530000e-02   -1.22603700e+00
9  0
    2.28932000e+02   -7.25000000e-04
    1.99087000e+01    5.99300000e-02
    1.24468000e+01   -3.54951000e-01
    7.77821000e+00    3.90297000e-01
    4.58006000e+00    5.85743000e-01
    1.29068000e+00   -3.30285600e+00
    5.93414000e-01    3.62571700e+00
    1.49158000e-01   -1.23674900e+00
    7.19530000e-02   -1.00704700e+00
1  0
    3.17520000e-02    1.00000000e+00
1  0
    1.40000000e-02    1.00000000e+00
8  1
    2.42117000e+01   -1.57900000e-03
    1.51331000e+01    2.71980000e-02
    6.44720000e+00   -1.91463000e-01
    1.77776000e+00    4.47658000e-01
    8.99020000e-01    4.77724000e-01
    4.44522000e-01    2.05819000e-01
    1.88674000e-01    2.43520000e-02
    7.85140000e-02   -5.80000000e-05
8  1
    2.42117000e+01   -1.32000000e-04
    1.51331000e+01   -6.53200000e-03
    6.44720000e+00    5.64450000e-02
    1.77776000e+00   -1.61063000e-01
    8.99020000e-01   -1.84258000e-01
    4.44522000e-01   -3.36100000e-02
    1.88674000e-01    3.44544000e-01
    7.85140000e-02    5.59573000e-01
8  1
    2.42117000e+01    1.47000000e-04
    1.51331000e+01   -1.33530000e-02
    6.44720000e+00    1.09480000e-01
    1.77776000e+00   -3.36259000e-01
    8.99020000e-01   -3.68636000e-01
    4.44522000e-01    2.13854000e-01
    1.88674000e-01    6.80379000e-01
    7.85140000e-02    3.07761000e-01
8  1
    2.42117000e+01    2.30400000e-03
    1.51331000e+01   -2.72970000e-02
    6.44720000e+00    1.97647000e-01
    1.77776000e+00   -8.06347000e-01
    8.99020000e-01   -3.87452000e-01
    4.44522000e-01    1.51682700e+00
    1.88674000e-01   -1.13582000e-01
    7.85140000e-02   -8.28613000e-01
1  1
    3.21950000e-02    1.00000000e+00
1  1
    1.32000000e-02    1.00000000e+00
7  2
    2.94998000e+01    1.67700000e-03
    7.40437000e+00   -1.84390000e-02
    3.05959000e+00    1.05076000e-01
    1.58205000e+00    2.93770000e-01
    7.74834000e-01    3.64178000e-01
    3.63056000e-01    2.97265000e-01
    1.61047000e-01    1.59958000e-01
7  2
    2.94998000e+01   -1.78600000e-03
    7.40437000e+00    2.01300000e-02
    3.05959000e+00   -1.27969000e-01
    1.58205000e+00   -3.80780000e-01
    7.74834000e-01   -2.70841000e-01
    3.63056000e-01    2.65163000e-01
    1.61047000e-01    5.37820000e-01
7  2
    2.94998000e+01    3.02900000e-03
    7.40437000e+00   -3.62820000e-02
    3.05959000e+00    2.81551000e-01
    1.58205000e+00    6.38421000e-01
    7.74834000e-01   -3.87185000e-01
    3.63056000e-01   -7.96239000e-01
    1.61047000e-01    3.37518000e-01
1  2
    6.56200000e-02    1.00000000e+00
1  2
    2.67000000e-02    1.00000000e+00
1  3
    1.96060000e+00    1.00000000e+00
1  3
    5.55300000e-01    1.00000000e+00
1  3
    2.09500000e-01    1.00000000e+00
1  4
    1.19070000e+00    1.00000000e+00
1  4
    5.00100000e-01    1.00000000e+00
