23
13  0
    7.37422000e+03    1.30000000e-05
    1.11472000e+03    9.20000000e-05
    2.49938000e+02    3.57000000e-04
    3.75315000e+01    9.17400000e-03
    2.34385000e+01   -6.66920000e-02
    1.46379000e+01    1.95674000e-01
    5.55421000e+00   -4.57482000e-01
    3.42242000e+00   -2.74697000e-01
    1.64928000e+00    5.22454000e-01
    8.83226000e-01    6.52492000e-01
    4.51970000e-01    2.25708000e-01
    1.53006000e-01    1.17950000e-02
    6.78490000e-02   -1.35000000e-04
13  0
    7.37422000e+03   -4.00000000e-06
    1.11472000e+03   -2.90000000e-05
    2.49938000e+02   -1.19000000e-04
    3.75315000e+01   -2.57600000e-03
    2.34385000e+01    1.94110000e-02
    1.46379000e+01   -5.96780000e-02
    5.55421000e+00    1.58968000e-01
    3.42242000e+00    7.38260000e-02
    1.64928000e+00   -1.96891000e-01
    8.83226000e-01   -3.14166000e-01
    4.51970000e-01   -1.76879000e-01
    1.53006000e-01    3.15711000e-01
    6.78490000e-02    6.24722000e-01
13  0
    7.37422000e+03   -9.00000000e-06
    1.11472000e+03   -7.60000000e-05
    2.49938000e+02   -2.05000000e-04
    3.75315000e+01   -8.64300000e-03
    2.34385000e+01    5.37070000e-02
    1.46379000e+01   -1.48339000e-01
    5.55421000e+00    4.12288000e-01
    3.42242000e+00    1.00743000e-01
    1.64928000e+00   -4.42732000e-01
    8.83226000e-01   -1.43235700e+00
    4.51970000e-01    1.21998200e+00
    1.53006000e-01    1.34285600e+00
    6.78490000e-02   -8.36154000e-01
13  0
    7.37422000e+03   -1.40000000e-05
    1.11472000e+03   -9.50000000e-05
    2.49938000e+02   -3.82000000e-04
    3.75315000e+01   -8.09400000e-03
    2.34385000e+01    5.98120000e-02
    1.46379000e+01   -1.87668000e-01
    5.55421000e+00    5.25508000e-01
    3.42242000e+00    4.66723000e-01
    1.64928000e+00   -2.02320500e+00
    8.83226000e-01   -6.91478000e-01
    4.51970000e-01    3.33201000e+00
    1.53006000e-01   -1.99220900e+00
    6.78490000e-02   -6.06725000e-01
13  0
    7.37422000e+03   -2.00000000e-05
    1.11472000e+03   -2.08000000e-04
    2.49938000e+02   -3.95000000e-04
    3.75315000e+01   -2.64950000e-02
    2.34385000e+01    1.50788000e-01
    1.46379000e+01   -4.02497000e-01
    5.55421000e+00    1.36895800e+00
    3.42242000e+00    2.37389000e-01
    1.64928000e+00   -6.60156100e+00
    8.83226000e-01    8.61661400e+00
    4.51970000e-01   -3.53101100e+00
    1.53006000e-01   -1.75370800e+00
    6.78490000e-02    3.52598500e+00
1  0
    2.99320000e-02    1.00000000e+00
10  1
    1.86862000e+02    1.09000000e-04
    1.23059000e+01    5.60310000e-02
    7.69358000e+00   -1.67594000e-01
    3.77956000e+00   -1.36373000e-01
    2.32326000e+00    3.25181000e-01
    1.18473000e+00    5.05539000e-01
    6.09237000e-01    3.23204000e-01
    2.96827000e-01    7.88210000e-02
    1.37271000e-01    4.06500000e-03
    6.21260000e-02    1.25000000e-03
10  1
    1.86862000e+02   -3.50000000e-05
    1.23059000e+01   -1.67420000e-02
    7.69358000e+00    5.20850000e-02
    3.77956000e+00    3.85720000e-02
    2.32326000e+00   -1.09534000e-01
    1.18473000e+00   -1.88286000e-01
    6.09237000e-01   -1.24560000e-01
    2.96827000e-01    1.17110000e-01
    1.37271000e-01    4.23067000e-01
    6.21260000e-02    4.73685000e-01
10  1
    1.86862000e+02   -6.80000000e-05
    1.23059000e+01   -3.14700000e-02
    7.69358000e+00    9.79240000e-02
    3.77956000e+00    8.12320000e-02
    2.32326000e+00   -2.28788000e-01
    1.18473000e+00   -4.00793000e-01
    6.09237000e-01   -1.09774000e-01
    2.96827000e-01    4.79174000e-01
    1.37271000e-01    5.58119000e-01
    6.21260000e-02    1.51742000e-01
10  1
    1.86862000e+02    1.22000000e-04
    1.23059000e+01    5.21280000e-02
    7.69358000e+00   -1.62492000e-01
    3.77956000e+00   -2.12508000e-01
    2.32326000e+00    6.23909000e-01
    1.18473000e+00    7.83160000e-01
    6.09237000e-01   -8.57539000e-01
    2.96827000e-01   -9.66641000e-01
    1.37271000e-01    7.42115000e-01
    6.21260000e-02    4.63494000e-01
10  1
    1.86862000e+02    2.54000000e-04
    1.23059000e+01    7.13490000e-02
    7.69358000e+00   -2.17738000e-01
    3.77956000e+00   -7.63957000e-01
    2.32326000e+00    2.48663600e+00
    1.18473000e+00   -8.31404000e-01
    6.09237000e-01   -2.16954300e+00
    2.96827000e-01    2.24909500e+00
    1.37271000e-01   -1.27542000e-01
    6.21260000e-02   -7.28467000e-01
1  1
    2.76060000e-02    1.00000000e+00
9  2
    8.06204000e+01    2.37000000e-04
    2.21259000e+01    2.23700000e-03
    7.95834000e+00   -1.76500000e-02
    3.19569000e+00    7.88370000e-02
    1.81137000e+00    2.31750000e-01
    9.71383000e-01    3.19223000e-01
    5.01797000e-01    3.02062000e-01
    2.49068000e-01    2.10435000e-01
    1.17970000e-01    9.66100000e-02
9  2
    8.06204000e+01   -2.76000000e-04
    2.21259000e+01   -2.34700000e-03
    7.95834000e+00    1.90780000e-02
    3.19569000e+00   -9.36260000e-02
    1.81137000e+00   -3.08534000e-01
    9.71383000e-01   -3.26239000e-01
    5.01797000e-01    3.10980000e-02
    2.49068000e-01    4.09949000e-01
    1.17970000e-01    4.36893000e-01
9  2
    8.06204000e+01   -4.28000000e-04
    2.21259000e+01   -3.63600000e-03
    7.95834000e+00    3.08490000e-02
    3.19569000e+00   -1.82901000e-01
    1.81137000e+00   -6.14464000e-01
    9.71383000e-01   -1.58290000e-02
    5.01797000e-01    8.11044000e-01
    2.49068000e-01    2.54113000e-01
    1.17970000e-01   -5.51921000e-01
9  2
    8.06204000e+01   -2.41000000e-04
    2.21259000e+01   -8.44700000e-03
    7.95834000e+00    6.98380000e-02
    3.19569000e+00   -5.17329000e-01
    1.81137000e+00   -7.70928000e-01
    9.71383000e-01    1.45119600e+00
    5.01797000e-01    1.69873000e-01
    2.49068000e-01   -1.18988700e+00
    1.17970000e-01    2.46843000e-01
1  2
    5.19500000e-02    1.00000000e+00
1  3
    3.31310000e+00    1.00000000e+00
1  3
    1.10580000e+00    1.00000000e+00
1  3
    3.69100000e-01    1.00000000e+00
1  4
    1.95650000e+00    1.00000000e+00
1  4
    6.74000000e-01    1.00000000e+00
1  5
    1.34360000e+00    1.00000000e+00
