20
1  0
    1.85250000e+05    1.00000000e+00
1  0
    3.08750000e+04    1.00000000e+00
1  0
    6.17500000e+03    1.00000000e+00
1  0
    1.23500000e+03    1.00000000e+00
1  0
    2.47000000e+02    1.00000000e+00
1  10
    5.92000000e+01    1.00000000e+00
1  10
    5.92000000e+01    1.00000000e+00
1  10
    9.88000000e+00    1.00000000e+00
1  10
    9.88000000e+00    1.00000000e+00
1  10
    1.98000000e+00    1.00000000e+00
1  10
    1.98000000e+00    1.00000000e+00
1  10
    3.95000000e-01    1.00000000e+00
1  10
    3.95000000e-01    1.00000000e+00
1  10
    7.90000000e-02    1.00000000e+00
1  10
    7.90000000e-02    1.00000000e+00
1  2
    5.92000000e+01    1.00000000e+00
1  2
    9.88000000e+00    1.00000000e+00
1  2
    1.98000000e+00    1.00000000e+00
1  2
    3.95000000e-01    1.00000000e+00
1  2
    7.90000000e-02    1.00000000e+00
