20
3  0
    1.50000000e+01    5.02580591e-01
    1.35000000e+01   -7.64332779e-01
    7.40511161e+00    3.11452907e-01
1  0
    4.51316964e+00    1.00000000e+00
1  0
    1.32359774e+00    1.00000000e+00
1  0
    6.09541445e-01    1.00000000e+00
1  0
    1.89071928e-01    1.00000000e+00
1  0
    8.90804508e-02    1.00000000e+00
1  0
    3.41315675e-02    1.00000000e+00
4  1
    1.18394253e+01    5.97874185e-02
    6.69536526e+00   -2.47434541e-01
    1.83336163e+00    4.29870032e-01
    1.02679318e+00    4.25473133e-01
1  1
    5.80717670e-01    1.00000000e+00
1  1
    2.79077533e-01    1.00000000e+00
1  1
    6.71089546e-02    1.00000000e+00
1  1
    2.21015422e-02    1.00000000e+00
4  2
    2.63411672e+01    2.06231597e-03
    7.87094627e+00   -1.72393291e-02
    2.59899709e+00    1.72848394e-01
    1.26134358e+00    3.62821023e-01
1  2
    5.75784080e-01    1.00000000e+00
1  2
    2.47251749e-01    1.00000000e+00
1  2
    9.75312103e-02    1.00000000e+00
1  3
    3.27391000e+00    1.00000000e+00
1  3
    1.09499000e+00    1.00000000e+00
1  3
    3.66230000e-01    1.00000000e+00
1  4
    1.19350000e+00    1.00000000e+00
