16
2  0
    1.70000000e+01   -1.66908031e-01
    1.39105817e+01    3.42350017e-01
1  0
    5.24812653e+00    1.00000000e+00
1  0
    1.22625759e+00    1.00000000e+00
1  0
    5.39302163e-01    1.00000000e+00
1  0
    1.01307304e-01    1.00000000e+00
1  0
    3.71241390e-02    1.00000000e+00
4  1
    1.17671036e+01    5.94948594e-02
    6.74851331e+00   -2.37358535e-01
    1.75026798e+00    4.90193343e-01
    8.43211661e-01    5.06239338e-01
1  1
    3.82955448e-01    1.00000000e+00
1  1
    1.15000000e-01    1.00000000e+00
1  1
    3.70000000e-02    1.00000000e+00
4  2
    1.98578301e+01    6.69607782e-03
    1.00613781e+01   -2.19817382e-02
    2.26195465e+00    3.79187062e-01
    9.70988450e-01    6.72899766e-01
1  2
    3.83911953e-01    1.00000000e+00
1  2
    1.35370269e-01    1.00000000e+00
1  3
    1.97507000e+00    1.00000000e+00
1  3
    5.60090000e-01    1.00000000e+00
1  4
    1.19350000e+00    1.00000000e+00
