Rh nelec 28
Rh ul
2      1.0000000              0.0000000        
Rh S
2     12.19481600           225.31205400       
2      5.40513700            32.44158200       
Rh P
2     11.28075500            52.87282600       
2     10.92724800           105.74552600       
2      5.09011700             8.61934400       
2      4.85183200            16.97345900       
Rh D
2      9.13633700            25.10850100       
2      8.96480800            37.69573100       
2      3.64361200             4.20258400       
2      3.63600700             6.29279000       
Rh F
2      8.61622800            -9.67356800       
2      8.62943500           -12.89984700       
