23
4  0
    2.93101190e+01    2.30838700e-01
    1.72412460e+01   -1.68557420e+00
    1.01419091e+01    5.46195600e+00
    5.96582870e+00   -6.57048930e+00
1  0
    3.37237890e+00    1.00000000e+00
1  0
    1.98375230e+00    1.00000000e+00
1  0
    1.14960620e+00    1.00000000e+00
1  0
    6.72868300e-01    1.00000000e+00
1  0
    3.95804900e-01    1.00000000e+00
1  0
    2.28222500e-01    1.00000000e+00
1  0
    9.07871000e-02    1.00000000e+00
1  1
    4.47347210e+00    1.00000000e+00
1  1
    2.19858090e+00    1.00000000e+00
1  1
    1.06536220e+00    1.00000000e+00
1  1
    5.11926600e-01    1.00000000e+00
1  1
    2.45307100e-01    1.00000000e+00
1  2
    6.57496220e+00    1.00000000e+00
1  2
    2.81041590e+00    1.00000000e+00
1  2
    1.26299280e+00    1.00000000e+00
1  2
    5.85633400e-01    1.00000000e+00
1  2
    2.74459800e-01    1.00000000e+00
2  3
    1.79713630e+00   -2.40558000e-02
    7.72628000e-01    1.64170000e-02
1  3
    3.30093500e-01    1.00000000e+00
1  4
    7.06673970e+00    1.00000000e+00
1  4
    2.48079010e+00    1.00000000e+00
1  4
    8.65442200e-01    1.00000000e+00
