43
1  0
    8.55667954e+05    1.00000000e+00
1  0
    3.41816244e+05    1.00000000e+00
1  0
    1.40384254e+05    1.00000000e+00
1  0
    5.92471884e+04    1.00000000e+00
1  0
    2.56802197e+04    1.00000000e+00
1  0
    1.14245904e+04    1.00000000e+00
1  0
    5.21306046e+03    1.00000000e+00
1  0
    2.43794170e+03    1.00000000e+00
1  0
    1.16753101e+03    1.00000000e+00
1  0
    5.72046493e+02    1.00000000e+00
1  0
    2.86471750e+02    1.00000000e+00
1  0
    1.46472407e+02    1.00000000e+00
1  0
    7.63757544e+01    1.00000000e+00
1  0
    4.05648105e+01    1.00000000e+00
1  0
    2.19166045e+01    1.00000000e+00
1  0
    1.20290319e+01    1.00000000e+00
1  0
    6.69722422e+00    1.00000000e+00
1  0
    3.77668014e+00    1.00000000e+00
1  0
    2.15374700e+00    1.00000000e+00
1  0
    1.24005873e+00    1.00000000e+00
1  0
    7.19657620e-01    1.00000000e+00
1  0
    4.20243540e-01    1.00000000e+00
1  0
    2.46495440e-01    1.00000000e+00
1  0
    1.44970790e-01    1.00000000e+00
1  0
    8.53376600e-02    1.00000000e+00
1  1
    4.47347210e+00    1.00000000e+00
1  1
    2.19858090e+00    1.00000000e+00
1  1
    1.06536220e+00    1.00000000e+00
1  1
    5.11926600e-01    1.00000000e+00
1  1
    2.45307100e-01    1.00000000e+00
1  2
    6.57496220e+00    1.00000000e+00
1  2
    2.81041590e+00    1.00000000e+00
1  2
    1.26299280e+00    1.00000000e+00
1  2
    5.85633400e-01    1.00000000e+00
1  2
    2.74459800e-01    1.00000000e+00
1  3
    1.79713630e+00    1.00000000e+00
1  3
    7.72628000e-01    1.00000000e+00
1  3
    3.30093500e-01    1.00000000e+00
1  4
    5.36428381e+01    1.00000000e+00
1  4
    9.84580865e+00    1.00000000e+00
1  4
    2.70617686e+00    1.00000000e+00
1  4
    1.06030577e+00    1.00000000e+00
1  4
    4.84101080e-01    1.00000000e+00
