24
10  0
    1.27156000e+04    4.70000000e-05
    1.91330000e+03    3.38000000e-04
    4.29956000e+02    1.28000000e-03
    1.00978000e+02    2.78200000e-03
    2.44708000e+01   -1.00421000e-01
    1.52922000e+01    5.39824000e-01
    9.55483000e+00   -5.73856000e-01
    5.96661000e+00   -6.10000000e-01
    2.38939000e+00    7.93253000e-01
    1.31880000e+00    6.51597000e-01
10  0
    1.27156000e+04    2.80000000e-05
    1.91330000e+03    1.95000000e-04
    4.29956000e+02    7.69000000e-04
    1.00978000e+02    1.49700000e-03
    2.44708000e+01   -4.95930000e-02
    1.52922000e+01    2.89558000e-01
    9.55483000e+00   -3.68037000e-01
    5.96661000e+00   -2.73357000e-01
    2.38939000e+00    5.77881000e-01
    1.31880000e+00    6.29685000e-01
1  0
    6.25723000e-01    1.00000000e+00
1  0
    3.56911000e-01    1.00000000e+00
1  0
    1.77530000e-01    1.00000000e+00
1  0
    8.34340000e-02    1.00000000e+00
1  0
    3.20000000e-02    1.00000000e+00
7  1
    1.31708000e+02    5.85000000e-04
    2.14016000e+01   -1.44380000e-02
    1.33826000e+01    1.70095000e-01
    8.36880000e+00   -4.22504000e-01
    5.22945000e+00   -1.71900000e-03
    2.47685000e+00    6.01158000e-01
    1.30180000e+00    4.92780000e-01
7  1
    1.31708000e+02   -2.34000000e-04
    2.14016000e+01    4.36600000e-03
    1.33826000e+01   -6.53500000e-02
    8.36880000e+00    1.82327000e-01
    5.22945000e+00   -2.36720000e-02
    2.47685000e+00   -2.89945000e-01
    1.30180000e+00   -2.80062000e-01
1  1
    6.45710000e-01    1.00000000e+00
1  1
    3.12897000e-01    1.00000000e+00
1  1
    1.42853000e-01    1.00000000e+00
1  1
    6.25560000e-02    1.00000000e+00
1  1
    2.55000000e-02    1.00000000e+00
8  2
    1.83730000e+02    1.29000000e-04
    5.46897000e+01    9.49000000e-04
    1.64255000e+01    1.01000000e-02
    7.30500000e+00   -8.73090000e-02
    4.27477000e+00    7.14520000e-02
    2.61142000e+00    2.95378000e-01
    1.56674000e+00    3.58731000e-01
    9.60979000e-01    2.56120000e-01
1  2
    5.96535000e-01    1.00000000e+00
1  2
    3.42028000e-01    1.00000000e+00
1  2
    1.51600000e-01    1.00000000e+00
1  2
    5.97000000e-02    1.00000000e+00
1  3
    5.94000000e-01    1.00000000e+00
1  3
    2.68400000e-01    1.00000000e+00
1  3
    1.53300000e-01    1.00000000e+00
1  4
    4.76300000e-01    1.00000000e+00
1  4
    2.49100000e-01    1.00000000e+00
