33
1  0
    7.76682000e+00    1.00000000e+00
1  0
    5.70201000e+00    1.00000000e+00
1  0
    4.25378000e+00    1.00000000e+00
1  0
    3.18197000e+00    1.00000000e+00
1  0
    1.36622000e+00    1.00000000e+00
1  0
    7.65920000e-01    1.00000000e+00
1  0
    4.20770000e-01    1.00000000e+00
1  0
    1.82372000e-01    1.00000000e+00
1  1
    1.10758000e+01    1.00000000e+00
1  1
    7.16187000e+00    1.00000000e+00
1  1
    4.27044000e+00    1.00000000e+00
1  1
    2.59946000e+00    1.00000000e+00
1  1
    1.17753000e+00    1.00000000e+00
1  1
    5.95792000e-01    1.00000000e+00
1  1
    3.81468000e-01    1.00000000e+00
1  1
    2.16966000e-01    1.00000000e+00
1  2
    5.53592000e+00    1.00000000e+00
1  2
    4.26843000e+00    1.00000000e+00
1  2
    3.13673000e+00    1.00000000e+00
1  2
    1.45884000e+00    1.00000000e+00
1  2
    8.18595000e-01    1.00000000e+00
1  2
    4.69304000e-01    1.00000000e+00
1  2
    2.37807000e-01    1.00000000e+00
1  3
    1.03296000e+01    1.00000000e+00
1  3
    4.04036000e+00    1.00000000e+00
1  3
    1.81697000e+00    1.00000000e+00
1  3
    7.29868000e-01    1.00000000e+00
1  3
    3.58280000e-01    1.00000000e+00
1  4
    3.86109000e+00    1.00000000e+00
1  4
    1.48699000e+00    1.00000000e+00
1  4
    6.59633000e-01    1.00000000e+00
1  5
    2.65568000e+00    1.00000000e+00
1  5
    1.17087000e+00    1.00000000e+00
