61
1  0
    4.28878000e+01    1.00000000e+00
1  0
    2.82633000e+01    1.00000000e+00
1  0
    1.59777000e+01    1.00000000e+00
1  0
    8.69034000e+00    1.00000000e+00
1  0
    6.27741000e+00    1.00000000e+00
1  0
    3.48208000e+00    1.00000000e+00
1  0
    1.80036000e+00    1.00000000e+00
1  0
    1.04160000e+00    1.00000000e+00
1  0
    6.73040000e-01    1.00000000e+00
1  0
    4.39579000e-01    1.00000000e+00
1  0
    3.21950000e-01    1.00000000e+00
1  0
    1.75603000e-01    1.00000000e+00
1  0
    9.00622000e-02    1.00000000e+00
1  1
    2.76910000e+01    1.00000000e+00
1  1
    1.18294000e+01    1.00000000e+00
1  1
    8.01550000e+00    1.00000000e+00
1  1
    6.06920000e+00    1.00000000e+00
1  1
    3.16228000e+00    1.00000000e+00
1  1
    1.89870000e+00    1.00000000e+00
1  1
    1.08756000e+00    1.00000000e+00
1  1
    7.08201000e-01    1.00000000e+00
1  1
    4.87823000e-01    1.00000000e+00
1  1
    3.12504000e-01    1.00000000e+00
1  1
    1.62763000e-01    1.00000000e+00
1  1
    8.52953000e-02    1.00000000e+00
1  2
    2.34174000e+01    1.00000000e+00
1  2
    1.26965000e+01    1.00000000e+00
1  2
    8.88688000e+00    1.00000000e+00
1  2
    4.71858000e+00    1.00000000e+00
1  2
    2.70461000e+00    1.00000000e+00
1  2
    1.31586000e+00    1.00000000e+00
1  2
    7.95617000e-01    1.00000000e+00
1  2
    5.51567000e-01    1.00000000e+00
1  2
    3.90758000e-01    1.00000000e+00
1  2
    2.23073000e-01    1.00000000e+00
1  2
    1.07254000e-01    1.00000000e+00
1  3
    1.64412000e+01    1.00000000e+00
1  3
    8.96940000e+00    1.00000000e+00
1  3
    4.75316000e+00    1.00000000e+00
1  3
    2.60998000e+00    1.00000000e+00
1  3
    1.34803000e+00    1.00000000e+00
1  3
    8.23265000e-01    1.00000000e+00
1  3
    6.01476000e-01    1.00000000e+00
1  3
    3.76898000e-01    1.00000000e+00
1  3
    2.09319000e-01    1.00000000e+00
1  4
    8.86670000e+00    1.00000000e+00
1  4
    4.50209000e+00    1.00000000e+00
1  4
    2.38623000e+00    1.00000000e+00
1  4
    1.31332000e+00    1.00000000e+00
1  4
    8.31174000e-01    1.00000000e+00
1  4
    5.68234000e-01    1.00000000e+00
1  4
    3.40893000e-01    1.00000000e+00
1  5
    5.12034000e+00    1.00000000e+00
1  5
    2.38410000e+00    1.00000000e+00
1  5
    1.15943000e+00    1.00000000e+00
1  5
    8.21752000e-01    1.00000000e+00
1  5
    4.82661000e-01    1.00000000e+00
1  6
    2.45006000e+00    1.00000000e+00
1  6
    1.28389000e+00    1.00000000e+00
1  6
    7.87692000e-01    1.00000000e+00
1  7
    1.50419000e+00    1.00000000e+00
