25
11  0
    3.01271000e+04    1.60000000e-05
    4.53014000e+03    1.22000000e-04
    1.02979000e+03    5.59000000e-04
    2.86391000e+02    1.49700000e-03
    6.52693000e+01    4.55500000e-03
    2.52287000e+01   -1.09085000e-01
    1.57590000e+01    5.17067000e-01
    9.84368000e+00   -4.76041000e-01
    6.01084000e+00   -7.24170000e-01
    3.18280000e+00    3.01850000e-01
    1.92399000e+00    8.30126000e-01
11  0
    3.01271000e+04   -9.00000000e-06
    4.53014000e+03   -7.20000000e-05
    1.02979000e+03   -3.22000000e-04
    2.86391000e+02   -9.08000000e-04
    6.52693000e+01   -2.28300000e-03
    2.52287000e+01    5.39020000e-02
    1.57590000e+01   -2.77133000e-01
    9.84368000e+00    3.09765000e-01
    6.01084000e+00    3.46849000e-01
    3.18280000e+00   -2.08118000e-01
    1.92399000e+00   -6.53628000e-01
1  0
    1.09416000e+00    1.00000000e+00
1  0
    5.38540000e-01    1.00000000e+00
1  0
    2.86498000e-01    1.00000000e+00
1  0
    1.47443000e-01    1.00000000e+00
1  0
    7.20380000e-02    1.00000000e+00
8  1
    3.55965000e+02    1.42000000e-04
    7.76233000e+01    8.82000000e-04
    2.22008000e+01   -1.89140000e-02
    1.38732000e+01    1.68428000e-01
    8.67063000e+00   -3.68260000e-01
    5.41713000e+00   -8.86670000e-02
    2.80005000e+00    4.71856000e-01
    1.57807000e+00    5.37112000e-01
8  1
    3.55965000e+02   -6.40000000e-05
    7.76233000e+01   -3.34000000e-04
    2.22008000e+01    6.39400000e-03
    1.38732000e+01   -6.61310000e-02
    8.67063000e+00    1.62485000e-01
    5.41713000e+00    1.19280000e-02
    2.80005000e+00   -2.19897000e-01
    1.57807000e+00   -2.99826000e-01
1  1
    8.68952000e-01    1.00000000e+00
1  1
    4.44799000e-01    1.00000000e+00
1  1
    2.22842000e-01    1.00000000e+00
1  1
    1.08839000e-01    1.00000000e+00
1  1
    5.14910000e-02    1.00000000e+00
8  2
    1.80888000e+02    1.33000000e-04
    5.38241000e+01    9.72000000e-04
    1.61471000e+01    1.06480000e-02
    7.40602000e+00   -8.53360000e-02
    4.62587000e+00    4.00760000e-02
    2.86804000e+00    2.55949000e-01
    1.71452000e+00    3.77743000e-01
    1.00402000e+00    3.02709000e-01
1  2
    5.91864000e-01    1.00000000e+00
1  2
    3.66305000e-01    1.00000000e+00
1  2
    2.26536000e-01    1.00000000e+00
1  2
    1.22200000e-01    1.00000000e+00
1  3
    6.66900000e-01    1.00000000e+00
1  3
    3.86100000e-01    1.00000000e+00
1  3
    2.23500000e-01    1.00000000e+00
1  4
    6.68200000e-01    1.00000000e+00
1  4
    3.28000000e-01    1.00000000e+00
1  5
    5.90100000e-01    1.00000000e+00
