23
1  0
    1.09732000e+01    1.00000000e+00
1  0
    6.73090000e+00    1.00000000e+00
1  0
    3.71535000e+00    1.00000000e+00
1  0
    1.88482000e+00    1.00000000e+00
1  0
    8.10737000e-01    1.00000000e+00
1  0
    3.55944000e-01    1.00000000e+00
1  0
    2.07437000e-01    1.00000000e+00
1  1
    4.96776000e+00    1.00000000e+00
1  1
    3.51315000e+00    1.00000000e+00
1  1
    2.43803000e+00    1.00000000e+00
1  1
    1.02013000e+00    1.00000000e+00
1  1
    4.43200000e-01    1.00000000e+00
1  1
    2.73702000e-01    1.00000000e+00
1  2
    6.64683000e+00    1.00000000e+00
1  2
    3.32597000e+00    1.00000000e+00
1  2
    2.15884000e+00    1.00000000e+00
1  2
    5.71055000e-01    1.00000000e+00
1  2
    2.68577000e-01    1.00000000e+00
1  3
    3.45287000e+00    1.00000000e+00
1  3
    1.67814000e+00    1.00000000e+00
1  3
    4.84510000e-01    1.00000000e+00
1  4
    3.91623000e+00    1.00000000e+00
1  4
    9.31174000e-01    1.00000000e+00
