Rn nelec 60
Rn ul
2      1.0000000              0.0000000        
Rn S
2     30.1512420             49.9655510        
2     14.5212410            283.0700000        
2      8.0520380             62.0028700        
Rn P
2     11.0099420             71.9691190        
2      9.6176250            143.8605590        
2      7.3360080              4.7147610        
2      6.4062530              9.0130650        
Rn D
2      8.3692200             36.3683650        
2      8.1169750             54.5517610        
2      5.3536560              9.6344870        
2      5.0972120             14.3879020        
Rn F
2      6.3485710             21.7972900        
2      6.2959490             28.9468050        
2      2.8821180              1.4473650        
2      2.9080480              2.1779640        
Rn G
2     11.0152050            -25.2280950        
2     10.9098530            -30.5661210        
2      3.4827610             -0.5748000        
2      3.6004180             -0.7795380        
