18
4  0
    9.73217241e+01   -6.11041000e-02
    5.72480714e+01    2.27635300e-01
    1.98090201e+01   -3.34774310e+00
    1.16523645e+01    1.43525060e+01
1  0
    6.85433180e+00    1.00000000e+00
1  0
    4.03195980e+00    1.00000000e+00
1  0
    2.37174100e+00    1.00000000e+00
1  0
    1.39514170e+00    1.00000000e+00
1  0
    4.82748000e-01    1.00000000e+00
1  0
    2.83969400e-01    1.00000000e+00
1  0
    1.67040800e-01    1.00000000e+00
2  1
    4.95067860e+00    3.03578000e-02
    1.89793090e+00   -6.65855000e-02
1  1
    7.17386500e-01    1.00000000e+00
1  1
    2.68894200e-01    1.00000000e+00
1  1
    1.00508300e-01    1.00000000e+00
3  2
    1.01118169e+01    6.78630000e-03
    4.08057390e+00   -2.29907000e-02
    1.62356780e+00    1.85183000e-02
1  2
    6.40582600e-01    1.00000000e+00
1  2
    2.52041400e-01    1.00000000e+00
2  3
    1.53627870e+00   -1.46700000e-03
    7.61394300e-01    2.27600000e-04
1  3
    3.77030000e-01    1.00000000e+00
1  4
    8.22352200e-01    1.00000000e+00
