14
3  0
    9.78616100e+03    6.16050000e-02
    1.48147700e+03    3.68982000e-01
    3.25412200e+02    6.88845000e-01
3  0
    4.39866500e+02   -1.12391000e-01
    9.57627300e+01    8.46940000e-02
    3.06056600e+01    9.68638000e-01
3  1
    4.39866500e+02    1.50379000e-01
    9.57627300e+01    6.01929000e-01
    3.06056600e+01    4.08464000e-01
3  0
    2.72773700e+01   -1.39555300e+00
    2.45108200e+01    1.21085200e+00
    5.00894600e+00    1.05404500e+00
3  1
    2.72773700e+01   -1.66861800e+00
    2.45108200e+01    2.00279000e+00
    5.00894600e+00    7.25144000e-01
3  0
    4.76581200e+00   -4.10363000e-01
    1.73453100e+00    4.48003000e-01
    6.46636000e-01    8.19808000e-01
3  1
    4.76581200e+00    1.12740000e-02
    1.73453100e+00    4.72703000e-01
    6.46636000e-01    5.89843000e-01
2  0
    7.40662000e-01   -2.63966000e-01
    8.21710000e-02    1.09485700e+00
2  1
    7.40662000e-01   -7.62000000e-04
    8.21710000e-02    1.00021200e+00
1  0
    3.00970000e-02    1.00000000e+00
1  1
    3.00970000e-02    1.00000000e+00
3  2
    7.39833000e+01    1.27760000e-01
    2.02814900e+01    4.95147000e-01
    6.19429800e+00    5.80655000e-01
2  2
    2.88910800e+00    3.15994000e-01
    9.53961000e-01    7.78066000e-01
1  2
    2.95881000e-01    1.00000000e+00
