22
9  0
    2.08250000e+02    5.23000000e-04
    1.88471000e+01   -4.49130000e-02
    1.17818000e+01    2.57626000e-01
    7.36195000e+00   -2.09130000e-01
    4.27771000e+00   -5.10662000e-01
    1.19107000e+00    8.03247000e-01
    5.48568000e-01    4.98414000e-01
    1.38694000e-01    3.37660000e-02
    6.76510000e-02   -1.20940000e-02
9  0
    2.08250000e+02   -1.75000000e-04
    1.88471000e+01    1.48030000e-02
    1.17818000e+01   -8.75270000e-02
    7.36195000e+00    8.42820000e-02
    4.27771000e+00    1.54911000e-01
    1.19107000e+00   -3.38141000e-01
    5.48568000e-01   -3.16005000e-01
    1.38694000e-01    2.83526000e-01
    6.76510000e-02    6.09273000e-01
9  0
    2.08250000e+02   -1.82000000e-04
    1.88471000e+01    5.27300000e-03
    1.17818000e+01   -7.85570000e-02
    7.36195000e+00   -1.38970000e-02
    4.27771000e+00    5.47987000e-01
    1.19107000e+00   -1.49808500e+00
    5.48568000e-01    4.79500000e-01
    1.38694000e-01    2.14025400e+00
    6.76510000e-02   -1.45456100e+00
9  0
    2.08250000e+02   -6.35000000e-04
    1.88471000e+01    5.17470000e-02
    1.17818000e+01   -3.17189000e-01
    7.36195000e+00    3.29848000e-01
    4.27771000e+00    6.27053000e-01
    1.19107000e+00   -3.42220900e+00
    5.48568000e-01    3.84794800e+00
    1.38694000e-01   -1.62392600e+00
    6.76510000e-02   -6.03223000e-01
1  0
    3.01410000e-02    1.00000000e+00
1  0
    1.34000000e-02    1.00000000e+00
8  1
    2.27753000e+01   -1.54400000e-03
    1.42340000e+01    2.57710000e-02
    5.98755000e+00   -1.86598000e-01
    1.63924000e+00    4.42774000e-01
    8.27880000e-01    4.78151000e-01
    4.09010000e-01    2.08369000e-01
    1.71877000e-01    2.46350000e-02
    7.12710000e-02   -2.19000000e-04
8  1
    2.27753000e+01   -1.48000000e-04
    1.42340000e+01   -9.17400000e-03
    5.98755000e+00    8.13740000e-02
    1.63924000e+00   -2.36125000e-01
    8.27880000e-01   -2.94333000e-01
    4.09010000e-01    1.50980000e-02
    1.71877000e-01    6.56089000e-01
    7.12710000e-02    4.38944000e-01
8  1
    2.27753000e+01   -6.30000000e-05
    1.42340000e+01   -1.14610000e-02
    5.98755000e+00    9.99930000e-02
    1.63924000e+00   -3.03641000e-01
    8.27880000e-01   -3.63886000e-01
    4.09010000e-01    1.65935000e-01
    1.71877000e-01    7.00545000e-01
    7.12710000e-02    3.18943000e-01
8  1
    2.27753000e+01    1.10300000e-03
    1.42340000e+01   -2.25190000e-02
    5.98755000e+00    1.82161000e-01
    1.63924000e+00   -7.31330000e-01
    8.27880000e-01   -4.90117000e-01
    4.09010000e-01    1.52353900e+00
    1.71877000e-01   -3.91820000e-02
    7.12710000e-02   -8.66183000e-01
1  1
    2.92260000e-02    1.00000000e+00
1  1
    1.20000000e-02    1.00000000e+00
7  2
    2.58838000e+01    1.52300000e-03
    7.59255000e+00   -1.81620000e-02
    2.71293000e+00    1.09691000e-01
    1.39708000e+00    2.91597000e-01
    6.82565000e-01    3.62044000e-01
    3.19378000e-01    2.97514000e-01
    1.41781000e-01    1.61037000e-01
7  2
    2.58838000e+01   -1.55100000e-03
    7.59255000e+00    1.90350000e-02
    2.71293000e+00   -1.25774000e-01
    1.39708000e+00   -3.63285000e-01
    6.82565000e-01   -2.79351000e-01
    3.19378000e-01    2.45712000e-01
    1.41781000e-01    5.47261000e-01
7  2
    2.58838000e+01    2.65600000e-03
    7.59255000e+00   -3.37600000e-02
    2.71293000e+00    2.92923000e-01
    1.39708000e+00    6.17371000e-01
    6.82565000e-01   -3.62530000e-01
    3.19378000e-01   -8.03158000e-01
    1.41781000e-01    3.15461000e-01
1  2
    5.80170000e-02    1.00000000e+00
1  2
    2.37000000e-02    1.00000000e+00
1  3
    1.69650000e+00    1.00000000e+00
1  3
    4.75400000e-01    1.00000000e+00
1  3
    1.76800000e-01    1.00000000e+00
1  4
    1.03110000e+00    1.00000000e+00
1  4
    4.19500000e-01    1.00000000e+00
