12
7  0
    1.59372000e+02    6.73000000e-04
    2.09016000e+01   -3.71610000e-02
    1.30741000e+01    1.66517000e-01
    4.71474000e+00   -6.15954000e-01
    1.13612000e+00    8.42830000e-01
    5.15464000e-01    4.47763000e-01
    1.06767000e-01    1.84450000e-02
7  0
    1.59372000e+02   -1.69000000e-04
    2.09016000e+01    9.39200000e-03
    1.30741000e+01   -4.77130000e-02
    4.71474000e+00    2.01113000e-01
    1.13612000e+00   -3.73421000e-01
    5.15464000e-01   -2.73859000e-01
    1.06767000e-01    6.09384000e-01
7  0
    1.59372000e+02    8.95000000e-04
    2.09016000e+01   -3.96350000e-02
    1.30741000e+01    1.44243000e-01
    4.71474000e+00   -5.19287000e-01
    1.13612000e+00    1.58540400e+00
    5.15464000e-01   -9.08203000e-01
    1.06767000e-01   -1.47200200e+00
1  0
    3.92180000e-02    1.00000000e+00
6  1
    1.28738000e+01    2.99680000e-02
    6.14750000e+00   -1.87930000e-01
    1.56524000e+00    4.99990000e-01
    7.36194000e-01    4.95732000e-01
    3.26317000e-01    1.47515000e-01
    1.12407000e-01    6.08800000e-03
6  1
    1.28738000e+01   -7.80100000e-03
    6.14750000e+00    5.36560000e-02
    1.56524000e+00   -1.71940000e-01
    7.36194000e-01   -1.99170000e-01
    3.26317000e-01    7.44110000e-02
    1.12407000e-01    5.97137000e-01
6  1
    1.28738000e+01   -1.35020000e-02
    6.14750000e+00    9.37330000e-02
    1.56524000e+00   -3.15910000e-01
    7.36194000e-01   -3.61800000e-01
    3.26317000e-01    4.00877000e-01
    1.12407000e-01    7.53766000e-01
1  1
    3.91720000e-02    1.00000000e+00
5  2
    6.21265000e+00   -2.45970000e-02
    2.78539000e+00    1.27334000e-01
    1.26851000e+00    3.57081000e-01
    5.51790000e-01    4.08207000e-01
    2.24731000e-01    2.81240000e-01
5  2
    6.21265000e+00    2.61160000e-02
    2.78539000e+00   -1.45940000e-01
    1.26851000e+00   -4.42521000e-01
    5.51790000e-01   -1.69020000e-01
    2.24731000e-01    5.05237000e-01
1  2
    8.24110000e-02    1.00000000e+00
1  3
    8.50000000e-01    1.00000000e+00
