20
1  0
    1.80375000e+05    1.00000000e+00
1  0
    3.00620000e+04    1.00000000e+00
1  0
    6.01200000e+03    1.00000000e+00
1  0
    1.20200000e+03    1.00000000e+00
1  0
    2.40000000e+02    1.00000000e+00
1  0
    5.78000000e+01    1.00000000e+00
1  1
    5.78000000e+01    1.00000000e+00
1  0
    9.62000000e+00    1.00000000e+00
1  1
    9.62000000e+00    1.00000000e+00
1  0
    1.92000000e+00    1.00000000e+00
1  1
    1.92000000e+00    1.00000000e+00
1  0
    3.85000000e-01    1.00000000e+00
1  1
    3.85000000e-01    1.00000000e+00
1  0
    7.70000000e-02    1.00000000e+00
1  1
    7.70000000e-02    1.00000000e+00
1  2
    5.78000000e+01    1.00000000e+00
1  2
    9.62000000e+00    1.00000000e+00
1  2
    1.92000000e+00    1.00000000e+00
1  2
    3.85000000e-01    1.00000000e+00
1  2
    7.70000000e-02    1.00000000e+00
