14
2  0
    1.60000000e+01   -2.06340029e-01
    1.39105817e+01    3.35504377e-01
1  0
    4.79679714e+00    1.00000000e+00
1  0
    1.15554256e+00    1.00000000e+00
1  0
    5.24557412e-01    1.00000000e+00
1  0
    1.07345726e-01    1.00000000e+00
1  0
    3.94327602e-02    1.00000000e+00
4  1
    1.11872087e+01    5.32250733e-02
    6.24776887e+00   -2.27316621e-01
    1.62794729e+00    4.78694861e-01
    7.93264935e-01    5.02133116e-01
1  1
    3.67072769e-01    1.00000000e+00
1  1
    1.15000000e-01    1.00000000e+00
1  1
    3.70000000e-02    1.00000000e+00
3  2
    5.73418466e+00   -3.52661116e-02
    2.24836863e+00    2.18025022e-01
    9.83769784e-01    4.47095650e-01
1  2
    4.03794456e-01    1.00000000e+00
1  2
    1.49786182e-01    1.00000000e+00
1  3
    9.43140000e-01    1.00000000e+00
