22
3  0
    1.50000000e+01    4.02057070e-01
    1.35000000e+01   -5.94171674e-01
    7.21308685e+00    1.25410329e-01
1  0
    4.54059012e+00    1.00000000e+00
1  0
    1.19049737e+00    1.00000000e+00
1  0
    5.43075316e-01    1.00000000e+00
1  0
    1.37005630e-01    1.00000000e+00
1  0
    7.33963750e-02    1.00000000e+00
1  0
    3.12507155e-02    1.00000000e+00
4  1
    1.13881001e+01    5.58714616e-02
    6.15910057e+00   -2.58084468e-01
    1.73204311e+00    4.29242653e-01
    1.01948574e+00    4.33133530e-01
1  1
    5.81314191e-01    1.00000000e+00
1  1
    2.72905303e-01    1.00000000e+00
1  1
    6.60000000e-02    1.00000000e+00
1  1
    2.20000000e-02    1.00000000e+00
4  2
    1.85982478e+01    3.15568597e-03
    6.78837738e+00   -3.45510603e-02
    2.24707977e+00    2.17085662e-01
    1.08841954e+00    4.28341353e-01
1  2
    4.97878929e-01    1.00000000e+00
1  2
    2.14819683e-01    1.00000000e+00
1  2
    8.56667512e-02    1.00000000e+00
1  3
    2.82466000e+00    1.00000000e+00
1  3
    9.43140000e-01    1.00000000e+00
1  3
    3.14910000e-01    1.00000000e+00
1  3
    1.05150000e-01    1.00000000e+00
1  4
    1.70894000e+00    1.00000000e+00
1  4
    5.38730000e-01    1.00000000e+00
