23
4  0
    2.66762856e+01    2.16504800e-01
    1.56919322e+01   -1.69248570e+00
    9.51024270e+00    5.14913150e+00
    5.59426030e+00   -5.83214710e+00
1  0
    3.21016930e+00    1.00000000e+00
1  0
    1.87880060e+00    1.00000000e+00
1  0
    1.10517680e+00    1.00000000e+00
1  0
    5.88428700e-01    1.00000000e+00
1  0
    2.48527200e-01    1.00000000e+00
1  0
    1.32323200e-01    1.00000000e+00
1  0
    7.78372000e-02    1.00000000e+00
1  1
    8.71349890e+00    1.00000000e+00
1  1
    2.87841390e+00    1.00000000e+00
1  1
    9.37499500e-01    1.00000000e+00
1  1
    3.02792000e-01    1.00000000e+00
1  1
    9.75236000e-02    1.00000000e+00
1  2
    2.21155080e+00    1.00000000e+00
1  2
    1.08691270e+00    1.00000000e+00
1  2
    5.26683200e-01    1.00000000e+00
1  2
    2.53081200e-01    1.00000000e+00
1  2
    1.21272500e-01    1.00000000e+00
2  3
    1.73973650e+00   -1.81947000e-02
    7.48284100e-01    1.22301000e-02
1  3
    3.54230400e-01    1.00000000e+00
1  4
    2.50714560e+00    1.00000000e+00
1  4
    9.24144300e-01    1.00000000e+00
1  4
    3.38514400e-01    1.00000000e+00
