7
3  0
    1.21062000e+03    6.50070000e-02
    1.82747000e+02    3.82040000e-01
    3.96673000e+01    6.76545000e-01
3  0
    5.22236000e+01   -1.00310000e-01
    1.19629000e+01    6.50880000e-02
    3.28911000e+00    9.81455000e-01
3  1
    5.22236000e+01    1.09646000e-01
    1.19629000e+01    4.57649000e-01
    3.28911000e+00    6.04261000e-01
2  0
    1.22384000e+00   -2.86089000e-01
    4.57303000e-01    1.22806000e+00
2  1
    1.22384000e+00    1.64777000e-01
    4.57303000e-01    8.70855000e-01
1  0
    1.42269000e-01    1.00000000e+00
1  1
    1.42269000e-01    1.00000000e+00
