71
14  0
    1.76745141e+06    7.24042573e-06
    2.97797968e+05    5.17167983e-05
    6.55687445e+04    2.96749627e-04
    1.78007654e+04    1.30964599e-03
    5.67724677e+03    4.79777864e-03
    2.04440355e+03    1.52173005e-02
    8.05075442e+02    4.27063584e-02
    3.38029695e+02    1.05818727e-01
    1.48382119e+02    2.20276889e-01
    6.70790270e+01    3.45395834e-01
    3.08750280e+01    3.09838643e-01
    1.43418210e+01    9.95471320e-02
    6.67451000e+00    5.69914591e-03
    3.09123800e+00    1.50444496e-03
11  0
    2.04440355e+03   -4.60406823e-05
    8.05075442e+02   -3.37615136e-04
    3.38029695e+02   -2.16062541e-03
    1.48382119e+02   -1.06084719e-02
    6.70790270e+01   -4.03768460e-02
    3.08750280e+01   -8.89801943e-02
    1.43418210e+01   -1.43154364e-02
    6.67451000e+00    3.21000781e-01
    3.09123800e+00    5.61821968e-01
    1.41455000e+00    2.24702729e-01
    6.34021000e-01    6.21563755e-03
7  0
    1.43418210e+01    9.15155417e-04
    6.67451000e+00   -1.11897972e-02
    3.09123800e+00   -1.17796145e-01
    1.41455000e+00   -1.48215209e-01
    6.34021000e-01    3.25728170e-01
    2.75248000e-01    6.21836623e-01
    1.14047000e-01    2.54288710e-01
1  0
    7.78146167e+02    1.00000000e+00
1  0
    4.32968733e+02    1.00000000e+00
1  0
    2.40908368e+02    1.00000000e+00
1  0
    1.34043956e+02    1.00000000e+00
1  0
    7.45834710e+01    1.00000000e+00
1  0
    4.14990300e+01    1.00000000e+00
1  0
    2.30904980e+01    1.00000000e+00
1  0
    1.28477960e+01    1.00000000e+00
1  0
    7.14864900e+00    1.00000000e+00
1  0
    3.87645000e+00    1.00000000e+00
1  0
    1.73356200e+00    1.00000000e+00
1  0
    7.75255000e-01    1.00000000e+00
1  0
    3.46697000e-01    1.00000000e+00
1  0
    5.04474110e-02    1.00000000e+00
12  1
    4.97440822e+03    5.44363648e-05
    1.24065804e+03    4.70747470e-04
    3.92226594e+02    2.86566609e-03
    1.47054143e+02    1.24152231e-02
    6.20142790e+01    4.12939080e-02
    2.82314840e+01    1.09766242e-01
    1.34489280e+01    2.22279397e-01
    6.55187200e+00    3.30469126e-01
    3.20998500e+00    3.26127995e-01
    1.56227200e+00    1.47315683e-01
    7.47998000e-01    1.75810758e-02
    3.49158000e-01    1.28333075e-03
8  1
    1.34489280e+01   -3.28650696e-03
    6.55187200e+00   -4.94475700e-03
    3.20998500e+00   -1.48655805e-02
    1.56227200e+00    3.82039671e-02
    7.47998000e-01    2.31049939e-01
    3.49158000e-01    4.07340108e-01
    1.57296000e-01    3.62796558e-01
    6.74980000e-02    1.13770304e-01
1  1
    1.09972985e+03    1.00000000e+00
1  1
    6.00954382e+02    1.00000000e+00
1  1
    3.28395352e+02    1.00000000e+00
1  1
    1.79453733e+02    1.00000000e+00
1  1
    9.80636360e+01    1.00000000e+00
1  1
    5.35874990e+01    1.00000000e+00
1  1
    2.92832300e+01    1.00000000e+00
1  1
    1.60020080e+01    1.00000000e+00
1  1
    8.74439900e+00    1.00000000e+00
1  1
    4.43423200e+00    1.00000000e+00
1  1
    2.24857200e+00    1.00000000e+00
1  1
    1.05116200e+00    1.00000000e+00
1  1
    4.91397000e-01    1.00000000e+00
1  1
    2.29718000e-01    1.00000000e+00
1  1
    3.86665888e-02    1.00000000e+00
1  2
    8.24824054e+02    1.00000000e+00
1  2
    4.02422160e+02    1.00000000e+00
1  2
    1.96337138e+02    1.00000000e+00
1  2
    9.57906290e+01    1.00000000e+00
1  2
    4.67351450e+01    1.00000000e+00
1  2
    2.28015390e+01    1.00000000e+00
1  2
    1.11246080e+01    1.00000000e+00
1  2
    8.38855306e+00    1.00000000e+00
1  2
    5.42756800e+00    1.00000000e+00
1  2
    2.36603700e+00    1.00000000e+00
1  2
    1.03164900e+00    1.00000000e+00
1  2
    4.49824000e-01    1.00000000e+00
1  2
    1.96134000e-01    1.00000000e+00
1  2
    8.55191000e-02    1.00000000e+00
1  3
    2.60022440e+02    1.00000000e+00
1  3
    1.18244660e+02    1.00000000e+00
1  3
    5.37715120e+01    1.00000000e+00
1  3
    2.44524820e+01    1.00000000e+00
1  3
    1.11197150e+01    1.00000000e+00
1  3
    5.05666700e+00    1.00000000e+00
1  3
    2.32907500e+00    1.00000000e+00
1  3
    1.07276000e+00    1.00000000e+00
1  3
    5.39075000e-01    1.00000000e+00
1  3
    2.70892000e-01    1.00000000e+00
1  3
    1.36126000e-01    1.00000000e+00
1  4
    6.50959350e+01    1.00000000e+00
1  4
    2.98824300e+01    1.00000000e+00
1  4
    1.37175950e+01    1.00000000e+00
1  4
    6.29709200e+00    1.00000000e+00
1  4
    2.60375100e+00    1.00000000e+00
1  4
    1.07661100e+00    1.00000000e+00
1  4
    4.77354000e-01    1.00000000e+00
1  4
    2.11651000e-01    1.00000000e+00
1  5
    2.73368940e+01    1.00000000e+00
1  5
    1.08162220e+01    1.00000000e+00
1  5
    3.07669300e+00    1.00000000e+00
1  5
    8.75170675e-01    1.00000000e+00
