47
20  0
    5.48100000e+06    1.89338000e-06
    8.20600000e+05    1.47211000e-05
    1.86700000e+05    7.75084000e-05
    5.28800000e+04    3.27224000e-04
    1.72500000e+04    1.19365000e-03
    6.22600000e+03    3.88393000e-03
    2.42900000e+03    1.15336000e-02
    1.00700000e+03    3.12748000e-02
    4.39500000e+02    7.64387000e-02
    1.99800000e+02    1.62700000e-01
    9.39200000e+01    2.79328000e-01
    4.53400000e+01    3.33145000e-01
    2.21500000e+01    2.09836000e-01
    1.03400000e+01    4.15974000e-02
    5.11900000e+00   -4.50552000e-04
    2.55300000e+00    1.68855000e-03
    1.28200000e+00   -5.17236000e-04
    5.45000000e-01    1.88773000e-04
    2.41100000e-01   -9.97734000e-05
    1.03500000e-01    2.09020000e-05
20  0
    5.48100000e+06   -5.22912000e-07
    8.20600000e+05   -4.06690000e-06
    1.86700000e+05   -2.14065000e-05
    5.28800000e+04   -9.04540000e-05
    1.72500000e+04   -3.30080000e-04
    6.22600000e+03   -1.07782000e-03
    2.42900000e+03   -3.21874000e-03
    1.00700000e+03   -8.87217000e-03
    4.39500000e+02   -2.23771000e-02
    1.99800000e+02   -5.10577000e-02
    9.39200000e+01   -1.00225000e-01
    4.53400000e+01   -1.56795000e-01
    2.21500000e+01   -1.39748000e-01
    1.03400000e+01    8.10059000e-02
    5.11900000e+00    4.30883000e-01
    2.55300000e+00    4.81688000e-01
    1.28200000e+00    1.56862000e-01
    5.45000000e-01    7.88814000e-03
    2.41100000e-01    3.93533000e-04
    1.03500000e-01    2.23757000e-04
1  0
    4.53400000e+01    1.00000000e+00
1  0
    2.21500000e+01    1.00000000e+00
1  0
    1.03400000e+01    1.00000000e+00
1  0
    5.11900000e+00    1.00000000e+00
1  0
    2.55300000e+00    1.00000000e+00
1  0
    1.28200000e+00    1.00000000e+00
1  0
    5.45000000e-01    1.00000000e+00
1  0
    2.41100000e-01    1.00000000e+00
1  0
    1.03500000e-01    1.00000000e+00
1  0
    4.20000000e-02    1.00000000e+00
12  1
    2.20000000e+03    2.39049000e-04
    5.21400000e+02    2.07686000e-03
    1.69000000e+02    1.12363000e-02
    6.40500000e+01    4.40690000e-02
    2.67200000e+01    1.29168000e-01
    1.18300000e+01    2.69083000e-01
    5.37800000e+00    3.78611000e-01
    2.48200000e+00    2.96779000e-01
    1.11600000e+00    7.79676000e-02
    4.84800000e-01    2.05193000e-03
    2.00600000e-01    1.43602000e-03
    7.95100000e-02   -5.96000000e-05
1  1
    6.40500000e+01    1.00000000e+00
1  1
    2.67200000e+01    1.00000000e+00
1  1
    1.18300000e+01    1.00000000e+00
1  1
    5.37800000e+00    1.00000000e+00
1  1
    2.48200000e+00    1.00000000e+00
1  1
    1.11600000e+00    1.00000000e+00
1  1
    4.84800000e-01    1.00000000e+00
1  1
    2.00600000e-01    1.00000000e+00
1  1
    7.95100000e-02    1.00000000e+00
1  1
    2.94000000e-02    1.00000000e+00
1  2
    2.05000000e-01    1.00000000e+00
1  2
    5.12000000e-01    1.00000000e+00
1  2
    1.28100000e+00    1.00000000e+00
1  2
    3.20300000e+00    1.00000000e+00
1  2
    4.54580000e+01    1.00000000e+00
1  2
    2.10130000e+01    1.00000000e+00
1  2
    9.71300000e+00    1.00000000e+00
1  2
    4.49000000e+00    1.00000000e+00
1  2
    7.94000000e-02    1.00000000e+00
1  3
    2.55000000e-01    1.00000000e+00
1  3
    5.29000000e-01    1.00000000e+00
1  3
    1.09600000e+00    1.00000000e+00
1  3
    2.04850000e+01    1.00000000e+00
1  3
    7.83700000e+00    1.00000000e+00
1  3
    2.99800000e+00    1.00000000e+00
1  3
    1.18800000e-01    1.00000000e+00
1  4
    4.63000000e-01    1.00000000e+00
1  4
    1.07100000e+00    1.00000000e+00
1  4
    1.71010000e+01    1.00000000e+00
1  4
    3.15400000e+00    1.00000000e+00
1  4
    2.20000000e-01    1.00000000e+00
1  5
    3.23100000e+00    1.00000000e+00
1  5
    8.72000000e-01    1.00000000e+00
1  5
    4.72000000e-01    1.00000000e+00
