44 
 1    0 
   400.1157133     1.0000000E+00    
 1    0 
   123.1729524     1.0000000E+00    
 1    0 
    38.3563081     1.0000000E+00    
 1    0 
    12.5008420     1.0000000E+00    
 1    0 
     6.9609097     1.0000000E+00    
 1    0 
     4.1130474     1.0000000E+00    
 1    0 
     2.2219992     1.0000000E+00    
 1    0 
     0.9705563     1.0000000E+00    
 1    0 
     0.5634000     1.0000000E+00    
 1    0 
     0.3751840     1.0000000E+00    
 1    0 
     0.1506489     1.0000000E+00    
 1    1 
   180.4144720     1.0000000E+00    
 1    1 
    88.5185649     1.0000000E+00    
 1    1 
    13.4323338     1.0000000E+00    
 1    1 
     5.6635507     1.0000000E+00    
 1    1 
     2.9325035     1.0000000E+00    
 1    1 
     1.5581786     1.0000000E+00    
 1    1 
     0.8861968     1.0000000E+00    
 1    1 
     0.4946178     1.0000000E+00    
 1    1 
     0.2672753     1.0000000E+00    
 1    2 
    41.8167859     1.0000000E+00    
 1    2 
    16.0900625     1.0000000E+00    
 1    2 
     7.4729381     1.0000000E+00    
 1    2 
     3.5878749     1.0000000E+00    
 1    2 
     1.6363364     1.0000000E+00    
 1    2 
     0.9441608     1.0000000E+00    
 1    2 
     0.4502661     1.0000000E+00    
 1    2 
     0.2321368     1.0000000E+00    
 1    3 
    12.2761316     1.0000000E+00    
 1    3 
     5.0246237     1.0000000E+00    
 1    3 
     2.3432992     1.0000000E+00    
 1    3 
     1.2647947     1.0000000E+00    
 1    3 
     0.7312219     1.0000000E+00    
 1    3 
     0.3608602     1.0000000E+00    
 1    4 
     3.4634662     1.0000000E+00    
 1    4 
     1.1867413     1.0000000E+00    
 1    4 
     0.5765595     1.0000000E+00    
 1    5 
     1.0179355     1.0000000E+00    
 1    0 
     0.0674604     1.0000000E+00    
 1    1 
     0.1031165     1.0000000E+00    
 1    2 
     0.0941351     1.0000000E+00    
 1    3 
     0.1400937     1.0000000E+00    
 1    4 
     0.2487017     1.0000000E+00    
 1    5 
     0.4491880     1.0000000E+00    
