46
27  0
    7.01003600e+06    1.43939800e-06
    3.48931600e+06   -8.40342100e-07
    1.73684200e+06    4.86920500e-06
    8.64530700e+05    3.23754100e-06
    4.30328900e+05    1.67682700e-05
    2.14200500e+05    3.10074500e-05
    1.06620500e+05    8.29939500e-05
    5.30714200e+04    1.89982000e-04
    2.64168300e+04    4.61513900e-04
    1.31492500e+04    1.09453100e-03
    6.54516900e+03    2.60898900e-03
    3.25792400e+03    6.17574400e-03
    1.62166500e+03    1.44588900e-02
    8.07199800e+02    3.31748500e-02
    4.01791900e+02    7.28116400e-02
    1.99995900e+02    1.47224000e-01
    9.95500000e+01    2.54144300e-01
    4.95520100e+01    3.24750500e-01
    2.46650200e+01    2.30874700e-01
    1.22772600e+01    5.94301900e-02
    6.11113000e+00    3.85230200e-03
    3.04187600e+00    7.51994200e-04
    1.51412500e+00    9.61733300e-05
    7.53670800e-01   -4.84804400e-05
    3.75147200e-01    5.91478700e-06
    1.86733300e-01   -1.63523300e-05
    9.29483900e-02    1.54691300e-06
27  0
    7.01003600e+06    3.97430500e-07
    3.48931600e+06   -2.31380000e-07
    1.73684200e+06    1.34271400e-06
    8.64530700e+05    8.99751600e-07
    4.30328900e+05    4.61941600e-06
    2.14200500e+05    8.59244700e-06
    1.06620500e+05    2.28720600e-05
    5.30714200e+04    5.26214900e-05
    2.64168300e+04    1.27347600e-04
    1.31492500e+04    3.03460200e-04
    6.54516900e+03    7.22421500e-04
    3.25792400e+03    1.72202500e-03
    1.62166500e+03    4.05411600e-03
    8.07199800e+02    9.47568200e-03
    4.01791900e+02    2.14254400e-02
    1.99995900e+02    4.61949500e-02
    9.95500000e+01    8.99140200e-02
    4.95520100e+01    1.46333000e-01
    2.46650200e+01    1.49014800e-01
    1.22772600e+01   -1.61861900e-02
    6.11113000e+00   -3.44681600e-01
    3.04187600e+00   -5.24218300e-01
    1.51412500e+00   -2.38969000e-01
    7.53670800e-01   -1.72975500e-02
    3.75147200e-01   -3.29757500e-03
    1.86733300e-01    4.72993100e-04
    9.29483900e-02   -3.30718400e-04
27  0
    7.01003600e+06   -1.15533400e-07
    3.48931600e+06    6.79781200e-08
    1.73684200e+06   -3.92244600e-07
    8.64530700e+05   -2.55124900e-07
    4.30328900e+05   -1.35473900e-06
    2.14200500e+05   -2.46466200e-06
    1.06620500e+05   -6.70319500e-06
    5.30714200e+04   -1.51430700e-05
    2.64168300e+04   -3.72531500e-05
    1.31492500e+04   -8.75206600e-05
    6.54516900e+03   -2.11032400e-04
    3.25792400e+03   -4.97673100e-04
    1.62166500e+03   -1.18409300e-03
    8.07199800e+02   -2.74743800e-03
    4.01791900e+02   -6.28040300e-03
    1.99995900e+02   -1.35158100e-02
    9.95500000e+01   -2.68189100e-02
    4.95520100e+01   -4.42798600e-02
    2.46650200e+01   -4.76551400e-02
    1.22772600e+01    6.91915700e-03
    6.11113000e+00    1.27571800e-01
    3.04187600e+00    2.88248900e-01
    1.51412500e+00    2.32721000e-01
    7.53670800e-01   -1.79460500e-01
    3.75147200e-01   -5.18385800e-01
    1.86733300e-01   -4.28538100e-01
    9.29483900e-02   -1.25494700e-01
1  0
    3.04187600e+00    1.00000000e+00
1  0
    1.51412500e+00    1.00000000e+00
1  0
    7.53670800e-01    1.00000000e+00
1  0
    3.75147200e-01    1.00000000e+00
1  0
    1.86733300e-01    1.00000000e+00
1  0
    9.29483900e-02    1.00000000e+00
1  0
    4.62660000e-02    1.00000000e+00
18  1
    9.78002600e+03    1.44007900e-05
    4.80063700e+03    1.47654100e-05
    2.35644800e+03    1.00115500e-04
    1.15668900e+03    2.90002700e-04
    5.67774000e+02    1.04158100e-03
    2.78698300e+02    3.40377800e-03
    1.36802200e+02    1.08411700e-02
    6.71509400e+01    3.19423200e-02
    3.29618000e+01    8.48947600e-02
    1.61796800e+01    1.85674100e-01
    7.94197900e+00    3.04679000e-01
    3.89841100e+00    3.45451500e-01
    1.91357900e+00    2.02192300e-01
    9.39302200e-01    3.82708900e-02
    4.61067200e-01    3.27419600e-03
    2.26320100e-01    1.50211000e-04
    1.11091800e-01    4.79038700e-04
    5.45306700e-02   -3.18212600e-05
18  1
    9.78002600e+03    3.65055100e-06
    4.80063700e+03    3.83647400e-06
    2.35644800e+03    2.52796100e-05
    1.15668900e+03    7.44710200e-05
    5.67774000e+02    2.64480900e-04
    2.78698300e+02    8.73324800e-04
    1.36802200e+02    2.77782900e-03
    6.71509400e+01    8.29273900e-03
    3.29618000e+01    2.23585200e-02
    1.61796800e+01    5.02619100e-02
    7.94197900e+00    8.43221200e-02
    3.89841100e+00    1.02755100e-01
    1.91357900e+00    4.39406600e-02
    9.39302200e-01   -1.51662100e-01
    4.61067200e-01   -3.45530600e-01
    2.26320100e-01   -3.84915400e-01
    1.11091800e-01   -2.32705200e-01
    5.45306700e-02   -5.28525400e-02
1  1
    1.91357900e+00    1.00000000e+00
1  1
    9.39302200e-01    1.00000000e+00
1  1
    4.61067200e-01    1.00000000e+00
1  1
    2.26320100e-01    1.00000000e+00
1  1
    1.11091800e-01    1.00000000e+00
1  1
    5.45306700e-02    1.00000000e+00
1  1
    2.67670000e-02    1.00000000e+00
1  2
    7.01663800e+00    1.00000000e+00
1  2
    3.24830800e+00    1.00000000e+00
1  2
    1.50378300e+00    1.00000000e+00
1  2
    6.96166800e-01    1.00000000e+00
1  2
    3.22286000e-01    1.00000000e+00
1  2
    1.49200200e-01    1.00000000e+00
1  2
    6.90710000e-02    1.00000000e+00
1  3
    3.05883500e+00    1.00000000e+00
1  3
    1.55445000e+00    1.00000000e+00
1  3
    7.89946200e-01    1.00000000e+00
1  3
    4.01437800e-01    1.00000000e+00
1  3
    2.04004100e-01    1.00000000e+00
1  3
    1.03672000e-01    1.00000000e+00
1  4
    1.51753000e+00    1.00000000e+00
1  4
    8.94691900e-01    1.00000000e+00
1  4
    5.27484300e-01    1.00000000e+00
1  4
    3.10989400e-01    1.00000000e+00
1  4
    1.83350000e-01    1.00000000e+00
1  5
    1.67008700e+00    1.00000000e+00
1  5
    9.21594500e-01    1.00000000e+00
1  5
    5.08558200e-01    1.00000000e+00
1  5
    2.80635000e-01    1.00000000e+00
1  6
    1.49999200e+00    1.00000000e+00
1  6
    7.56998000e-01    1.00000000e+00
1  6
    3.82033000e-01    1.00000000e+00
1  7
    1.20900000e+00    1.00000000e+00
1  7
    7.11000000e-01    1.00000000e+00
