11 
12    0 
110800.0000000     2.4763500E-04    
 16610.0000000     1.9202600E-03    
  3781.0000000     9.9619200E-03    
  1071.0000000     4.0297500E-02    
   349.8000000     1.2860400E-01    
   126.3000000     3.0348000E-01    
    49.2600000     4.2143200E-01    
    20.1600000     2.3078100E-01    
     5.7200000     1.7897100E-02    
     2.1820000    -2.9751600E-03    
     0.4327000     8.4952200E-04    
     0.1570000    -3.6793600E-04    
12    0 
110800.0000000    -6.8703900E-05    
 16610.0000000    -5.2768100E-04    
  3781.0000000    -2.7967100E-03    
  1071.0000000    -1.1265100E-02    
   349.8000000    -3.8883400E-02    
   126.3000000    -9.9502500E-02    
    49.2600000    -1.9974000E-01    
    20.1600000    -1.2336000E-01    
     5.7200000     5.1319400E-01    
     2.1820000     6.0712000E-01    
     0.4327000     3.9675300E-02    
     0.1570000    -9.4686400E-03    
12    0 
110800.0000000     1.9907700E-05    
 16610.0000000     1.5348300E-04    
  3781.0000000     8.0950300E-04    
  1071.0000000     3.2897400E-03    
   349.8000000     1.1296700E-02    
   126.3000000     2.9638500E-02    
    49.2600000     5.9985100E-02    
    20.1600000     4.1324800E-02    
     5.7200000    -2.0747400E-01    
     2.1820000    -3.9288900E-01    
     0.4327000     6.3284000E-01    
     0.1570000     5.5692400E-01    
 1    0 
     0.1570000     1.0000000E+00    
 1    0 
     0.0507000     1.0000000E+00    
 8    1 
   399.7000000     4.4754100E-03    
    94.1900000     3.4170800E-02    
    29.7500000     1.4425000E-01    
    10.7700000     3.5392800E-01    
     4.1190000     4.5908500E-01    
     1.6250000     2.0638300E-01    
     0.4726000     1.0214100E-02    
     0.1407000    -6.0312200E-05    
 8    1 
   399.7000000    -1.1625100E-03    
    94.1900000    -8.6566400E-03    
    29.7500000    -3.9088600E-02    
    10.7700000    -9.3462500E-02    
     4.1190000    -1.4799400E-01    
     1.6250000     3.0190400E-02    
     0.4726000     5.6157300E-01    
     0.1407000     5.3477600E-01    
 1    1 
     0.1407000     1.0000000E+00    
 1    1 
     0.0399000     1.0000000E+00    
 1    2 
     0.4790000     1.0000000E+00    
 1    2 
     0.1520000     1.0000000E+00    
