34
16  0
    7.27800000e+05    2.36025000e-05
    1.09000000e+05    1.83482000e-04
    2.48000000e+04    9.64278000e-04
    7.01400000e+03    4.06537000e-03
    2.27800000e+03    1.46973000e-02
    8.14700000e+02    4.65081000e-02
    3.13400000e+02    1.25508000e-01
    1.27700000e+02    2.68433000e-01
    5.44800000e+01    3.84809000e-01
    2.38500000e+01    2.65372000e-01
    9.42800000e+00    4.37326000e-02
    4.29000000e+00   -3.78807000e-03
    1.90900000e+00    2.18083000e-03
    6.27000000e-01   -8.36944000e-04
    2.87300000e-01    4.48088000e-04
    1.17200000e-01   -1.25293000e-04
16  0
    7.27800000e+05   -6.52179000e-06
    1.09000000e+05   -5.06631000e-05
    2.48000000e+04   -2.66833000e-04
    7.01400000e+03   -1.12601000e-03
    2.27800000e+03   -4.11186000e-03
    8.14700000e+02   -1.32454000e-02
    3.13400000e+02   -3.77004000e-02
    1.27700000e+02   -8.98554000e-02
    5.44800000e+01   -1.67098000e-01
    2.38500000e+01   -1.69354000e-01
    9.42800000e+00    1.27824000e-01
    4.29000000e+00    5.64862000e-01
    1.90900000e+00    4.31767000e-01
    6.27000000e-01    3.89398000e-02
    2.87300000e-01   -7.30260000e-03
    1.17200000e-01    1.92327000e-03
16  0
    7.27800000e+05    1.89406000e-06
    1.09000000e+05    1.46948000e-05
    2.48000000e+04    7.75460000e-05
    7.01400000e+03    3.26509000e-04
    2.27800000e+03    1.19686000e-03
    8.14700000e+02    3.84799000e-03
    3.13400000e+02    1.10539000e-02
    1.27700000e+02    2.64645000e-02
    5.44800000e+01    5.08771000e-02
    2.38500000e+01    5.30030000e-02
    9.42800000e+00   -4.25518000e-02
    4.29000000e+00   -2.50853000e-01
    1.90900000e+00   -3.33152000e-01
    6.27000000e-01    2.63796000e-01
    2.87300000e-01    6.66849000e-01
    1.17200000e-01    2.88451000e-01
1  0
    6.27000000e-01    1.00000000e+00
1  0
    2.87300000e-01    1.00000000e+00
1  0
    1.17200000e-01    1.00000000e+00
1  0
    1.75990000e+01    1.00000000e+00
1  0
    9.18600000e+00    1.00000000e+00
1  0
    4.79500000e+00    1.00000000e+00
1  0
    4.28000000e-02    1.00000000e+00
11  1
    1.54600000e+03    4.41183000e-04
    3.66400000e+02    3.77571000e-03
    1.18400000e+02    1.98360000e-02
    4.45300000e+01    7.42063000e-02
    1.83800000e+01    1.97327000e-01
    7.96500000e+00    3.51851000e-01
    3.54100000e+00    3.78687000e-01
    1.59100000e+00    1.70931000e-01
    6.20500000e-01    1.51587000e-02
    2.42000000e-01    6.71981000e-05
    9.01400000e-02    4.05491000e-04
11  1
    1.54600000e+03   -1.13110000e-04
    3.66400000e+02   -9.58581000e-04
    1.18400000e+02   -5.13471000e-03
    4.45300000e+01   -1.92641000e-02
    1.83800000e+01   -5.35980000e-02
    7.96500000e+00   -9.60333000e-02
    3.54100000e+00   -1.18183000e-01
    1.59100000e+00    9.23194000e-03
    6.20500000e-01    3.58841000e-01
    2.42000000e-01    5.25818000e-01
    9.01400000e-02    2.48872000e-01
1  1
    6.20500000e-01    1.00000000e+00
1  1
    2.42000000e-01    1.00000000e+00
1  1
    9.01400000e-02    1.00000000e+00
1  1
    1.81270000e+01    1.00000000e+00
1  1
    8.21900000e+00    1.00000000e+00
1  1
    3.72600000e+00    1.00000000e+00
1  1
    3.17000000e-02    1.00000000e+00
1  2
    2.03000000e-01    1.00000000e+00
1  2
    5.04000000e-01    1.00000000e+00
1  2
    1.25000000e+00    1.00000000e+00
1  2
    2.74170000e+01    1.00000000e+00
1  2
    1.08930000e+01    1.00000000e+00
1  2
    4.31900000e+00    1.00000000e+00
1  2
    7.48000000e-02    1.00000000e+00
1  3
    3.35000000e-01    1.00000000e+00
1  3
    8.69000000e-01    1.00000000e+00
1  3
    1.65350000e+01    1.00000000e+00
1  3
    6.00800000e+00    1.00000000e+00
1  3
    1.40000000e-01    1.00000000e+00
1  4
    1.25180000e+01    1.00000000e+00
1  4
    6.83000000e-01    1.00000000e+00
1  4
    2.97000000e-01    1.00000000e+00
