17 
11    0 
727800.0000000   2.35923254E-05
109000.0000000   1.83420878E-04
 24800.0000000   9.63968449E-04
  7014.0000000   4.06401656E-03
  2278.0000000   1.46920664E-02
   814.7000000   4.64884103E-02
   313.4000000   1.25434540E-01
   127.7000000   2.68168002E-01
    54.4800000   3.84025235E-01
    23.8500000   2.64247170E-01
     9.4280000   4.52384341E-02
8    0 
  2278.0000000   -7.34809172E-05
   814.7000000   -8.10535396E-04
   313.4000000   -6.23804604E-03
   127.7000000   -3.40580241E-02
    54.4800000   -1.28922321E-01
    23.8500000   -2.03932114E-01
     9.4280000    2.98692456E-01
     4.2900000    8.89598532E-01
8    0 
  2278.0000000  1.14353054E-05
   814.7000000  -3.17688215E-05
   127.7000000  -9.44297743E-04
    54.4800000  -3.51561055E-04
    23.8500000  -3.29076048E-04
     9.4280000   1.28751206E-03
     4.2900000  -2.56613986E-01
     1.9090000  -7.65862105E-01
 1    0 
     0.6270000     1.0000000E+00    
 1    0 
     0.2873000     1.0000000E+00    
 1    0 
     0.1172000     1.0000000E+00    
7   1 
  1546.0000000  4.55410747E-04
   366.4000000  3.86610917E-03
   118.4000000  2.06392692E-02
    44.5300000  7.73948847E-02
    18.3800000  2.13692898E-01
     7.9650000  3.82574116E-01
     3.5410000  4.61056967E-01
7    1 
  1546.0000000  -3.00919894E-05
   118.4000000  -2.69384076E-03
    44.5300000  -1.15836092E-02
    18.3800000  -9.55084417E-02
     7.9650000  -1.82944978E-01
     3.5410000  -6.01393755E-01
     1.5910000   1.43592422E+00
 1    1 
     0.6205000     1.0000000E+00    
 1    1 
     0.2420000     1.0000000E+00    
 1    1 
     0.0901400     1.0000000E+00    
 1    2 
     0.2030000     1.0000000E+00    
 1    2 
     0.5040000     1.0000000E+00    
 1    2 
     1.2500000     1.0000000E+00    
 1    3 
     0.3350000     1.0000000E+00    
 1    3 
     0.8690000     1.0000000E+00    
 1    4 
     0.6830000     1.0000000E+00    
