53
11  0
    6.29700000e+06    1.60000000e-06
    9.43100000e+05    1.24000000e-05
    2.14900000e+05    6.49000000e-05
    6.12500000e+04    2.69300000e-04
    2.04500000e+04    9.34700000e-04
    7.71900000e+03    2.80830000e-03
    3.19800000e+03    7.67400000e-03
    1.40200000e+03    1.98898000e-02
    6.37200000e+02    4.82589000e-02
    2.98900000e+02    1.05757000e-01
    1.44300000e+02    2.00223000e-01
11  0
    6.29700000e+06   -4.00000000e-07
    9.43100000e+05   -3.40000000e-06
    2.14900000e+05   -1.79000000e-05
    6.12500000e+04   -7.44000000e-05
    2.04500000e+04   -2.58700000e-04
    7.71900000e+03   -7.77700000e-04
    3.19800000e+03   -2.13960000e-03
    1.40200000e+03   -5.59060000e-03
    6.37200000e+02   -1.39076000e-02
    2.98900000e+02   -3.17689000e-02
    1.44300000e+02   -6.59302000e-02
1  0
    7.12100000e+01    1.00000000e+00
1  0
    3.57300000e+01    1.00000000e+00
1  0
    1.79700000e+01    1.00000000e+00
1  0
    8.34100000e+00    1.00000000e+00
1  0
    4.11200000e+00    1.00000000e+00
1  0
    2.04500000e+00    1.00000000e+00
1  0
    9.77000000e-01    1.00000000e+00
1  0
    4.76600000e-01    1.00000000e+00
1  0
    2.18500000e-01    1.00000000e+00
1  0
    9.75900000e-02    1.00000000e+00
4  1
    5.26600000e+03    5.23000000e-05
    1.24700000e+03    4.63500000e-04
    4.05000000e+02    2.64100000e-03
    1.54800000e+02    1.13169000e-02
1  1
    6.53800000e+01    1.00000000e+00
1  1
    2.95900000e+01    1.00000000e+00
1  1
    1.40400000e+01    1.00000000e+00
1  1
    6.82400000e+00    1.00000000e+00
1  1
    3.36900000e+00    1.00000000e+00
1  1
    1.66600000e+00    1.00000000e+00
1  1
    7.68100000e-01    1.00000000e+00
1  1
    3.50400000e-01    1.00000000e+00
1  1
    1.55600000e-01    1.00000000e+00
1  1
    6.68100000e-02    1.00000000e+00
1  2
    5.07550000e+00    1.00000000e+00
1  2
    2.18330000e+00    1.00000000e+00
1  2
    9.39200000e-01    1.00000000e+00
1  2
    4.04000000e-01    1.00000000e+00
1  2
    1.73800000e-01    1.00000000e+00
1  2
    8.50420000e+01    1.00000000e+00
1  2
    4.97384000e+01    1.00000000e+00
1  2
    2.90905000e+01    1.00000000e+00
1  2
    1.70141000e+01    1.00000000e+00
1  2
    9.95100000e+00    1.00000000e+00
1  3
    2.21200000e+00    1.00000000e+00
1  3
    1.06300000e+00    1.00000000e+00
1  3
    5.10000000e-01    1.00000000e+00
1  3
    2.45000000e-01    1.00000000e+00
1  3
    4.58659000e+01    1.00000000e+00
1  3
    2.32578000e+01    1.00000000e+00
1  3
    1.17936000e+01    1.00000000e+00
1  3
    5.98030000e+00    1.00000000e+00
1  4
    1.34730000e+00    1.00000000e+00
1  4
    7.00900000e-01    1.00000000e+00
1  4
    3.64700000e-01    1.00000000e+00
1  4
    2.90245000e+01    1.00000000e+00
1  4
    1.31169000e+01    1.00000000e+00
1  4
    5.92790000e+00    1.00000000e+00
1  5
    1.28610000e+00    1.00000000e+00
1  5
    6.11500000e-01    1.00000000e+00
1  5
    2.47413000e+01    1.00000000e+00
1  5
    1.04793000e+01    1.00000000e+00
1  6
    1.04090000e+00    1.00000000e+00
1  6
    1.79499000e+01    1.00000000e+00
