22
10  0
    1.27341090e+06    1.17670882e-05
    1.90697830e+05    9.14786102e-05
    4.33978853e+04    4.80900786e-04
    1.22918097e+04    2.02571936e-03
    4.00974208e+03    7.31900964e-03
    1.44735310e+03    2.33004999e-02
    5.64301029e+02    6.53862136e-02
    2.33745062e+02    1.56144499e-01
    1.01564028e+02    2.93185638e-01
    4.58059072e+01    3.62879143e-01
3  0
    3.94272815e+02    1.87533051e-02
    1.21722496e+02    1.68707267e-01
    4.67541260e+01    6.38068307e-01
1  0
    2.09230083e+01    1.00000000e+00
1  0
    8.26855678e+00    1.00000000e+00
1  0
    3.86293457e+00    1.00000000e+00
1  0
    1.77946848e+00    1.00000000e+00
1  0
    6.10642601e-01    1.00000000e+00
1  0
    2.74122694e-01    1.00000000e+00
1  0
    1.13259391e-01    1.00000000e+00
8  1
    2.18989305e+03    2.39125529e-04
    5.18945966e+02    2.07720322e-03
    1.68195602e+02    1.12424206e-02
    6.37452828e+01    4.40699339e-02
    2.65970331e+01    1.29187786e-01
    1.17742514e+01    2.69108202e-01
    5.35343790e+00    3.78559286e-01
    2.47019118e+00    2.96921347e-01
2  1
    8.21202883e+01   -3.94203188e-02
    4.95235329e+00    6.40484031e-01
1  1
    1.08282620e+00    1.00000000e+00
1  1
    4.92712774e-01    1.00000000e+00
1  1
    2.04834509e-01    1.00000000e+00
1  1
    8.07436157e-02    1.00000000e+00
1  2
    4.15900000e+00    1.00000000e+00
1  2
    1.01900000e+00    1.00000000e+00
1  2
    4.64000000e-01    1.00000000e+00
1  2
    1.94000000e-01    1.00000000e+00
1  3
    8.69000000e-01    1.00000000e+00
1  3
    3.35000000e-01    1.00000000e+00
1  4
    6.83000000e-01    1.00000000e+00
