13
7  0
    6.07009281e+04    5.46959442e-04
    9.10261069e+03    4.22972246e-03
    2.07141660e+03    2.17478242e-02
    5.86024768e+02    8.51000536e-02
    1.90553950e+02    2.47991285e-01
    6.76303843e+01    4.67036404e-01
    2.51273069e+01    3.64345876e-01
3  0
    1.12574630e+02    2.16700402e-02
    3.47955542e+01    9.36023018e-02
    6.51155562e+00   -2.60680014e-01
2  0
    3.23990323e+00    1.28420894e+00
    1.54771609e+00    6.60364166e-01
1  0
    4.05410301e-01    1.00000000e+00
1  0
    1.45506511e-01    1.00000000e+00
5  1
    5.64367160e+02    2.47967963e-03
    1.33426244e+02    1.96779302e-02
    4.24682712e+01    8.99800083e-02
    1.56165276e+01    2.57058806e-01
    6.10939885e+00    4.35151673e-01
1  1
    2.44041602e+00    1.00000000e+00
1  1
    8.38822013e-01    1.00000000e+00
1  1
    3.12887469e-01    1.00000000e+00
1  1
    1.07701090e-01    1.00000000e+00
2  2
    3.75600000e+00    2.00000000e-01
    8.12000000e-01    1.00000000e+00
1  2
    2.73000000e-01    1.00000000e+00
1  3
    5.57000000e-01    1.00000000e+00
