17
1  0
    1.63840000e+04    1.00000000e+00
1  0
    3.27700000e+03    1.00000000e+00
1  0
    8.19000000e+02    1.00000000e+00
1  0
    2.05000000e+02    1.00000000e+00
1  0
    5.10000000e+01    1.00000000e+00
1  0
    1.60000000e+01    1.00000000e+00
1  1
    1.60000000e+01    1.00000000e+00
1  0
    3.20000000e+00    1.00000000e+00
1  1
    3.20000000e+00    1.00000000e+00
1  0
    8.00000000e-01    1.00000000e+00
1  1
    8.00000000e-01    1.00000000e+00
1  0
    2.00000000e-01    1.00000000e+00
1  1
    2.00000000e-01    1.00000000e+00
1  2
    1.60000000e+01    1.00000000e+00
1  2
    3.20000000e+00    1.00000000e+00
1  2
    8.00000000e-01    1.00000000e+00
1  2
    2.00000000e-01    1.00000000e+00
