30
14  0
    6.87287000e+06    2.13744000e-06
    1.02886000e+06    1.66157000e-05
    2.34513000e+05    8.71462000e-05
    6.65640000e+04    3.67199000e-04
    2.17755000e+04    1.33234000e-03
    7.89124000e+03    4.32319000e-03
    3.08980000e+03    1.28205000e-02
    1.28639000e+03    3.49485000e-02
    5.63195000e+02    8.69519000e-02
    2.56296000e+02    1.91329000e-01
    1.20414000e+02    3.57526000e-01
    5.73929000e+01    5.00000000e-01
    2.76317000e+01    4.05883000e-01
    1.33347000e+01    1.23968000e-01
5  0
    2.69041000e+02   -4.95730000e-03
    8.43045000e+01   -3.73704000e-02
    3.20885000e+01   -1.02889000e-01
    6.36829000e+00    3.33738000e-01
    2.97852000e+00    5.00000000e-01
2  0
    4.37503000e+00    1.36761000e-01
    1.60609000e+00    5.00000000e-01
1  0
    1.16514000e+00    1.00000000e+00
1  0
    4.41473000e-01    1.00000000e+00
1  0
    2.02390000e-01    1.00000000e+00
1  0
    8.97637000e-02    1.00000000e+00
7  1
    6.07182000e+04    9.76173000e-06
    9.34126000e+03    1.98825000e-04
    2.21763000e+03    1.84030000e-03
    7.22046000e+02    1.05991000e-02
    2.75340000e+02    4.81224000e-02
    1.15225000e+02    1.77868000e-01
    5.33698000e+01    5.00000000e-01
1  1
    2.57794000e+01    1.00000000e+00
1  1
    1.29610000e+01    1.00000000e+00
1  1
    6.72387000e+00    1.00000000e+00
1  1
    3.59246000e+00    1.00000000e+00
1  1
    1.90168000e+00    1.00000000e+00
1  1
    1.00110000e+00    1.00000000e+00
1  1
    4.83175000e-01    1.00000000e+00
1  1
    2.29624000e-01    1.00000000e+00
1  1
    1.05501000e-01    1.00000000e+00
1  1
    4.53705000e-02    1.00000000e+00
1  2
    2.29300000e+01    1.00000000e+00
1  2
    6.55000000e+00    1.00000000e+00
1  2
    2.26000000e+00    1.00000000e+00
1  2
    8.10000000e-01    1.00000000e+00
1  2
    3.51000000e-01    1.00000000e+00
1  2
    1.46000000e-01    1.00000000e+00
1  3
    3.59000000e+00    1.00000000e+00
1  3
    8.40000000e-01    1.00000000e+00
1  3
    3.50000000e-01    1.00000000e+00
1  4
    1.76000000e+00    1.00000000e+00
1  4
    5.90000000e-01    1.00000000e+00
1  5
    9.50000000e-01    1.00000000e+00
