7
5  0
    9.17104000e+03    5.66118000e-03
    1.37977000e+03    4.24022000e-02
    3.13601000e+02    1.91374000e-01
    8.76232000e+01    5.00000000e-01
    2.74763000e+01    4.64087000e-01
2  0
    4.05605000e+00    5.00000000e-01
    1.47491000e+00    2.36690000e-01
1  0
    3.83989000e-01    1.00000000e+00
1  0
    1.38619000e-01    1.00000000e+00
5  1
    8.63401000e+02    1.56686000e-03
    1.32831000e+02    2.71886000e-02
    3.07489000e+01    1.72897000e-01
    9.19940000e+00    4.66899000e-01
    2.92129000e+00    5.00000000e-01
1  1
    6.90074000e-01    1.00000000e+00
1  1
    1.80666000e-01    1.00000000e+00
