22
11  0
    1.01043000e+06    2.25755000e-05
    1.51382000e+05    1.75427000e-04
    3.44618000e+04    9.21453000e-04
    9.76551000e+03    3.87659000e-03
    3.18691000e+03    1.39721000e-02
    1.15020000e+03    4.42476000e-02
    4.48472000e+02    1.21797000e-01
    1.84940000e+02    2.80391000e-01
    8.00986000e+01    4.79528000e-01
    3.58567000e+01    5.00000000e-01
    1.60833000e+01    2.07538000e-01
5  0
    2.63521000e+02   -5.77895000e-03
    8.26776000e+01   -4.29129000e-02
    3.16585000e+01   -1.14625000e-01
    6.58199000e+00    3.33388000e-01
    3.03513000e+00    5.00000000e-01
2  0
    4.22715000e+00    2.01996000e-01
    1.56921000e+00    5.00000000e-01
1  0
    7.56397000e-01    1.00000000e+00
1  0
    3.04687000e-01    1.00000000e+00
1  0
    1.18508000e-01    1.00000000e+00
6  1
    2.19215000e+04    3.61943000e-05
    3.37253000e+03    7.35364000e-04
    7.99455000e+02    6.73790000e-03
    2.59289000e+02    3.76008000e-02
    9.74846000e+01    1.62057000e-01
    4.08315000e+01    5.00000000e-01
1  1
    1.83181000e+01    1.00000000e+00
1  1
    8.51281000e+00    1.00000000e+00
1  1
    4.01224000e+00    1.00000000e+00
1  1
    1.86638000e+00    1.00000000e+00
1  1
    8.14974000e-01    1.00000000e+00
1  1
    3.59582000e-01    1.00000000e+00
1  1
    1.50203000e-01    1.00000000e+00
1  1
    5.92518000e-02    1.00000000e+00
1  2
    8.76000000e+00    1.00000000e+00
1  2
    2.30000000e+00    1.00000000e+00
1  2
    6.80000000e-01    1.00000000e+00
1  2
    2.50000000e-01    1.00000000e+00
1  3
    1.53000000e+00    1.00000000e+00
1  3
    5.10000000e-01    1.00000000e+00
1  4
    7.90000000e-01    1.00000000e+00
