15
8  0
    1.34694000e+05    2.26242000e-04
    2.01892000e+04    1.75499000e-03
    4.59509000e+03    9.14199000e-03
    1.30110000e+03    3.73534000e-02
    4.23913000e+02    1.23114000e-01
    1.52492000e+02    3.06788000e-01
    5.86947000e+01    5.00000000e-01
    2.31478000e+01    3.54378000e-01
3  0
    1.16301000e+02   -4.92657000e-02
    3.52778000e+01   -2.16284000e-01
    6.78187000e+00    5.00000000e-01
2  0
    3.60509000e+00    5.00000000e-01
    1.64851000e+00    3.66080000e-01
1  0
    4.21578000e-01    1.00000000e+00
1  0
    1.47513000e-01    1.00000000e+00
5  1
    6.32559000e+03    1.70182000e-04
    9.73167000e+02    3.39092000e-03
    2.30880000e+02    2.93300000e-02
    7.41907000e+01    1.48226000e-01
    2.74377000e+01    5.00000000e-01
1  1
    1.11191000e+01    1.00000000e+00
1  1
    4.64525000e+00    1.00000000e+00
1  1
    1.93426000e+00    1.00000000e+00
1  1
    6.90874000e-01    1.00000000e+00
1  1
    2.57422000e-01    1.00000000e+00
1  1
    8.72919000e-02    1.00000000e+00
1  2
    2.10000000e+00    1.00000000e+00
1  2
    4.80000000e-01    1.00000000e+00
1  3
    6.60000000e-01    1.00000000e+00
