10
7  0
    4.92971000e+04    7.45668000e-04
    7.39548000e+03    5.75894000e-03
    1.68319000e+03    2.94645000e-02
    4.76105000e+02    1.13226000e-01
    1.54315000e+02    3.15276000e-01
    5.50214000e+01    5.00000000e-01
    2.04998000e+01    2.98998000e-01
3  0
    4.59609000e+01   -8.75226000e-02
    4.92669000e+00    5.58836000e-01
    1.91703000e+00    5.00000000e-01
1  0
    3.68255000e-01    1.00000000e+00
1  0
    1.29006000e-01    1.00000000e+00
5  1
    2.61711000e+03    3.17818000e-04
    4.02633000e+02    6.10879000e-03
    9.45000000e+01    4.95016000e-02
    2.98029000e+01    2.04967000e-01
    1.08063000e+01    5.00000000e-01
1  1
    4.11577000e+00    1.00000000e+00
1  1
    1.58753000e+00    1.00000000e+00
1  1
    4.64477000e-01    1.00000000e+00
1  1
    1.32000000e-01    1.00000000e+00
1  2
    5.50000000e-01    1.00000000e+00
