13
5  0
    1.03953950e+05    2.47427170e-04
    1.55837860e+04    1.91776830e-03
    3.54612930e+03    9.96099950e-03
    1.00268080e+03    4.03864290e-02
    3.24902880e+02    1.30675230e-01
1  0
    1.15512250e+02    1.00000000e+00
2  0
    4.45282100e+01    5.04035510e-01
    1.83978920e+01    2.30680510e-01
1  0
    5.51006830e+00    1.00000000e+00
1  0
    2.12598670e+00    1.00000000e+00
1  0
    4.36918930e-01    1.00000000e+00
1  0
    1.57308510e-01    1.00000000e+00
5  1
    6.06693670e+02    2.32296450e-03
    1.43506960e+02    1.85705320e-02
    4.57461600e+01    8.60327400e-02
    1.68729120e+01    2.52484310e-01
    6.63991960e+00    4.46327420e-01
1  1
    2.67271350e+00    1.00000000e+00
1  1
    1.00000890e+00    1.00000000e+00
1  1
    3.54389420e-01    1.00000000e+00
1  1
    1.16713050e-01    1.00000000e+00
1  2
    5.50000000e-01    1.00000000e+00
