17
7  0
    7.39903031e+03    7.22793300e-01
    2.71016759e+03    1.37067450e+00
    1.03432791e+03    4.32175000e+00
    4.10464541e+02    8.76246440e+00
    1.68976250e+02    1.05289909e+01
    7.19687889e+01    3.08365980e+00
    3.16172683e+01   -1.58212030e+00
1  0
    1.42796836e+01    1.00000000e+00
1  0
    6.60609480e+00    1.00000000e+00
1  0
    3.11814770e+00    1.00000000e+00
1  0
    1.49540390e+00    1.00000000e+00
1  0
    7.25477900e-01    1.00000000e+00
1  0
    3.54421600e-01    1.00000000e+00
1  0
    1.73552500e-01    1.00000000e+00
2  1
    1.26998799e+01    4.57971000e-02
    4.42957840e+00   -3.94968000e-02
1  1
    1.52328890e+00    1.00000000e+00
1  1
    5.19466700e-01    1.00000000e+00
1  1
    1.76654700e-01    1.00000000e+00
3  2
    1.68546461e+01    2.63236000e-02
    5.08104610e+00   -1.90773000e-02
    1.51023230e+00    2.13668000e-02
1  2
    4.45133100e-01    1.00000000e+00
1  2
    1.30836200e-01    1.00000000e+00
2  3
    1.08098600e+00    1.00000000e+00
    4.16147400e-01    1.00000000e+00
1  4
    6.70710000e-01    1.00000000e+00
