13
3  0
    1.32893830e+04    6.09840000e-02
    2.01052180e+03    3.66849000e-01
    4.41698150e+02    6.91050000e-01
3  0
    5.98889000e+02   -1.12720000e-01
    1.30038500e+02    8.26440000e-02
    4.21328600e+01    9.70258000e-01
3  1
    5.98889000e+02    1.53067000e-01
    1.30038500e+02    6.13597000e-01
    4.21328600e+01    3.91699000e-01
3  0
    5.15133300e+01   -2.77043000e-01
    2.44359500e+01    5.75030000e-02
    7.42093100e+00    1.08470300e+00
3  1
    5.15133300e+01   -1.37870000e-01
    2.44359500e+01    5.36355000e-01
    7.42093100e+00    6.50868000e-01
3  0
    7.31423500e+00   -4.40381000e-01
    2.84405300e+00    4.73734000e-01
    1.10585500e+00    8.22135000e-01
3  1
    7.31423500e+00    1.53050000e-02
    2.84405300e+00    5.16083000e-01
    1.10585500e+00    5.38757000e-01
2  0
    1.27863700e+00   -6.01695000e-01
    2.41232000e-01    1.25869200e+00
2  1
    1.27863700e+00    2.22530000e-02
    2.41232000e-01    9.89643000e-01
1  0
    8.66300000e-02    1.00000000e+00
1  1
    8.66300000e-02    1.00000000e+00
3  2
    1.15809550e+02    1.16628000e-01
    3.23058350e+01    4.83436000e-01
    1.02503280e+01    5.90140000e-01
3  2
    5.48621000e+00    2.48366000e-01
    1.92162000e+00    5.74315000e-01
    6.66063000e-01    3.64304000e-01
