12
6  0
    3.71584000e+02    1.59100000e-03
    2.65392000e+01   -4.16840000e-02
    1.66213000e+01    2.73343000e-01
    7.73551000e+00   -7.67685000e-01
    1.89234000e+00    8.99496000e-01
    9.10431000e-01    4.31387000e-01
6  0
    3.71584000e+02    6.54000000e-04
    2.65392000e+01   -1.09620000e-02
    1.66213000e+01    9.38330000e-02
    7.73551000e+00   -3.04009000e-01
    1.89234000e+00    5.08409000e-01
    9.10431000e-01    3.39239000e-01
1  0
    2.44231000e-01    1.00000000e+00
1  0
    9.23970000e-02    1.00000000e+00
1  0
    3.27000000e-02    1.00000000e+00
5  1
    1.60509000e+01    9.21570000e-02
    1.02621000e+01   -2.75559000e-01
    2.42832000e+00    6.58640000e-01
    1.03360000e+00    4.66892000e-01
    2.59440000e-01    2.85110000e-02
5  1
    1.60509000e+01   -2.53130000e-02
    1.02621000e+01    7.97960000e-02
    2.42832000e+00   -2.42094000e-01
    1.03360000e+00   -1.48605000e-01
    2.59440000e-01    5.48944000e-01
1  1
    8.61080000e-02    1.00000000e+00
1  1
    2.71000000e-02    1.00000000e+00
5  2
    4.54785000e+01    3.25900000e-03
    1.85114000e+01   -5.49700000e-03
    3.91600000e+00    2.79953000e-01
    1.71482000e+00    5.12751000e-01
    6.97319000e-01    3.32872000e-01
1  2
    2.30400000e-01    1.00000000e+00
1  2
    8.02000000e-02    1.00000000e+00
