23
1  0
    1.16711000e+01    1.00000000e+00
1  0
    6.09432000e+00    1.00000000e+00
1  0
    2.98442000e+00    1.00000000e+00
1  0
    1.44159000e+00    1.00000000e+00
1  0
    6.10131000e-01    1.00000000e+00
1  0
    2.97400000e-01    1.00000000e+00
1  0
    1.80874000e-01    1.00000000e+00
1  1
    5.06947000e+00    1.00000000e+00
1  1
    3.85294000e+00    1.00000000e+00
1  1
    1.92890000e+00    1.00000000e+00
1  1
    7.12830000e-01    1.00000000e+00
1  1
    3.78457000e-01    1.00000000e+00
1  1
    2.02168000e-01    1.00000000e+00
1  2
    1.00314000e+01    1.00000000e+00
1  2
    3.56200000e+00    1.00000000e+00
1  2
    1.54995000e+00    1.00000000e+00
1  2
    4.20398000e-01    1.00000000e+00
1  2
    2.15529000e-01    1.00000000e+00
1  3
    4.39823000e+00    1.00000000e+00
1  3
    1.22697000e+00    1.00000000e+00
1  3
    3.87255000e-01    1.00000000e+00
1  4
    4.86109000e+00    1.00000000e+00
1  4
    7.69371000e-01    1.00000000e+00
