61
1  0
    4.51184000e+01    1.00000000e+00
1  0
    3.07029000e+01    1.00000000e+00
1  0
    1.81342000e+01    1.00000000e+00
1  0
    9.62333000e+00    1.00000000e+00
1  0
    6.54223000e+00    1.00000000e+00
1  0
    3.40911000e+00    1.00000000e+00
1  0
    1.87052000e+00    1.00000000e+00
1  0
    1.09284000e+00    1.00000000e+00
1  0
    6.53154000e-01    1.00000000e+00
1  0
    3.82784000e-01    1.00000000e+00
1  0
    2.68718000e-01    1.00000000e+00
1  0
    1.47207000e-01    1.00000000e+00
1  0
    7.98108000e-02    1.00000000e+00
1  1
    3.46124000e+01    1.00000000e+00
1  1
    1.59598000e+01    1.00000000e+00
1  1
    9.12250000e+00    1.00000000e+00
1  1
    5.60520000e+00    1.00000000e+00
1  1
    3.10984000e+00    1.00000000e+00
1  1
    1.89871000e+00    1.00000000e+00
1  1
    1.08935000e+00    1.00000000e+00
1  1
    6.33986000e-01    1.00000000e+00
1  1
    4.02327000e-01    1.00000000e+00
1  1
    2.51212000e-01    1.00000000e+00
1  1
    1.39160000e-01    1.00000000e+00
1  1
    8.16818000e-02    1.00000000e+00
1  2
    2.71375000e+01    1.00000000e+00
1  2
    1.48017000e+01    1.00000000e+00
1  2
    9.57967000e+00    1.00000000e+00
1  2
    4.98236000e+00    1.00000000e+00
1  2
    2.47842000e+00    1.00000000e+00
1  2
    1.25823000e+00    1.00000000e+00
1  2
    7.90171000e-01    1.00000000e+00
1  2
    5.24253000e-01    1.00000000e+00
1  2
    3.49184000e-01    1.00000000e+00
1  2
    1.91426000e-01    1.00000000e+00
1  2
    8.96901000e-02    1.00000000e+00
1  3
    2.04864000e+01    1.00000000e+00
1  3
    1.11831000e+01    1.00000000e+00
1  3
    5.30721000e+00    1.00000000e+00
1  3
    2.26899000e+00    1.00000000e+00
1  3
    1.28503000e+00    1.00000000e+00
1  3
    7.16965000e-01    1.00000000e+00
1  3
    5.04315000e-01    1.00000000e+00
1  3
    3.11981000e-01    1.00000000e+00
1  3
    1.67600000e-01    1.00000000e+00
1  4
    1.10851000e+01    1.00000000e+00
1  4
    5.41110000e+00    1.00000000e+00
1  4
    2.29999000e+00    1.00000000e+00
1  4
    1.43080000e+00    1.00000000e+00
1  4
    7.65014000e-01    1.00000000e+00
1  4
    4.58478000e-01    1.00000000e+00
1  4
    2.57435000e-01    1.00000000e+00
1  5
    5.44355000e+00    1.00000000e+00
1  5
    2.37682000e+00    1.00000000e+00
1  5
    1.25812000e+00    1.00000000e+00
1  5
    7.32140000e-01    1.00000000e+00
1  5
    4.19813000e-01    1.00000000e+00
1  6
    2.53094000e+00    1.00000000e+00
1  6
    1.27155000e+00    1.00000000e+00
1  6
    6.55250000e-01    1.00000000e+00
1  7
    1.32821000e+00    1.00000000e+00
