20
1  0
    2.53125000e+05    1.00000000e+00
1  0
    4.21880000e+04    1.00000000e+00
1  0
    8.43800000e+03    1.00000000e+00
1  0
    1.68800000e+03    1.00000000e+00
1  0
    3.38000000e+02    1.00000000e+00
1  0
    8.10000000e+01    1.00000000e+00
1  1
    8.10000000e+01    1.00000000e+00
1  0
    1.35000000e+01    1.00000000e+00
1  1
    1.35000000e+01    1.00000000e+00
1  0
    2.70000000e+00    1.00000000e+00
1  1
    2.70000000e+00    1.00000000e+00
1  0
    5.40000000e-01    1.00000000e+00
1  1
    5.40000000e-01    1.00000000e+00
1  0
    1.08000000e-01    1.00000000e+00
1  1
    1.08000000e-01    1.00000000e+00
1  2
    8.10000000e+01    1.00000000e+00
1  2
    1.35000000e+01    1.00000000e+00
1  2
    2.70000000e+00    1.00000000e+00
1  2
    5.40000000e-01    1.00000000e+00
1  2
    1.08000000e-01    1.00000000e+00
