22
9  0
    1.23393166e+04    3.85452310e-05
    1.85470433e+03    2.77021664e-04
    4.18444418e+02    1.11619238e-03
    9.69651111e+01    2.88280554e-03
    2.85379603e+01   -6.05564050e-02
    1.78629071e+01    2.79888353e-01
    8.45417548e+00   -5.47484794e-01
    5.28139813e+00   -3.03362897e-01
    2.31946186e+00    6.80932787e-01
3  0
    2.53362666e+01    2.24143551e-02
    1.24770433e+01   -1.47378118e-01
    3.07231427e+00    5.32784688e-01
1  0
    1.21675121e+00    1.00000000e+00
1  0
    6.01747747e-01    1.00000000e+00
1  0
    2.83239364e-01    1.00000000e+00
1  0
    1.32217657e-01    1.00000000e+00
1  0
    6.09867190e-02    1.00000000e+00
7  1
    1.62893000e+02    3.75000000e-04
    3.03996000e+01   -4.79800000e-03
    1.90004000e+01    5.47310000e-02
    9.32256000e+00   -2.55284000e-01
    3.01668000e+00    3.45377000e-01
    1.86219000e+00    4.04833000e-01
    1.10331000e+00    3.25922000e-01
3  1
    1.26653261e+01   -2.06947886e-02
    3.34734429e+00    2.68784110e-01
    1.17221590e+00    7.25905240e-01
1  1
    5.88867455e-01    1.00000000e+00
1  1
    2.50142496e-01    1.00000000e+00
1  1
    1.11201611e-01    1.00000000e+00
1  1
    4.82066854e-02    1.00000000e+00
8  2
    1.42617901e+02    3.46917041e-04
    4.09203343e+01    2.74175835e-03
    1.08545205e+01   -3.38474041e-02
    8.39264577e+00    4.27539861e-02
    4.18068780e+00    1.65450994e-01
    2.53464741e+00    2.68219797e-01
    1.51754556e+00    3.14820773e-01
    8.67996260e-01    2.54859137e-01
1  2
    4.73230707e-01    1.00000000e+00
1  2
    2.41117632e-01    1.00000000e+00
1  2
    1.00800000e-01    1.00000000e+00
1  3
    4.84900000e-01    1.00000000e+00
1  3
    2.04900000e-01    1.00000000e+00
1  3
    1.78806000e+00    1.00000000e+00
1  3
    5.62655814e+00    1.00000000e+00
1  4
    4.23400000e-01    1.00000000e+00
