16
4  0
    1.61241999e+03    2.85403808e-04
    2.38844521e+02    1.33937787e-03
    2.39981188e+01   -4.93881546e-02
    1.51931242e+01    4.33922273e-01
2  0
    1.17364097e+01    9.21255200e-01
    6.52597748e+00    7.92352802e-01
1  0
    2.02474519e+00    1.00000000e+00
1  0
    9.71134186e-01    1.00000000e+00
1  0
    2.42543340e-01    1.00000000e+00
1  0
    9.22066082e-02    1.00000000e+00
3  1
    2.15683934e+02    2.60518232e-04
    1.63744791e+01    7.37280002e-02
    9.72162833e+00   -2.72300281e-01
3  1
    2.79826432e+00    4.64726924e-01
    1.47110450e+00    5.03642421e-01
    7.51653853e-01    1.87066663e-01
1  1
    3.31686998e-01    1.00000000e+00
1  1
    1.39316064e-01    1.00000000e+00
1  1
    5.63993075e-02    1.00000000e+00
6  2
    1.15903123e+02    5.31409151e-04
    3.04742337e+01    5.94111392e-03
    1.82284182e+01   -1.05637069e-02
    4.32914566e+00    2.03481773e-01
    2.12948185e+00    4.27483789e-01
    9.96826367e-01    3.85395608e-01
1  2
    4.33472399e-01    1.00000000e+00
1  2
    1.40000000e-01    1.00000000e+00
1  3
    1.10000000e+00    1.00000000e+00
1  3
    3.23697060e-01    1.00000000e+00
