Sb nelec 28
Sb ul
2      1.0000000              0.0000000        
Sb S
2     16.3308650            281.0715810        
2      8.5565420             61.7166040        
Sb P
2     14.4703370             67.4573800        
2     13.8161940            134.9335030        
2      8.4249240             14.7163440        
2      8.0927280             29.5185120        
Sb D
2     14.8863310             35.4478150        
2     15.1463190             53.1434660        
2      5.9082670              9.1792230        
2      5.5943220             13.2402530        
Sb F
2     14.4449780            -15.3668010        
2     14.4492950            -20.2961380        
