18
4  0
    5.77143676e+01    2.21659200e-01
    3.39496271e+01   -9.37336600e-01
    1.31424655e+01    7.56994310e+00
    7.73086180e+00   -1.55941282e+01
1  0
    4.68536130e+00    1.00000000e+00
1  0
    2.75609480e+00    1.00000000e+00
1  0
    1.67035710e+00    1.00000000e+00
1  0
    8.56764800e-01    1.00000000e+00
1  0
    3.45974700e-01    1.00000000e+00
1  0
    1.94110700e-01    1.00000000e+00
1  0
    1.14182800e-01    1.00000000e+00
2  1
    4.89287900e+00    1.61202000e-02
    1.72522270e+00   -4.30711000e-02
1  1
    6.20625200e-01    1.00000000e+00
1  1
    2.26006500e-01    1.00000000e+00
1  1
    8.26410000e-02    1.00000000e+00
3  2
    3.12617440e+00    7.91500000e-03
    1.32582460e+00   -1.29211000e-02
    5.75072600e-01    1.18939000e-02
1  2
    2.52885900e-01    1.00000000e+00
1  2
    1.11720600e-01    1.00000000e+00
2  3
    1.84040450e+00    3.26310000e-03
    9.62938000e-01   -7.21330000e-03
1  3
    5.02960000e-01    1.00000000e+00
1  4
    7.04040100e-01    1.00000000e+00
