40
1  0
    1.09849389e+06    1.00000000e+00
1  0
    4.29115229e+05    1.00000000e+00
1  0
    1.72966030e+05    1.00000000e+00
1  0
    7.19058910e+04    1.00000000e+00
1  0
    3.08147617e+04    1.00000000e+00
1  0
    1.36045280e+04    1.00000000e+00
1  0
    6.18360588e+03    1.00000000e+00
1  0
    2.89133837e+03    1.00000000e+00
1  0
    1.38956864e+03    1.00000000e+00
1  0
    6.85754549e+02    1.00000000e+00
1  0
    3.47140927e+02    1.00000000e+00
1  0
    1.80048028e+02    1.00000000e+00
1  0
    9.55584113e+01    1.00000000e+00
1  0
    5.18269266e+01    1.00000000e+00
1  0
    2.86821490e+01    1.00000000e+00
1  0
    1.61717845e+01    1.00000000e+00
1  0
    9.27411848e+00    1.00000000e+00
1  0
    5.40000758e+00    1.00000000e+00
1  0
    3.18657867e+00    1.00000000e+00
1  0
    1.90209087e+00    1.00000000e+00
1  0
    1.14617853e+00    1.00000000e+00
1  0
    6.95825810e-01    1.00000000e+00
1  0
    4.24686790e-01    1.00000000e+00
1  0
    2.60036860e-01    1.00000000e+00
1  0
    1.59392560e-01    1.00000000e+00
1  0
    9.00000000e-02    1.00000000e+00
1  1
    4.89287900e+00    1.00000000e+00
1  1
    1.72522270e+00    1.00000000e+00
1  1
    6.20625200e-01    1.00000000e+00
1  1
    2.26006500e-01    1.00000000e+00
1  1
    8.26410000e-02    1.00000000e+00
1  2
    3.12617440e+00    1.00000000e+00
1  2
    1.32582460e+00    1.00000000e+00
1  2
    5.75072600e-01    1.00000000e+00
1  2
    2.52885900e-01    1.00000000e+00
1  2
    1.11720600e-01    1.00000000e+00
1  3
    1.84040450e+00    1.00000000e+00
1  3
    9.62938000e-01    1.00000000e+00
1  3
    5.02960000e-01    1.00000000e+00
1  4
    7.04040100e-01    1.00000000e+00
