11
3  0
    2.11988700e+03    6.44210000e-02
    3.20429900e+02    3.79160000e-01
    6.98989300e+01    6.78963000e-01
3  0
    8.97645000e+01   -1.09384000e-01
    1.93851000e+01    1.05070000e-01
    5.73142300e+00    9.52205000e-01
3  1
    8.97645000e+01    1.36328000e-01
    1.93851000e+01    5.41860000e-01
    5.73142300e+00    4.95055000e-01
3  0
    5.49193800e+00   -2.85211000e-01
    1.74374200e+00    3.24155000e-01
    5.66227000e-01    8.56592000e-01
3  1
    5.49193800e+00    1.76140000e-02
    1.74374200e+00    4.33645000e-01
    5.66227000e-01    6.42551000e-01
2  0
    5.16802000e-01   -2.62678000e-01
    6.72140000e-02    1.10807900e+00
2  1
    5.16802000e-01    3.27000000e-04
    6.72140000e-02    9.99893000e-01
1  0
    2.59850000e-02    1.00000000e+00
1  1
    2.59850000e-02    1.00000000e+00
2  2
    5.72221500e+00    2.65236000e-01
    1.36084900e+00    8.55861000e-01
1  2
    3.22652000e-01    1.00000000e+00
