81
1  0
    2.28593000e+02    1.00000000e+00
1  0
    1.05656000e+02    1.00000000e+00
1  0
    5.21820000e+01    1.00000000e+00
1  0
    2.26151000e+01    1.00000000e+00
1  0
    8.18513000e+00    1.00000000e+00
1  0
    2.75579000e+00    1.00000000e+00
1  0
    1.68421000e+00    1.00000000e+00
1  0
    1.03420000e+00    1.00000000e+00
1  0
    5.65238000e-01    1.00000000e+00
1  0
    2.62240000e-01    1.00000000e+00
1  0
    1.52978000e-01    1.00000000e+00
1  0
    8.44840000e-02    1.00000000e+00
1  0
    4.72720000e-02    1.00000000e+00
1  0
    3.77050000e-02    1.00000000e+00
1  1
    8.95102000e+01    1.00000000e+00
1  1
    3.82945000e+01    1.00000000e+00
1  1
    1.67646000e+01    1.00000000e+00
1  1
    7.56321000e+00    1.00000000e+00
1  1
    2.59163000e+00    1.00000000e+00
1  1
    1.44292000e+00    1.00000000e+00
1  1
    1.04187000e+00    1.00000000e+00
1  1
    6.99354000e-01    1.00000000e+00
1  1
    3.38922000e-01    1.00000000e+00
1  1
    1.75512000e-01    1.00000000e+00
1  1
    9.68660000e-02    1.00000000e+00
1  1
    5.00370000e-02    1.00000000e+00
1  1
    3.33650000e-02    1.00000000e+00
1  2
    3.01125000e+01    1.00000000e+00
1  2
    1.40774000e+01    1.00000000e+00
1  2
    5.79224000e+00    1.00000000e+00
1  2
    2.48111000e+00    1.00000000e+00
1  2
    1.64458000e+00    1.00000000e+00
1  2
    7.35452000e-01    1.00000000e+00
1  2
    4.35581000e-01    1.00000000e+00
1  2
    2.24721000e-01    1.00000000e+00
1  2
    1.32284000e-01    1.00000000e+00
1  2
    8.22010000e-02    1.00000000e+00
1  2
    4.02500000e-02    1.00000000e+00
1  2
    2.79650000e-02    1.00000000e+00
1  3
    2.53434000e+01    1.00000000e+00
1  3
    1.16946000e+01    1.00000000e+00
1  3
    5.44400000e+00    1.00000000e+00
1  3
    3.28621000e+00    1.00000000e+00
1  3
    1.50188000e+00    1.00000000e+00
1  3
    9.80155000e-01    1.00000000e+00
1  3
    4.24938000e-01    1.00000000e+00
1  3
    2.82875000e-01    1.00000000e+00
1  3
    1.23649000e-01    1.00000000e+00
1  3
    6.44760000e-02    1.00000000e+00
1  3
    4.25430000e-02    1.00000000e+00
1  4
    1.56655000e+01    1.00000000e+00
1  4
    6.41227000e+00    1.00000000e+00
1  4
    3.03972000e+00    1.00000000e+00
1  4
    1.90180000e+00    1.00000000e+00
1  4
    8.19913000e-01    1.00000000e+00
1  4
    5.35067000e-01    1.00000000e+00
1  4
    2.26602000e-01    1.00000000e+00
1  4
    1.17054000e-01    1.00000000e+00
1  4
    6.42340000e-02    1.00000000e+00
1  4
    3.59340000e-02    1.00000000e+00
1  5
    8.40461000e+00    1.00000000e+00
1  5
    3.48890000e+00    1.00000000e+00
1  5
    1.41240000e+00    1.00000000e+00
1  5
    7.23017000e-01    1.00000000e+00
1  5
    4.02396000e-01    1.00000000e+00
1  5
    1.64756000e-01    1.00000000e+00
1  5
    1.25012000e-01    1.00000000e+00
1  6
    6.67682000e+00    1.00000000e+00
1  6
    2.68800000e+00    1.00000000e+00
1  6
    1.03787000e+00    1.00000000e+00
1  6
    6.33033000e-01    1.00000000e+00
1  6
    2.85660000e-01    1.00000000e+00
1  6
    1.80401000e-01    1.00000000e+00
1  7
    4.51060000e+00    1.00000000e+00
1  7
    2.00902000e+00    1.00000000e+00
1  7
    1.30201000e+00    1.00000000e+00
1  7
    5.10981000e-01    1.00000000e+00
1  7
    2.00894000e-01    1.00000000e+00
1  8
    1.76491000e+00    1.00000000e+00
1  8
    8.17436000e-01    1.00000000e+00
1  8
    3.50769000e-01    1.00000000e+00
