22
12  0
    3.64004150e+01    5.37400000e-03
    1.94117211e+01   -3.22660000e-02
    7.76559262e+00    3.61279000e-01
    4.72233684e+00   -8.58519000e-01
    3.30202494e+00    1.96889000e-01
    1.73290764e+00    1.33972000e-01
    8.60337870e-01    6.40189000e-01
    4.88366400e-01    3.34618000e-01
    2.37253880e-01    1.23744000e-01
    1.05653080e-01   -1.74210000e-02
    4.67061300e-02    1.08560000e-02
    2.09260000e-02   -1.57300000e-03
12  0
    3.64004150e+01   -1.03900000e-03
    1.94117211e+01    6.91100000e-03
    7.76559262e+00   -8.96030000e-02
    4.72233684e+00    2.28760000e-01
    3.30202494e+00   -5.83900000e-02
    1.73290764e+00   -3.85590000e-02
    8.60337870e-01   -2.15849000e-01
    4.88366400e-01   -2.08490000e-01
    2.37253880e-01   -1.46275000e-01
    1.05653080e-01    3.50802000e-01
    4.67061300e-02    6.55178000e-01
    2.09260000e-02    2.18601000e-01
12  0
    3.64004150e+01   -1.75000000e-03
    1.94117211e+01    1.72040000e-02
    7.76559262e+00   -3.09191000e-01
    4.72233684e+00    8.49279000e-01
    3.30202494e+00   -4.84060000e-02
    1.73290764e+00   -8.79531000e-01
    8.60337870e-01   -8.61793000e-01
    4.88366400e-01    4.51521000e-01
    2.37253880e-01    8.18867000e-01
    1.05653080e-01    7.13573000e-01
    4.67061300e-02   -6.20518000e-01
    2.09260000e-02   -4.44725000e-01
12  0
    3.64004150e+01    1.27300000e-03
    1.94117211e+01   -1.94930000e-02
    7.76559262e+00    4.57296000e-01
    4.72233684e+00   -1.48775900e+00
    3.30202494e+00    3.41481000e-01
    1.73290764e+00    2.05566700e+00
    8.60337870e-01    4.44271000e-01
    4.88366400e-01   -2.65787400e+00
    2.37253880e-01    8.41560000e-02
    1.05653080e-01    1.92005800e+00
    4.67061300e-02   -4.03119000e-01
    2.09260000e-02   -7.33418000e-01
1  0
    2.09260000e-02    1.00000000e+00
1  0
    9.37558000e-03    1.00000000e+00
12  1
    4.11269756e+01    1.16200000e-03
    2.24373859e+01   -6.34500000e-03
    1.12588519e+01    3.07430000e-02
    6.08582478e+00   -8.39790000e-02
    3.77549759e+00   -3.17390000e-02
    2.17906519e+00    2.32763000e-01
    1.07491872e+00    4.20436000e-01
    5.52412180e-01    3.51975000e-01
    2.81509400e-01    1.43464000e-01
    1.23128860e-01    1.60090000e-02
    5.38551000e-02    2.38000000e-04
    2.35555800e-02    2.53000000e-04
12  1
    4.11269756e+01   -2.51000000e-04
    2.24373859e+01    1.42500000e-03
    1.12588519e+01   -7.43400000e-03
    6.08582478e+00    2.24930000e-02
    3.77549759e+00    4.51400000e-03
    2.17906519e+00   -6.55310000e-02
    1.07491872e+00   -1.24901000e-01
    5.52412180e-01   -1.30795000e-01
    2.81509400e-01    4.02600000e-03
    1.23128860e-01    3.57311000e-01
    5.38551000e-02    5.42386000e-01
    2.35555800e-02    2.22946000e-01
12  1
    4.11269756e+01    6.20000000e-04
    2.24373859e+01   -4.73600000e-03
    1.12588519e+01    3.41570000e-02
    6.08582478e+00   -1.21614000e-01
    3.77549759e+00   -1.20560000e-01
    2.17906519e+00    8.82214000e-01
    1.07491872e+00    3.68083000e-01
    5.52412180e-01   -9.00566000e-01
    2.81509400e-01   -5.79301000e-01
    1.23128860e-01    5.99454000e-01
    5.38551000e-02    4.42546000e-01
    2.35555800e-02    6.70000000e-03
12  1
    4.11269756e+01    2.26200000e-03
    2.24373859e+01   -1.40380000e-02
    1.12588519e+01    9.57590000e-02
    6.08582478e+00   -5.03141000e-01
    3.77549759e+00    6.22223000e-01
    2.17906519e+00    1.36298400e+00
    1.07491872e+00   -1.59888900e+00
    5.52412180e-01   -8.18793000e-01
    2.81509400e-01    1.67365000e+00
    1.23128860e-01   -9.12960000e-02
    5.38551000e-02   -6.29433000e-01
    2.35555800e-02   -1.57800000e-03
1  1
    2.35555800e-02    1.00000000e+00
1  1
    1.03029300e-02    1.00000000e+00
10  2
    2.34105510e+01   -2.06200000e-03
    9.57667856e+00    1.43730000e-02
    5.80916551e+00    9.69330000e-02
    2.24207749e+00    2.04502000e-01
    1.03019541e+00    2.61896000e-01
    4.91422690e-01    3.13820000e-01
    2.17273540e-01    2.82419000e-01
    1.00032850e-01    1.52870000e-01
    4.58325500e-02    5.63920000e-02
    2.09714600e-02    2.43600000e-03
10  2
    2.34105510e+01    3.58000000e-03
    9.57667856e+00   -2.55150000e-02
    5.80916551e+00   -5.97010000e-02
    2.24207749e+00   -3.68686000e-01
    1.03019541e+00   -4.11377000e-01
    4.91422690e-01    1.11569000e-01
    2.17273540e-01    3.51629000e-01
    1.00032850e-01    3.48869000e-01
    4.58325500e-02    1.64529000e-01
    2.09714600e-02    1.70160000e-02
10  2
    2.34105510e+01    2.98700000e-03
    9.57667856e+00   -2.28200000e-02
    5.80916551e+00   -2.83980000e-02
    2.24207749e+00   -6.33662000e-01
    1.03019541e+00    2.06000000e-04
    4.91422690e-01    7.71900000e-01
    2.17273540e-01    1.76352000e-01
    1.00032850e-01   -4.62194000e-01
    4.58325500e-02   -3.52638000e-01
    2.09714600e-02   -4.70430000e-02
1  2
    2.09714600e-02    1.00000000e+00
1  2
    9.59584000e-03    1.00000000e+00
1  3
    1.90604800e+00    1.00000000e+00
1  3
    5.47537000e-01    1.00000000e+00
1  3
    1.57287090e-01    1.00000000e+00
1  4
    1.76969100e+00    1.00000000e+00
1  4
    5.08366670e-01    1.00000000e+00
