33
20  0
    2.71527800e+06    8.14722100e-06
    4.06598400e+05    6.33478800e-05
    9.25300400e+04    3.33038400e-04
    2.62079200e+04    1.40405500e-03
    8.54942900e+03    5.08172500e-03
    3.08597500e+03    1.62692600e-02
    1.20317200e+03    4.62457700e-02
    4.98486900e+02    1.13722300e-01
    2.16736000e+02    2.25763600e-01
    9.78747600e+01    3.10670000e-01
    4.52043300e+01    2.19190600e-01
    2.02118700e+01    7.21587900e-02
    9.57475100e+00    1.18703000e-01
    4.54034600e+00    1.22053200e-01
    1.99568700e+00    2.13679500e-02
    9.42215000e-01   -5.35724600e-04
    4.17845000e-01    2.43577400e-04
    9.57610000e-02   -8.79661700e-05
    5.13510000e-02    7.87824600e-05
    2.38780000e-02   -1.63715500e-05
20  0
    2.71527800e+06   -4.72210900e-06
    4.06598400e+05   -3.67182900e-05
    9.25300400e+04   -1.93088300e-04
    2.62079200e+04   -8.14687000e-04
    8.54942900e+03   -2.95552600e-03
    3.08597500e+03   -9.52003500e-03
    1.20317200e+03   -2.74685800e-02
    4.98486900e+02   -6.99152800e-02
    2.16736000e+02   -1.49925100e-01
    9.78747600e+01   -2.45915300e-01
    4.52043300e+01   -2.40129300e-01
    2.02118700e+01    3.56798700e-02
    9.57475100e+00    4.91502300e-01
    4.54034600e+00    4.91138100e-01
    1.99568700e+00    9.12063300e-02
    9.42215000e-01   -5.35672300e-03
    4.17845000e-01    8.81283600e-04
    9.57610000e-02   -7.60553600e-04
    5.13510000e-02    6.34011600e-04
    2.38780000e-02   -1.55616300e-04
20  0
    2.71527800e+06    9.13990500e-07
    4.06598400e+05    7.10851300e-06
    9.25300400e+04    3.73812600e-05
    2.62079200e+04    1.57882800e-04
    8.54942900e+03    5.73768600e-04
    3.08597500e+03    1.85924400e-03
    1.20317200e+03    5.43318200e-03
    4.98486900e+02    1.42538700e-02
    2.16736000e+02    3.24614400e-02
    9.78747600e+01    6.00345400e-02
    4.52043300e+01    6.91610500e-02
    2.02118700e+01   -2.11308400e-02
    9.57475100e+00   -2.66683200e-01
    4.54034600e+00   -4.36759100e-01
    1.99568700e+00    6.49824300e-02
    9.42215000e-01    7.00959900e-01
    4.17845000e-01    4.51556200e-01
    9.57610000e-02    3.01191000e-02
    5.13510000e-02   -1.32948000e-02
    2.38780000e-02    4.63367900e-03
20  0
    2.71527800e+06   -2.20195100e-07
    4.06598400e+05   -1.71141900e-06
    9.25300400e+04   -9.00846900e-06
    2.62079200e+04   -3.79999700e-05
    8.54942900e+03   -1.38322700e-04
    3.08597500e+03   -4.47369200e-04
    1.20317200e+03   -1.31069100e-03
    4.98486900e+02   -3.42986000e-03
    2.16736000e+02   -7.84757900e-03
    9.78747600e+01   -1.44718900e-02
    4.52043300e+01   -1.69066900e-02
    2.02118700e+01    5.39611500e-03
    9.57475100e+00    6.67106200e-02
    4.54034600e+00    1.17835600e-01
    1.99568700e+00   -2.73813400e-02
    9.42215000e-01   -2.26014900e-01
    4.17845000e-01   -3.07353900e-01
    9.57610000e-02    2.54405400e-01
    5.13510000e-02    5.98159000e-01
    2.38780000e-02    3.11520200e-01
20  0
    2.71527800e+06   -3.75723800e-07
    4.06598400e+05   -2.98190700e-06
    9.25300400e+04   -1.52258600e-05
    2.62079200e+04   -6.68468600e-05
    8.54942900e+03   -2.31312900e-04
    3.08597500e+03   -7.95972900e-04
    1.20317200e+03   -2.16196100e-03
    4.98486900e+02   -6.20645900e-03
    2.16736000e+02   -1.26190500e-02
    9.78747600e+01   -2.73945900e-02
    4.52043300e+01   -2.33651600e-02
    2.02118700e+01   -5.73462700e-03
    9.57475100e+00    1.53602500e-01
    4.54034600e+00    1.44710000e-01
    1.99568700e+00    9.35969900e-02
    9.42215000e-01   -8.68773000e-01
    4.17845000e-01    2.11459700e-02
    9.57610000e-02    2.27549800e+00
    5.13510000e-02   -1.19077000e+00
    2.38780000e-02   -7.67425700e-01
20  0
    2.71527800e+06   -5.96276800e-07
    4.06598400e+05   -4.82285300e-06
    9.25300400e+04   -2.39500500e-05
    2.62079200e+04   -1.09033500e-04
    8.54942900e+03   -3.60194400e-04
    3.08597500e+03   -1.31123300e-03
    1.20317200e+03   -3.32243500e-03
    4.98486900e+02   -1.03752000e-02
    2.16736000e+02   -1.89217400e-02
    9.78747600e+01   -4.75528700e-02
    4.52043300e+01   -2.93169200e-02
    2.02118700e+01   -3.09008800e-02
    9.57475100e+00    3.07459700e-01
    4.54034600e+00    1.80310000e-01
    1.99568700e+00    2.35817800e-01
    9.42215000e-01   -2.38854400e+00
    4.17845000e-01    2.32940700e+00
    9.57610000e-02    9.91825200e-01
    5.13510000e-02   -3.50724000e+00
    2.38780000e-02    2.26280400e+00
1  0
    2.38780000e-02    1.00000000e+00
1  0
    2.62950000e+00    1.00000000e+00
1  0
    6.17400000e-01    1.00000000e+00
1  0
    1.11000000e-02    1.00000000e+00
16  1
    1.05921900e+04    4.50000000e-05
    2.50753300e+03    4.01000000e-04
    8.14457100e+02    2.30200000e-03
    3.11519500e+02    1.00370000e-02
    1.31961700e+02    3.49540000e-02
    5.99871800e+01    9.79090000e-02
    2.86625000e+01    2.10680000e-01
    1.41085100e+01    3.30093000e-01
    7.10370600e+00    3.31027000e-01
    3.60920000e+00    1.57960000e-01
    1.77607000e+00    2.20990000e-02
    8.54760000e-01   -1.60500000e-03
    4.02239000e-01   -1.32600000e-03
    1.54665000e-01   -2.80000000e-04
    6.49450000e-02    3.40000000e-05
    2.63590000e-02   -1.30000000e-05
16  1
    1.05921900e+04   -1.50000000e-05
    2.50753300e+03   -1.31000000e-04
    8.14457100e+02   -7.57000000e-04
    3.11519500e+02   -3.31800000e-03
    1.31961700e+02   -1.17060000e-02
    5.99871800e+01   -3.36040000e-02
    2.86625000e+01   -7.48790000e-02
    1.41085100e+01   -1.22548000e-01
    7.10370600e+00   -1.30276000e-01
    3.60920000e+00    1.45960000e-02
    1.77607000e+00    3.09184000e-01
    8.54760000e-01    4.62998000e-01
    4.02239000e-01    3.04957000e-01
    1.54665000e-01    5.08780000e-02
    6.49450000e-02   -4.49300000e-03
    2.63590000e-02    1.83200000e-03
16  1
    1.05921900e+04   -4.00000000e-06
    2.50753300e+03   -3.20000000e-05
    8.14457100e+02   -1.85000000e-04
    3.11519500e+02   -8.08000000e-04
    1.31961700e+02   -2.87000000e-03
    5.99871800e+01   -8.20700000e-03
    2.86625000e+01   -1.84730000e-02
    1.41085100e+01   -3.01010000e-02
    7.10370600e+00   -3.29430000e-02
    3.60920000e+00    7.95800000e-03
    1.77607000e+00    8.79930000e-02
    8.54760000e-01    1.52377000e-01
    4.02239000e-01    9.71700000e-02
    1.54665000e-01   -2.56938000e-01
    6.49450000e-02   -5.87815000e-01
    2.63590000e-02   -3.05421000e-01
16  1
    1.05921900e+04    4.00000000e-06
    2.50753300e+03    3.90000000e-05
    8.14457100e+02    2.21000000e-04
    3.11519500e+02    9.84000000e-04
    1.31961700e+02    3.42300000e-03
    5.99871800e+01    9.99300000e-03
    2.86625000e+01    2.19160000e-02
    1.41085100e+01    3.70080000e-02
    7.10370600e+00    3.77940000e-02
    3.60920000e+00   -4.37900000e-03
    1.77607000e+00   -1.10164000e-01
    8.54760000e-01   -1.61017000e-01
    4.02239000e-01   -1.82482000e-01
    1.54665000e-01    3.88611000e-01
    6.49450000e-02    6.91100000e-01
    2.63590000e-02    7.96040000e-02
16  1
    1.05921900e+04    9.00000000e-06
    2.50753300e+03    7.40000000e-05
    8.14457100e+02    4.79000000e-04
    3.11519500e+02    1.86900000e-03
    1.31961700e+02    7.42400000e-03
    5.99871800e+01    1.87630000e-02
    2.86625000e+01    4.87170000e-02
    1.41085100e+01    6.54400000e-02
    7.10370600e+00    1.07948000e-01
    3.60920000e+00   -5.87130000e-02
    1.77607000e+00   -1.70306000e-01
    8.54760000e-01   -7.54977000e-01
    4.02239000e-01    6.20117000e-01
    1.54665000e-01    1.16754800e+00
    6.49450000e-02   -1.00953100e+00
    2.63590000e-02   -1.88991000e-01
1  1
    2.63590000e-02    1.00000000e+00
1  1
    3.43500000e+00    1.00000000e+00
1  1
    8.07100000e-01    1.00000000e+00
1  1
    1.06600000e-02    1.00000000e+00
8  2
    5.05138000e+01    4.26600000e-03
    1.47405000e+01    2.77080000e-02
    5.19500000e+00    1.00001000e-01
    2.02846000e+00    2.31581000e-01
    8.04086000e-01    3.46033000e-01
    3.07689000e-01    3.73374000e-01
    1.11392000e-01    2.64288000e-01
    3.73520000e-02    6.36670000e-02
8  2
    5.05138000e+01   -4.38900000e-03
    1.47405000e+01   -2.83630000e-02
    5.19500000e+00   -1.05137000e-01
    2.02846000e+00   -2.34854000e-01
    8.04086000e-01   -3.24609000e-01
    3.07689000e-01   -6.42890000e-02
    1.11392000e-01    6.01749000e-01
    3.73520000e-02    3.90300000e-01
8  2
    5.05138000e+01    5.85900000e-03
    1.47405000e+01    3.73230000e-02
    5.19500000e+00    1.41924000e-01
    2.02846000e+00    3.06896000e-01
    8.04086000e-01    3.08189000e-01
    3.07689000e-01   -7.60717000e-01
    1.11392000e-01   -2.04775000e-01
    3.73520000e-02    7.89271000e-01
1  2
    3.73520000e-02    1.00000000e+00
1  2
    1.85430000e+00    1.00000000e+00
1  2
    7.92100000e-01    1.00000000e+00
1  2
    1.24400000e-02    1.00000000e+00
1  3
    2.11380000e+00    1.00000000e+00
1  3
    6.64900000e-01    1.00000000e+00
1  3
    1.66500000e-01    1.00000000e+00
1  3
    4.06300000e-02    1.00000000e+00
1  4
    1.79810000e+00    1.00000000e+00
1  4
    4.18700000e-01    1.00000000e+00
1  4
    9.47300000e-02    1.00000000e+00
