37
12  0
    3.64004150e+01    5.37400000e-03
    1.94117211e+01   -3.22660000e-02
    7.76559262e+00    3.61279000e-01
    4.72233684e+00   -8.58519000e-01
    3.30202494e+00    1.96889000e-01
    1.73290764e+00    1.33972000e-01
    8.60337870e-01    6.40189000e-01
    4.88366400e-01    3.34618000e-01
    2.37253880e-01    1.23744000e-01
    1.05653080e-01   -1.74210000e-02
    4.67061300e-02    1.08560000e-02
    2.09260000e-02   -1.57300000e-03
12  0
    3.64004150e+01   -1.03900000e-03
    1.94117211e+01    6.91100000e-03
    7.76559262e+00   -8.96030000e-02
    4.72233684e+00    2.28760000e-01
    3.30202494e+00   -5.83900000e-02
    1.73290764e+00   -3.85590000e-02
    8.60337870e-01   -2.15849000e-01
    4.88366400e-01   -2.08490000e-01
    2.37253880e-01   -1.46275000e-01
    1.05653080e-01    3.50802000e-01
    4.67061300e-02    6.55178000e-01
    2.09260000e-02    2.18601000e-01
12  0
    3.64004150e+01   -1.79400000e-03
    1.94117211e+01    1.73440000e-02
    7.76559262e+00   -3.09877000e-01
    4.72233684e+00    8.54988000e-01
    3.30202494e+00   -6.04100000e-02
    1.73290764e+00   -8.68282000e-01
    8.60337870e-01   -8.64042000e-01
    4.88366400e-01    4.47812000e-01
    2.37253880e-01    8.18834000e-01
    1.05653080e-01    7.16851000e-01
    4.67061300e-02   -6.21390000e-01
    2.09260000e-02   -4.46076000e-01
12  0
    3.64004150e+01    1.45300000e-03
    1.94117211e+01   -2.02690000e-02
    7.76559262e+00    4.65487000e-01
    4.72233684e+00   -1.52512900e+00
    3.30202494e+00    3.84487000e-01
    1.73290764e+00    2.05252400e+00
    8.60337870e-01    4.20381000e-01
    4.88366400e-01   -2.63644000e+00
    2.37253880e-01    7.95420000e-02
    1.05653080e-01    1.91777200e+00
    4.67061300e-02   -4.04954000e-01
    2.09260000e-02   -7.29907000e-01
12  0
    3.64004150e+01    1.60600000e-03
    1.94117211e+01   -3.08380000e-02
    7.76559262e+00    1.01510600e+00
    4.72233684e+00   -5.04209200e+00
    3.30202494e+00    5.19768900e+00
    1.73290764e+00    1.91504900e+00
    8.60337870e-01   -5.45622600e+00
    4.88366400e-01    1.60563300e+00
    2.37253880e-01    2.86691600e+00
    1.05653080e-01   -2.03272100e+00
    4.67061300e-02   -5.30172000e-01
    2.09260000e-02    9.63178000e-01
12  0
    3.64004150e+01    2.68400000e-03
    1.94117211e+01   -8.06000000e-03
    7.76559262e+00   -1.04487000e-01
    4.72233684e+00    9.95188000e-01
    3.30202494e+00   -1.64008400e+00
    1.73290764e+00    8.64523000e-01
    8.60337870e-01    3.75338000e-01
    4.88366400e-01   -1.02384600e+00
    2.37253880e-01    6.24692000e-01
    1.05653080e-01    5.13050000e-02
    4.67061300e-02   -3.87384000e-01
    2.09260000e-02    2.35234000e-01
1  0
    2.09260000e-02    1.00000000e+00
1  0
    9.37558000e-03    1.00000000e+00
12  1
    4.11269756e+01    1.16200000e-03
    2.24373859e+01   -6.34500000e-03
    1.12588519e+01    3.07430000e-02
    6.08582478e+00   -8.39790000e-02
    3.77549759e+00   -3.17390000e-02
    2.17906519e+00    2.32763000e-01
    1.07491872e+00    4.20436000e-01
    5.52412180e-01    3.51975000e-01
    2.81509400e-01    1.43464000e-01
    1.23128860e-01    1.60090000e-02
    5.38551000e-02    2.38000000e-04
    2.35555800e-02    2.53000000e-04
12  1
    4.11269756e+01   -2.51000000e-04
    2.24373859e+01    1.42500000e-03
    1.12588519e+01   -7.43400000e-03
    6.08582478e+00    2.24930000e-02
    3.77549759e+00    4.51400000e-03
    2.17906519e+00   -6.55310000e-02
    1.07491872e+00   -1.24901000e-01
    5.52412180e-01   -1.30795000e-01
    2.81509400e-01    4.02600000e-03
    1.23128860e-01    3.57311000e-01
    5.38551000e-02    5.42386000e-01
    2.35555800e-02    2.22946000e-01
12  1
    4.11269756e+01    7.50000000e-04
    2.24373859e+01   -5.32400000e-03
    1.12588519e+01    3.63170000e-02
    6.08582478e+00   -1.28743000e-01
    3.77549759e+00   -1.11241000e-01
    2.17906519e+00    8.85319000e-01
    1.07491872e+00    3.60809000e-01
    5.52412180e-01   -9.05956000e-01
    2.81509400e-01   -5.71279000e-01
    1.23128860e-01    6.05181000e-01
    5.38551000e-02    4.34505000e-01
    2.35555800e-02    6.63800000e-03
12  1
    4.11269756e+01    2.87300000e-03
    2.24373859e+01   -1.68440000e-02
    1.12588519e+01    1.06291000e-01
    6.08582478e+00   -5.34434000e-01
    3.77549759e+00    6.44878000e-01
    2.17906519e+00    1.42953900e+00
    1.07491872e+00   -1.72947900e+00
    5.52412180e-01   -7.34337000e-01
    2.81509400e-01    1.67309400e+00
    1.23128860e-01   -1.07797000e-01
    5.38551000e-02   -6.32158000e-01
    2.35555800e-02   -3.80000000e-04
12  1
    4.11269756e+01    3.48000000e-03
    2.24373859e+01   -2.11160000e-02
    1.12588519e+01    1.66646000e-01
    6.08582478e+00   -1.28803600e+00
    3.77549759e+00    3.38861800e+00
    2.17906519e+00   -1.61878500e+00
    1.07491872e+00   -2.35507300e+00
    5.52412180e-01    3.57260700e+00
    2.81509400e-01   -1.45125800e+00
    1.23128860e-01   -8.72964000e-01
    5.38551000e-02    9.78001000e-01
    2.35555800e-02   -7.30000000e-03
12  1
    4.11269756e+01    2.62180000e-02
    2.24373859e+01   -1.18118000e-01
    1.12588519e+01    3.37607000e-01
    6.08582478e+00    4.39658000e-01
    3.77549759e+00   -5.11756500e+00
    2.17906519e+00    7.83922100e+00
    1.07491872e+00   -5.90253500e+00
    5.52412180e-01    2.08426000e+00
    2.81509400e-01    1.32026000e+00
    1.23128860e-01   -2.29496100e+00
    5.38551000e-02    1.28891200e+00
    2.35555800e-02   -1.75270000e-02
1  1
    2.35555800e-02    1.00000000e+00
1  1
    1.03029300e-02    1.00000000e+00
10  2
    2.34105510e+01   -2.06200000e-03
    9.57667856e+00    1.43730000e-02
    5.80916551e+00    9.69330000e-02
    2.24207749e+00    2.04502000e-01
    1.03019541e+00    2.61896000e-01
    4.91422690e-01    3.13820000e-01
    2.17273540e-01    2.82419000e-01
    1.00032850e-01    1.52870000e-01
    4.58325500e-02    5.63920000e-02
    2.09714600e-02    2.43600000e-03
10  2
    2.34105510e+01    3.53500000e-03
    9.57667856e+00   -2.51680000e-02
    5.80916551e+00   -6.00990000e-02
    2.24207749e+00   -3.68533000e-01
    1.03019541e+00   -4.12806000e-01
    4.91422690e-01    1.12621000e-01
    2.17273540e-01    3.54072000e-01
    1.00032850e-01    3.47875000e-01
    4.58325500e-02    1.62376000e-01
    2.09714600e-02    1.67490000e-02
10  2
    2.34105510e+01    2.50100000e-03
    9.57667856e+00   -1.96250000e-02
    5.80916551e+00   -3.46120000e-02
    2.24207749e+00   -6.49215000e-01
    1.03019541e+00    3.16590000e-02
    4.91422690e-01    7.57063000e-01
    2.17273540e-01    1.71349000e-01
    1.00032850e-01   -4.60880000e-01
    4.58325500e-02   -3.49034000e-01
    2.09714600e-02   -4.60660000e-02
10  2
    2.34105510e+01   -1.15700000e-02
    9.57667856e+00    7.97440000e-02
    5.80916551e+00   -4.67896000e-01
    2.24207749e+00   -7.98372000e-01
    1.03019541e+00    1.53628700e+00
    4.91422690e-01   -3.68713000e-01
    2.17273540e-01   -6.86231000e-01
    1.00032850e-01    2.17341000e-01
    4.58325500e-02    3.92707000e-01
    2.09714600e-02    5.39270000e-02
10  2
    2.34105510e+01    4.34450000e-02
    9.57667856e+00   -3.56608000e-01
    5.80916551e+00    1.24952400e+00
    2.24207749e+00   -7.03228000e-01
    1.03019541e+00   -8.42953000e-01
    4.91422690e-01    1.90746900e+00
    2.17273540e-01   -1.42303900e+00
    1.00032850e-01    2.20270000e-02
    4.58325500e-02    4.98462000e-01
    2.09714600e-02    1.20457000e-01
1  2
    2.09714600e-02    1.00000000e+00
1  2
    9.59584000e-03    1.00000000e+00
1  3
    2.76338700e+00    1.00000000e+00
1  3
    1.10854000e+00    1.00000000e+00
1  3
    4.44692000e-01    1.00000000e+00
1  3
    1.78390000e-01    1.00000000e+00
1  3
    7.15618700e-02    1.00000000e+00
1  4
    3.00790600e+00    1.00000000e+00
1  4
    1.29170600e+00    1.00000000e+00
1  4
    5.54705000e-01    1.00000000e+00
1  4
    2.38210260e-01    1.00000000e+00
1  5
    3.09772400e+00    1.00000000e+00
1  5
    1.30747400e+00    1.00000000e+00
1  5
    5.51852990e-01    1.00000000e+00
1  6
    2.51725600e+00    1.00000000e+00
1  6
    1.06247256e+00    1.00000000e+00
