16
12  0
    3.64004150e+01    5.37400000e-03
    1.94117211e+01   -3.22660000e-02
    7.76559262e+00    3.61279000e-01
    4.72233684e+00   -8.58519000e-01
    3.30202494e+00    1.96889000e-01
    1.73290764e+00    1.33972000e-01
    8.60337870e-01    6.40189000e-01
    4.88366400e-01    3.34618000e-01
    2.37253880e-01    1.23744000e-01
    1.05653080e-01   -1.74210000e-02
    4.67061300e-02    1.08560000e-02
    2.09260000e-02   -1.57300000e-03
12  0
    3.64004150e+01   -1.03900000e-03
    1.94117211e+01    6.91100000e-03
    7.76559262e+00   -8.96030000e-02
    4.72233684e+00    2.28760000e-01
    3.30202494e+00   -5.83900000e-02
    1.73290764e+00   -3.85590000e-02
    8.60337870e-01   -2.15849000e-01
    4.88366400e-01   -2.08490000e-01
    2.37253880e-01   -1.46275000e-01
    1.05653080e-01    3.50802000e-01
    4.67061300e-02    6.55178000e-01
    2.09260000e-02    2.18601000e-01
12  0
    3.64004150e+01   -1.83000000e-03
    1.94117211e+01    1.73830000e-02
    7.76559262e+00   -3.06573000e-01
    4.72233684e+00    8.39756000e-01
    3.30202494e+00   -5.20810000e-02
    1.73290764e+00   -8.52190000e-01
    8.60337870e-01   -8.51788000e-01
    4.88366400e-01    4.10577000e-01
    2.37253880e-01    8.22494000e-01
    1.05653080e-01    7.41761000e-01
    4.67061300e-02   -6.31886000e-01
    2.09260000e-02   -4.50278000e-01
1  0
    2.09260000e-02    1.00000000e+00
1  0
    9.37558000e-03    1.00000000e+00
12  1
    4.11269756e+01    1.16200000e-03
    2.24373859e+01   -6.34500000e-03
    1.12588519e+01    3.07430000e-02
    6.08582478e+00   -8.39790000e-02
    3.77549759e+00   -3.17390000e-02
    2.17906519e+00    2.32763000e-01
    1.07491872e+00    4.20436000e-01
    5.52412180e-01    3.51975000e-01
    2.81509400e-01    1.43464000e-01
    1.23128860e-01    1.60090000e-02
    5.38551000e-02    2.38000000e-04
    2.35555800e-02    2.53000000e-04
12  1
    4.11269756e+01   -2.51000000e-04
    2.24373859e+01    1.42500000e-03
    1.12588519e+01   -7.43400000e-03
    6.08582478e+00    2.24930000e-02
    3.77549759e+00    4.51400000e-03
    2.17906519e+00   -6.55310000e-02
    1.07491872e+00   -1.24901000e-01
    5.52412180e-01   -1.30795000e-01
    2.81509400e-01    4.02600000e-03
    1.23128860e-01    3.57311000e-01
    5.38551000e-02    5.42386000e-01
    2.35555800e-02    2.22946000e-01
12  1
    4.11269756e+01    7.19000000e-04
    2.24373859e+01   -5.16900000e-03
    1.12588519e+01    3.55450000e-02
    6.08582478e+00   -1.25521000e-01
    3.77549759e+00   -1.10989000e-01
    2.17906519e+00    8.58227000e-01
    1.07491872e+00    3.97739000e-01
    5.52412180e-01   -8.78221000e-01
    2.81509400e-01   -6.16013000e-01
    1.23128860e-01    5.78030000e-01
    5.38551000e-02    4.53432000e-01
    2.35555800e-02    7.47200000e-03
1  1
    2.35555800e-02    1.00000000e+00
1  1
    1.03029300e-02    1.00000000e+00
10  2
    2.34105510e+01   -2.06200000e-03
    9.57667856e+00    1.43730000e-02
    5.80916551e+00    9.69330000e-02
    2.24207749e+00    2.04502000e-01
    1.03019541e+00    2.61896000e-01
    4.91422690e-01    3.13820000e-01
    2.17273540e-01    2.82419000e-01
    1.00032850e-01    1.52870000e-01
    4.58325500e-02    5.63920000e-02
    2.09714600e-02    2.43600000e-03
10  2
    2.34105510e+01    3.53500000e-03
    9.57667856e+00   -2.51510000e-02
    5.80916551e+00   -6.25210000e-02
    2.24207749e+00   -3.65218000e-01
    1.03019541e+00   -4.08516000e-01
    4.91422690e-01    1.06345000e-01
    2.17273540e-01    3.41278000e-01
    1.00032850e-01    3.55175000e-01
    4.58325500e-02    1.70429000e-01
    2.09714600e-02    1.81340000e-02
1  2
    2.09714600e-02    1.00000000e+00
1  2
    9.59584000e-03    1.00000000e+00
1  3
    1.43982200e+00    1.00000000e+00
1  3
    6.58814940e-01    1.00000000e+00
