40
27  0
    1.19495000e+08    6.48594900e-08
    2.14992000e+07    4.28478900e-07
    4.80703000e+06    2.48500700e-06
    1.28440000e+06    1.14220000e-05
    3.96595000e+05    4.44696000e-05
    1.37575000e+05    1.51320600e-04
    5.23668000e+04    4.64131100e-04
    2.14549000e+04    1.31183400e-03
    9.31606000e+03    3.47453900e-03
    4.23540000e+03    8.70308100e-03
    1.99744000e+03    2.06604800e-02
    9.70430000e+02    4.60512100e-02
    4.83271000e+02    9.41440300e-02
    2.45806000e+02    1.68478700e-01
    1.27360000e+02    2.42755700e-01
    6.70788000e+01    2.40001900e-01
    3.58371000e+01    1.29689900e-01
    1.93713000e+01    5.17927600e-02
    1.05571000e+01    8.93259800e-02
    5.77249000e+00    1.14374100e-01
    3.14540000e+00    5.37843700e-02
    1.69249000e+00    7.07576300e-03
    8.88649000e-01    4.59928200e-04
    4.71093000e-01   -4.57567700e-05
    2.49286000e-01    1.69788600e-05
    9.99880000e-02   -4.76236100e-06
    4.63690000e-02    1.15018000e-05
27  0
    1.19495000e+08   -3.75939400e-08
    2.14992000e+07   -2.48374500e-07
    4.80703000e+06   -1.44034200e-06
    1.28440000e+06   -6.62120300e-06
    3.96595000e+05   -2.57762700e-05
    1.37575000e+05   -8.77384200e-05
    5.23668000e+04   -2.69149100e-04
    2.14549000e+04   -7.61543100e-04
    9.31606000e+03   -2.02003700e-03
    4.23540000e+03   -5.08089300e-03
    1.99744000e+03   -1.21511800e-02
    9.70430000e+02   -2.75228100e-02
    4.83271000e+02   -5.79725000e-02
    2.45806000e+02   -1.10125900e-01
    1.27360000e+02   -1.78108800e-01
    6.70788000e+01   -2.19834400e-01
    3.58371000e+01   -1.52994900e-01
    1.93713000e+01    5.67812200e-02
    1.05571000e+01    3.53077200e-01
    5.77249000e+00    4.66340300e-01
    3.14540000e+00    2.19916300e-01
    1.69249000e+00    2.88919000e-02
    8.88649000e-01    7.76328200e-04
    4.71093000e-01   -8.47421600e-04
    2.49286000e-01   -1.23388100e-04
    9.99880000e-02   -1.24548500e-05
    4.63690000e-02    3.90627000e-05
26  0
    2.14992000e+07    4.80860200e-08
    4.80703000e+06    2.78830600e-07
    1.28440000e+06    1.28193100e-06
    3.96595000e+05    4.99012900e-06
    1.37575000e+05    1.69905100e-05
    5.23668000e+04    5.21270000e-05
    2.14549000e+04    1.47634700e-04
    9.31606000e+03    3.92137300e-04
    4.23540000e+03    9.90046800e-04
    1.99744000e+03    2.38347500e-03
    9.70430000e+02    5.47568200e-03
    4.83271000e+02    1.18310500e-02
    2.45806000e+02    2.35747500e-02
    1.27360000e+02    4.14024100e-02
    6.70788000e+01    5.81872600e-02
    3.58371000e+01    4.59613000e-02
    1.93713000e+01   -2.84706100e-02
    1.05571000e+01   -1.81758400e-01
    5.77249000e+00   -3.51211100e-01
    3.14540000e+00   -2.32421500e-01
    1.69249000e+00    2.27718800e-01
    8.88649000e-01    5.75725600e-01
    4.71093000e-01    4.06222300e-01
    2.49286000e-01    8.52529300e-02
    9.99880000e-02    3.97549800e-03
    4.63690000e-02    1.95437300e-03
26  0
    2.14992000e+07   -1.15750300e-08
    4.80703000e+06   -6.71137500e-08
    1.28440000e+06   -3.08584500e-07
    3.96595000e+05   -1.20108800e-06
    1.37575000e+05   -4.09003700e-06
    5.23668000e+04   -1.25462900e-05
    2.14549000e+04   -3.55410200e-05
    9.31606000e+03   -9.43816000e-05
    4.23540000e+03   -2.38364800e-04
    1.99744000e+03   -5.73720200e-04
    9.70430000e+02   -1.31874600e-03
    4.83271000e+02   -2.84920900e-03
    2.45806000e+02   -5.68423500e-03
    1.27360000e+02   -9.99144500e-03
    6.70788000e+01   -1.40971300e-02
    3.58371000e+01   -1.11655400e-02
    1.93713000e+01    6.91225400e-03
    1.05571000e+01    4.55816400e-02
    5.77249000e+00    9.21990300e-02
    3.14540000e+00    6.23778100e-02
    1.69249000e+00   -7.19459200e-02
    8.88649000e-01   -1.91705400e-01
    4.71093000e-01   -2.37987200e-01
    2.49286000e-01   -1.12999900e-01
    9.99880000e-02    3.42407800e-01
    4.63690000e-02    6.26306400e-01
26  0
    2.14992000e+07    2.00934300e-08
    4.80703000e+06    1.15665900e-07
    1.28440000e+06    5.36421400e-07
    3.96595000e+05    2.06609700e-06
    1.37575000e+05    7.12672700e-06
    5.23668000e+04    2.15187700e-05
    2.14549000e+04    6.21360300e-05
    9.31606000e+03    1.61283900e-04
    4.23540000e+03    4.18329200e-04
    1.99744000e+03    9.76601700e-04
    9.70430000e+02    2.32455100e-03
    4.83271000e+02    4.82702400e-03
    2.45806000e+02    1.00999800e-02
    1.27360000e+02    1.67344100e-02
    6.70788000e+01    2.58196100e-02
    3.58371000e+01    1.65900500e-02
    1.93713000e+01   -5.99384400e-03
    1.05571000e+01   -9.26521000e-02
    5.77249000e+00   -1.47554000e-01
    3.14540000e+00   -1.53164800e-01
    1.69249000e+00    2.27857500e-01
    8.88649000e-01    3.44106500e-01
    4.71093000e-01    7.48206300e-01
    2.49286000e-01   -7.58600600e-01
    9.99880000e-02   -1.49284500e+00
    4.63690000e-02    7.08923400e-01
26  0
    2.14992000e+07   -3.12103300e-08
    4.80703000e+06   -1.79787300e-07
    1.28440000e+06   -8.33096900e-07
    3.96595000e+05   -3.21206200e-06
    1.37575000e+05   -1.10657700e-05
    5.23668000e+04   -3.34640400e-05
    2.14549000e+04   -9.64513200e-05
    9.31606000e+03   -2.50912800e-04
    4.23540000e+03   -6.49207100e-04
    1.99744000e+03   -1.52021000e-03
    9.70430000e+02   -3.60766800e-03
    4.83271000e+02   -7.52416100e-03
    2.45806000e+02   -1.56894400e-02
    1.27360000e+02   -2.62005400e-02
    6.70788000e+01   -4.02194600e-02
    3.58371000e+01   -2.66263000e-02
    1.93713000e+01    1.03293000e-02
    1.05571000e+01    1.48057600e-01
    5.77249000e+00    2.66016500e-01
    3.14540000e+00    2.49433600e-01
    1.69249000e+00   -5.40697400e-01
    8.88649000e-01   -1.04555600e+00
    4.71093000e-01   -1.82741900e-01
    2.49286000e-01    2.74940600e+00
    9.99880000e-02   -1.32998800e+00
    4.63690000e-02   -1.65138900e+00
26  0
    2.14992000e+07   -3.46496400e-08
    4.80703000e+06   -2.07708100e-07
    1.28440000e+06   -9.17621400e-07
    3.96595000e+05   -3.74917500e-06
    1.37575000e+05   -1.20245900e-05
    5.23668000e+04   -3.96794300e-05
    2.14549000e+04   -1.02818000e-04
    9.31606000e+03   -3.03364700e-04
    4.23540000e+03   -6.77078700e-04
    1.99744000e+03   -1.87627800e-03
    9.70430000e+02   -3.67194100e-03
    4.83271000e+02   -9.53603300e-03
    2.45806000e+02   -1.53067700e-02
    1.27360000e+02   -3.54566800e-02
    6.70788000e+01   -3.29416300e-02
    3.58371000e+01   -5.83931400e-02
    1.93713000e+01    6.53866200e-02
    1.05571000e+01    6.31897800e-02
    5.77249000e+00    5.90699600e-01
    3.14540000e+00   -1.33287700e-01
    1.69249000e+00   -3.01706400e-01
    8.88649000e-01   -2.96990100e+00
    4.71093000e-01    4.81408800e+00
    2.49286000e-01   -8.35214400e-01
    9.99880000e-02   -4.40183600e+00
    4.63690000e-02    5.72998900e+00
26  0
    2.14992000e+07    5.53121200e-08
    4.80703000e+06    3.11013300e-07
    1.28440000e+06    1.48462700e-06
    3.96595000e+05    5.51788000e-06
    1.37575000e+05    1.98794700e-05
    5.23668000e+04    5.68885400e-05
    2.14549000e+04    1.75213300e-04
    9.31606000e+03    4.21080200e-04
    4.23540000e+03    1.19367900e-03
    1.99744000e+03    2.52060300e-03
    9.70430000e+02    6.72664800e-03
    4.83271000e+02    1.23081300e-02
    2.45806000e+02    3.00846100e-02
    1.27360000e+02    4.14379000e-02
    6.70788000e+01    8.47955800e-02
    3.58371000e+01    2.41550100e-02
    1.93713000e+01    2.82466400e-02
    1.05571000e+01   -4.17466900e-01
    5.77249000e+00   -5.85025800e-01
    3.14540000e+00   -4.45448800e-01
    1.69249000e+00    4.12733600e+00
    8.88649000e-01   -2.30517600e+00
    4.71093000e-01   -5.71068900e+00
    2.49286000e-01    9.54857200e+00
    9.99880000e-02   -8.56371500e+00
    4.63690000e-02    6.18561100e+00
1  0
    2.16060000e-02    1.00000000e+00
1  0
    1.00700000e-02    1.00000000e+00
19  1
    5.50705000e+04    2.00000000e-06
    1.37417000e+04    2.10000000e-05
    4.36540000e+03    1.30000000e-04
    1.64226000e+03    6.12000000e-04
    6.94066000e+02    2.39700000e-03
    3.17742000e+02    8.07300000e-03
    1.53899000e+02    2.37260000e-02
    7.77665000e+01    6.06200000e-02
    4.06736000e+01    1.29855000e-01
    2.19061000e+01    2.21098000e-01
    1.20795000e+01    2.93232000e-01
    6.75349000e+00    2.76750000e-01
    3.76321000e+00    1.47794000e-01
    2.04973000e+00    3.20240000e-02
    1.08645000e+00    2.89000000e-04
    5.64087000e-01   -1.46700000e-03
    2.81020000e-01   -7.67000000e-04
    1.21544000e-01   -5.80000000e-05
    5.34590000e-02   -1.10000000e-05
19  1
    5.50705000e+04   -1.00000000e-06
    1.37417000e+04   -7.00000000e-06
    4.36540000e+03   -4.20000000e-05
    1.64226000e+03   -2.01000000e-04
    6.94066000e+02   -7.89000000e-04
    3.17742000e+02   -2.66900000e-03
    1.53899000e+02   -7.92200000e-03
    7.77665000e+01   -2.05980000e-02
    4.06736000e+01   -4.53750000e-02
    2.19061000e+01   -7.96320000e-02
    1.20795000e+01   -1.10618000e-01
    6.75349000e+00   -1.08204000e-01
    3.76321000e+00   -9.20000000e-04
    2.04973000e+00    2.17566000e-01
    1.08645000e+00    3.92190000e-01
    5.64087000e-01    3.63977000e-01
    2.81020000e-01    1.49953000e-01
    1.21544000e-01    1.51470000e-02
    5.34590000e-02    5.69000000e-04
18  1
    1.37417000e+04    2.00000000e-06
    4.36540000e+03    1.00000000e-05
    1.64226000e+03    4.90000000e-05
    6.94066000e+02    1.93000000e-04
    3.17742000e+02    6.49000000e-04
    1.53899000e+02    1.94200000e-03
    7.77665000e+01    5.02200000e-03
    4.06736000e+01    1.11750000e-02
    2.19061000e+01    1.94730000e-02
    1.20795000e+01    2.76470000e-02
    6.75349000e+00    2.64660000e-02
    3.76321000e+00   -1.46000000e-03
    2.04973000e+00   -6.49950000e-02
    1.08645000e+00   -1.15605000e-01
    5.64087000e-01   -1.38200000e-01
    2.81020000e-01    7.28100000e-03
    1.21544000e-01    3.62141000e-01
    5.34590000e-02    5.42012000e-01
18  1
    1.37417000e+04    2.00000000e-06
    4.36540000e+03    1.20000000e-05
    1.64226000e+03    5.90000000e-05
    6.94066000e+02    2.32000000e-04
    3.17742000e+02    7.88000000e-04
    1.53899000e+02    2.33000000e-03
    7.77665000e+01    6.09400000e-03
    4.06736000e+01    1.33760000e-02
    2.19061000e+01    2.37010000e-02
    1.20795000e+01    3.27890000e-02
    6.75349000e+00    3.29090000e-02
    3.76321000e+00   -2.23100000e-03
    2.04973000e+00   -7.36110000e-02
    1.08645000e+00   -1.36954000e-01
    5.64087000e-01   -1.67706000e-01
    2.81020000e-01   -5.26860000e-02
    1.21544000e-01    5.74433000e-01
    5.34590000e-02    5.23650000e-01
18  1
    1.37417000e+04    4.00000000e-06
    4.36540000e+03    2.70000000e-05
    1.64226000e+03    1.15000000e-04
    6.94066000e+02    4.92000000e-04
    3.17742000e+02    1.52700000e-03
    1.53899000e+02    4.93600000e-03
    7.77665000e+01    1.17470000e-02
    4.06736000e+01    2.86030000e-02
    2.19061000e+01    4.43600000e-02
    1.20795000e+01    7.61920000e-02
    6.75349000e+00    5.76060000e-02
    3.76321000e+00    2.39870000e-02
    2.04973000e+00   -2.15568000e-01
    1.08645000e+00   -3.75378000e-01
    5.64087000e-01   -4.36934000e-01
    2.81020000e-01    1.22247200e+00
    1.21544000e-01    4.29429000e-01
    5.34590000e-02   -9.34589000e-01
18  1
    1.37417000e+04   -6.00000000e-06
    4.36540000e+03   -2.40000000e-05
    1.64226000e+03   -1.73000000e-04
    6.94066000e+02   -4.55000000e-04
    3.17742000e+02   -2.27500000e-03
    1.53899000e+02   -4.54300000e-03
    7.77665000e+01   -1.77420000e-02
    4.06736000e+01   -2.42710000e-02
    2.19061000e+01   -7.56110000e-02
    1.20795000e+01   -4.48790000e-02
    6.75349000e+00   -1.89963000e-01
    3.76321000e+00    1.27351000e-01
    2.04973000e+00    1.16117000e-01
    1.08645000e+00    1.34869800e+00
    5.64087000e-01   -1.51231100e+00
    2.81020000e-01   -9.43611000e-01
    1.21544000e-01    2.30745000e+00
    5.34590000e-02   -1.21723700e+00
19  1
    5.50705000e+04   -1.00000000e-06
    1.37417000e+04   -7.00000000e-06
    4.36540000e+03   -4.30000000e-05
    1.64226000e+03   -2.17000000e-04
    6.94066000e+02   -8.07000000e-04
    3.17742000e+02   -2.88700000e-03
    1.53899000e+02   -8.16100000e-03
    7.77665000e+01   -2.27130000e-02
    4.06736000e+01   -4.73960000e-02
    2.19061000e+01   -8.96800000e-02
    1.20795000e+01   -1.07794000e-01
    6.75349000e+00   -1.91374000e-01
    3.76321000e+00    3.67240000e-02
    2.04973000e+00    1.20101600e+00
    1.08645000e+00    3.39955000e-01
    5.64087000e-01   -3.80228900e+00
    2.81020000e-01    4.44887600e+00
    1.21544000e-01   -2.51309600e+00
    5.34590000e-02    4.02144000e-01
1  1
    2.32150000e-02    1.00000000e+00
1  1
    1.00800000e-02    1.00000000e+00
11  2
    2.05606000e+02    2.38000000e-04
    6.10227000e+01    2.16700000e-03
    2.33630000e+01    1.08490000e-02
    9.96346000e+00    3.58810000e-02
    4.48945000e+00    9.34910000e-02
    2.11795000e+00    1.81076000e-01
    1.01201800e+00    2.57593000e-01
    4.81045000e-01    2.91855000e-01
    2.26488000e-01    2.69006000e-01
    1.05057000e-01    1.88174000e-01
    4.76820000e-02    7.32430000e-02
11  2
    2.05606000e+02   -2.43000000e-04
    6.10227000e+01   -2.21400000e-03
    2.33630000e+01   -1.11070000e-02
    9.96346000e+00   -3.69700000e-02
    4.48945000e+00   -9.78150000e-02
    2.11795000e+00   -1.84567000e-01
    1.01201800e+00   -2.47279000e-01
    4.81045000e-01   -2.05377000e-01
    2.26488000e-01    1.03672000e-01
    1.05057000e-01    4.61898000e-01
    4.76820000e-02    3.83400000e-01
11  2
    2.05606000e+02   -3.22000000e-04
    6.10227000e+01   -2.87600000e-03
    2.33630000e+01   -1.48180000e-02
    9.96346000e+00   -4.84380000e-02
    4.48945000e+00   -1.30758000e-01
    2.11795000e+00   -2.42842000e-01
    1.01201800e+00   -2.84431000e-01
    4.81045000e-01    1.03726000e-01
    2.26488000e-01    7.43028000e-01
    1.05057000e-01    9.53370000e-02
    4.76820000e-02   -6.65117000e-01
11  2
    2.05606000e+02   -4.53000000e-04
    6.10227000e+01   -3.79600000e-03
    2.33630000e+01   -2.07730000e-02
    9.96346000e+00   -6.54460000e-02
    4.48945000e+00   -1.94342000e-01
    2.11795000e+00   -3.14714000e-01
    1.01201800e+00   -2.51628000e-01
    4.81045000e-01    1.08531500e+00
    2.26488000e-01   -1.29180000e-02
    1.05057000e-01   -1.24378300e+00
    4.76820000e-02    7.72399000e-01
11  2
    2.05606000e+02   -5.24000000e-04
    6.10227000e+01   -6.79300000e-03
    2.33630000e+01   -2.63190000e-02
    9.96346000e+00   -1.21932000e-01
    4.48945000e+00   -2.49820000e-01
    2.11795000e+00   -6.18169000e-01
    1.01201800e+00    9.98918000e-01
    4.81045000e-01    5.96245000e-01
    2.26488000e-01   -2.13824300e+00
    1.05057000e-01    1.97308200e+00
    4.76820000e-02   -6.52737000e-01
1  2
    2.06600000e-02    1.00000000e+00
1  2
    8.95000000e-03    1.00000000e+00
1  3
    2.34000000e+00    1.00000000e+00
1  3
    7.65700000e-01    1.00000000e+00
1  3
    2.50500000e-01    1.00000000e+00
1  3
    8.20000000e-02    1.00000000e+00
1  3
    2.48200000e-02    1.00000000e+00
1  4
    1.72720000e+00    1.00000000e+00
1  4
    5.44500000e-01    1.00000000e+00
1  4
    1.71700000e-01    1.00000000e+00
1  4
    4.88400000e-02    1.00000000e+00
1  5
    1.15920000e+00    1.00000000e+00
1  5
    3.30800000e-01    1.00000000e+00
1  5
    9.48900000e-02    1.00000000e+00
1  6
    5.72000000e-01    1.00000000e+00
1  6
    1.38630000e-01    1.00000000e+00
