41
22  0
    8.41790900e+06    1.98129200e-06
    1.26031200e+06    1.54069700e-05
    2.86798400e+05    8.10606500e-05
    8.12346900e+04    3.42394300e-04
    2.65031100e+04    1.24699000e-03
    9.56870100e+03    4.05642500e-03
    3.73249700e+03    1.20059600e-02
    1.54842200e+03    3.23594400e-02
    6.75542000e+02    7.81997200e-02
    3.07252200e+02    1.61739600e-01
    1.44667200e+02    2.61848000e-01
    7.00438700e+01    2.74828400e-01
    3.43225000e+01    1.41964700e-01
    1.56122400e+01    7.04617600e-02
    7.74372200e+00    1.28839200e-01
    3.84426000e+00    9.26935200e-02
    1.71976600e+00    1.22994900e-02
    8.32523000e-01   -4.58823900e-04
    3.85564000e-01    1.72270300e-04
    9.67000000e-02   -5.41074500e-05
    4.77780000e-02    4.89287500e-05
    2.23630000e-02   -9.55543700e-06
22  0
    8.41790900e+06   -1.14792600e-06
    1.26031200e+06   -8.92925900e-06
    2.86798400e+05   -4.69638200e-05
    8.12346900e+04   -1.98531500e-04
    2.65031100e+04   -7.23093200e-04
    9.56870100e+03   -2.35882200e-03
    3.73249700e+03   -7.00814800e-03
    1.54842200e+03   -1.91240700e-02
    6.75542000e+02   -4.72892200e-02
    3.07252200e+02   -1.03248000e-01
    1.44667200e+02   -1.86196000e-01
    7.00438700e+01   -2.48054700e-01
    3.43225000e+01   -1.61478100e-01
    1.56122400e+01    1.77918300e-01
    7.74372200e+00    5.32407600e-01
    3.84426000e+00    3.75283000e-01
    1.71976600e+00    5.19812300e-02
    8.32523000e-01   -4.02905300e-03
    3.85564000e-01    3.79409200e-04
    9.67000000e-02   -4.00669200e-04
    4.77780000e-02    3.21924800e-04
    2.23630000e-02   -7.69063200e-05
22  0
    8.41790900e+06    2.22196000e-07
    1.26031200e+06    1.72979900e-06
    2.86798400e+05    9.08800100e-06
    8.12346900e+04    3.84862200e-05
    2.65031100e+04    1.39999700e-04
    9.56870100e+03    4.58597500e-04
    3.73249700e+03    1.36458800e-03
    1.54842200e+03    3.77373900e-03
    6.75542000e+02    9.49388700e-03
    3.07252200e+02    2.17461100e-02
    1.44667200e+02    4.22852800e-02
    7.00438700e+01    6.54061000e-02
    3.43225000e+01    4.75973200e-02
    1.56122400e+01   -8.16033000e-02
    7.74372200e+00   -3.28398000e-01
    3.84426000e+00   -3.65456100e-01
    1.71976600e+00    2.10221800e-01
    8.32523000e-01    6.85679300e-01
    3.85564000e-01    3.68430800e-01
    9.67000000e-02    2.05079800e-02
    4.77780000e-02   -6.41077600e-03
    2.23630000e-02    3.02176600e-03
22  0
    8.41790900e+06   -5.35028500e-08
    1.26031200e+06   -4.16441900e-07
    2.86798400e+05   -2.18849900e-06
    8.12346900e+04   -9.26462800e-06
    2.65031100e+04   -3.37171100e-05
    9.56870100e+03   -1.10388600e-04
    3.73249700e+03   -3.28705100e-04
    1.54842200e+03   -9.08425000e-04
    6.75542000e+02   -2.28820400e-03
    3.07252200e+02   -5.23846200e-03
    1.44667200e+02   -1.02154700e-02
    7.00438700e+01   -1.58170700e-02
    3.43225000e+01   -1.16294500e-02
    1.56122400e+01    2.01343200e-02
    7.74372200e+00    8.40508600e-02
    3.84426000e+00    9.84825000e-02
    1.71976600e+00   -6.83852300e-02
    8.32523000e-01   -2.35362700e-01
    3.85564000e-01   -2.77698400e-01
    9.67000000e-02    2.98742300e-01
    4.77780000e-02    6.19372300e-01
    2.23630000e-02    2.56327000e-01
22  0
    8.41790900e+06   -9.14099300e-08
    1.26031200e+06   -7.27077500e-07
    2.86798400e+05   -3.70244900e-06
    8.12346900e+04   -1.63346800e-05
    2.65031100e+04   -5.64236000e-05
    9.56870100e+03   -1.96819000e-04
    3.73249700e+03   -5.42881100e-04
    1.54842200e+03   -1.64269200e-03
    6.75542000e+02   -3.70975200e-03
    3.07252200e+02   -9.69922900e-03
    1.44667200e+02   -1.58935000e-02
    7.00438700e+01   -3.14993700e-02
    3.43225000e+01   -1.15392000e-02
    1.56122400e+01    1.42678900e-02
    7.74372200e+00    1.97771900e-01
    3.84426000e+00    9.49321600e-02
    1.71976600e+00    2.67895000e-02
    8.32523000e-01   -9.35108200e-01
    3.85564000e-01    1.82072500e-01
    9.67000000e-02    2.07742300e+00
    4.77780000e-02   -1.11394400e+00
    2.23630000e-02   -6.91043400e-01
22  0
    8.41790900e+06   -1.44507500e-07
    1.26031200e+06   -1.16768100e-06
    2.86798400e+05   -5.81020100e-06
    8.12346900e+04   -2.64162000e-05
    2.65031100e+04   -8.78140700e-05
    9.56870100e+03   -3.20791200e-04
    3.73249700e+03   -8.36375000e-04
    1.54842200e+03   -2.70364000e-03
    6.75542000e+02   -5.63396000e-03
    3.07252200e+02   -1.62265100e-02
    1.44667200e+02   -2.33642600e-02
    7.00438700e+01   -5.52329200e-02
    3.43225000e+01   -8.80777100e-03
    1.56122400e+01   -2.06086900e-04
    7.74372200e+00    3.88285700e-01
    3.84426000e+00    9.74343000e-02
    1.71976600e+00    6.85856900e-03
    8.32523000e-01   -2.32157000e+00
    3.85564000e-01    2.66658000e+00
    9.67000000e-02    1.89828100e-01
    4.77780000e-02   -2.68406500e+00
    2.23630000e-02    2.04370100e+00
22  0
    8.41790900e+06   -1.60799200e-07
    1.26031200e+06   -1.21646100e-06
    2.86798400e+05   -6.65989400e-06
    8.12346900e+04   -2.67049900e-05
    2.65031100e+04   -1.03994700e-04
    9.56870100e+03   -3.13399500e-04
    3.73249700e+03   -1.02988400e-03
    1.54842200e+03   -2.53063300e-03
    6.75542000e+02   -7.33591700e-03
    3.07252200e+02   -1.41458700e-02
    1.44667200e+02   -3.45149600e-02
    7.00438700e+01   -3.85925100e-02
    3.43225000e+01   -5.56050600e-02
    1.56122400e+01    1.02506200e-01
    7.74372200e+00    2.26552700e-01
    3.84426000e+00    6.01728900e-01
    1.71976600e+00   -1.40297400e+00
    8.32523000e-01   -8.47836400e-01
    3.85564000e-01    3.09478900e+00
    9.67000000e-02   -5.79273300e+00
    4.77780000e-02    6.94415800e+00
    2.23630000e-02   -3.00648400e+00
1  0
    2.23630000e-02    1.00000000e+00
1  0
    3.13430000e+00    1.00000000e+00
1  0
    1.73690000e+00    1.00000000e+00
1  0
    1.04700000e-02    1.00000000e+00
18  1
    2.26409700e+04    1.20000000e-05
    5.35754500e+03    1.07000000e-04
    1.74037300e+03    6.25000000e-04
    6.66616300e+02    2.83000000e-03
    2.83638400e+02    1.05300000e-02
    1.29797600e+02    3.28810000e-02
    6.26795600e+01    8.58840000e-02
    3.15044100e+01    1.80030000e-01
    1.62352500e+01    2.89224000e-01
    8.51832400e+00    3.27910000e-01
    4.51900500e+00    2.10198000e-01
    2.36659100e+00    5.46800000e-02
    1.21523500e+00    1.85300000e-03
    6.14348000e-01   -1.41700000e-03
    3.00745000e-01   -9.53000000e-04
    1.26004000e-01   -5.10000000e-05
    5.48400000e-02   -2.10000000e-05
    2.35570000e-02    4.00000000e-06
18  1
    2.26409700e+04   -4.00000000e-06
    5.35754500e+03   -3.50000000e-05
    1.74037300e+03   -2.05000000e-04
    6.66616300e+02   -9.32000000e-04
    2.83638400e+02   -3.48400000e-03
    1.29797600e+02   -1.10190000e-02
    6.26795600e+01   -2.94150000e-02
    3.15044100e+01   -6.37130000e-02
    1.62352500e+01   -1.06085000e-01
    8.51832400e+00   -1.28638000e-01
    4.51900500e+00   -5.30120000e-02
    2.36659100e+00    1.74026000e-01
    1.21523500e+00    3.92550000e-01
    6.14348000e-01    3.96514000e-01
    3.00745000e-01    1.76544000e-01
    1.26004000e-01    1.91110000e-02
    5.48400000e-02    7.50000000e-05
    2.35570000e-02    3.04000000e-04
18  1
    2.26409700e+04    1.00000000e-06
    5.35754500e+03    9.00000000e-06
    1.74037300e+03    5.00000000e-05
    6.66616300e+02    2.27000000e-04
    2.83638400e+02    8.53000000e-04
    1.29797600e+02    2.68600000e-03
    6.26795600e+01    7.22500000e-03
    3.15044100e+01    1.55900000e-02
    1.62352500e+01    2.63030000e-02
    8.51832400e+00    3.17770000e-02
    4.51900500e+00    1.24830000e-02
    2.36659100e+00   -5.26270000e-02
    1.21523500e+00   -1.14025000e-01
    6.14348000e-01   -1.46371000e-01
    3.00745000e-01   -1.38630000e-02
    1.26004000e-01    3.52444000e-01
    5.48400000e-02    5.50454000e-01
    2.35570000e-02    2.26105000e-01
18  1
    2.26409700e+04    1.00000000e-06
    5.35754500e+03    1.00000000e-05
    1.74037300e+03    6.00000000e-05
    6.66616300e+02    2.74000000e-04
    2.83638400e+02    1.02500000e-03
    1.29797600e+02    3.25000000e-03
    6.26795600e+01    8.67400000e-03
    3.15044100e+01    1.88660000e-02
    1.62352500e+01    3.14660000e-02
    8.51832400e+00    3.86630000e-02
    4.51900500e+00    1.49230000e-02
    2.36659100e+00   -5.96700000e-02
    1.21523500e+00   -1.34706000e-01
    6.14348000e-01   -1.72809000e-01
    3.00745000e-01   -8.06980000e-02
    1.26004000e-01    5.54264000e-01
    5.48400000e-02    5.50007000e-01
    2.35570000e-02    3.85330000e-02
18  1
    2.26409700e+04    2.00000000e-06
    5.35754500e+03    2.00000000e-05
    1.74037300e+03    1.28000000e-04
    6.66616300e+02    5.34000000e-04
    2.83638400e+02    2.16400000e-03
    1.29797600e+02    6.30700000e-03
    6.26795600e+01    1.83770000e-02
    3.15044100e+01    3.60160000e-02
    1.62352500e+01    6.94300000e-02
    8.51832400e+00    7.19490000e-02
    4.51900500e+00    5.77890000e-02
    2.36659100e+00   -1.75284000e-01
    1.21523500e+00   -3.37329000e-01
    6.14348000e-01   -5.64427000e-01
    3.00745000e-01    1.16338000e+00
    1.26004000e-01    5.65835000e-01
    5.48400000e-02   -9.71506000e-01
    2.35570000e-02   -8.53610000e-02
18  1
    2.26409700e+04   -2.00000000e-06
    5.35754500e+03   -2.90000000e-05
    1.74037300e+03   -1.30000000e-04
    6.66616300e+02   -7.52000000e-04
    2.83638400e+02   -2.21200000e-03
    1.29797600e+02   -8.89300000e-03
    6.26795600e+01   -1.82620000e-02
    3.15044100e+01   -5.30410000e-02
    1.62352500e+01   -5.99390000e-02
    8.51832400e+00   -1.55642000e-01
    4.51900500e+00    9.57200000e-03
    2.36659100e+00    9.18980000e-02
    1.21523500e+00    1.25671000e+00
    6.14348000e-01   -1.01111500e+00
    3.00745000e-01   -1.36883600e+00
    1.26004000e-01    2.37778200e+00
    5.48400000e-02   -1.15398400e+00
    2.35570000e-02   -2.09409000e-01
1  1
    2.35570000e-02    1.00000000e+00
1  1
    4.06780000e+00    1.00000000e+00
1  1
    9.98700000e-01    1.00000000e+00
1  1
    1.01200000e-02    1.00000000e+00
11  2
    1.45468000e+02    4.94000000e-04
    4.34188000e+01    4.19800000e-03
    1.65768000e+01    1.89670000e-02
    6.97111000e+00    5.84080000e-02
    3.13347000e+00    1.37605000e-01
    1.45768000e+00    2.31470000e-01
    6.74538000e-01    2.96530000e-01
    3.05162000e-01    3.05200000e-01
    1.34113000e-01    2.38075000e-01
    5.72700000e-02    1.07386000e-01
    2.33540000e-02    1.17330000e-02
11  2
    1.45468000e+02   -5.05000000e-04
    4.34188000e+01   -4.29300000e-03
    1.65768000e+01   -1.94750000e-02
    6.97111000e+00   -6.06310000e-02
    3.13347000e+00   -1.43661000e-01
    1.45768000e+00   -2.29294000e-01
    6.74538000e-01   -2.61973000e-01
    3.05162000e-01   -5.30060000e-02
    1.34113000e-01    4.11999000e-01
    5.72700000e-02    4.83190000e-01
    2.33540000e-02    1.07188000e-01
11  2
    1.45468000e+02   -6.67000000e-04
    4.34188000e+01   -5.59300000e-03
    1.65768000e+01   -2.59900000e-02
    6.97111000e+00   -7.91400000e-02
    3.13347000e+00   -1.93622000e-01
    1.45768000e+00   -2.89981000e-01
    6.74538000e-01   -1.70251000e-01
    3.05162000e-01    6.12687000e-01
    1.34113000e-01    4.81794000e-01
    5.72700000e-02   -6.79448000e-01
    2.33540000e-02   -2.77173000e-01
11  2
    1.45468000e+02    8.36000000e-04
    4.34188000e+01    8.49500000e-03
    1.65768000e+01    3.34810000e-02
    6.97111000e+00    1.27011000e-01
    3.13347000e+00    2.48281000e-01
    1.45768000e+00    4.45563000e-01
    6.74538000e-01   -5.40645000e-01
    3.05162000e-01   -8.78394000e-01
    1.34113000e-01    1.44311800e+00
    5.72700000e-02   -4.69081000e-01
    2.33540000e-02   -3.98985000e-01
1  2
    2.33540000e-02    1.00000000e+00
1  2
    2.13740000e+00    1.00000000e+00
1  2
    9.79500000e-01    1.00000000e+00
1  2
    9.52000000e-03    1.00000000e+00
1  3
    2.77500000e+00    1.00000000e+00
1  3
    1.05970000e+00    1.00000000e+00
1  3
    4.04600000e-01    1.00000000e+00
1  3
    1.12500000e-01    1.00000000e+00
1  3
    3.12800000e-02    1.00000000e+00
1  4
    2.49280000e+00    1.00000000e+00
1  4
    9.14900000e-01    1.00000000e+00
1  4
    2.57300000e-01    1.00000000e+00
1  4
    7.23600000e-02    1.00000000e+00
1  5
    2.05160000e+00    1.00000000e+00
1  5
    5.01600000e-01    1.00000000e+00
1  5
    1.22640000e-01    1.00000000e+00
