Sc nelec 10
Sc ul
1 8.68432435 11.00000000
2 12.96081047 1293.12711495
2 3.42726018 -59.34807006
2 13.92649869 -6626.33658022
2 14.11355210 5365.41708240
3 3.87834215 95.52756785
Sc s
2 14.11432286 -1492.86349923
2 4.42835597 1499.37242000
2 7.46045566 1088.20049735
2 10.23533878 -1981.91696501
2 4.52489587 -1710.45115474
2 13.07885945 2625.43810581
Sc p
2 9.83997641 -2070.12504374
2 7.25072068 5801.02991534
2 11.81974746 1554.97375552
2 14.07433272 -853.69420879
2 7.08460322 -4878.01776292
2 14.07166426 462.12967346
Sc d
2 11.29849449 -570.27953430
2 5.72119848 -549.43824610
2 6.53234086 1672.92599442
2 8.11431019 -2704.80905453
2 9.95728280 4666.19773963
2 10.24029445 -2524.96335631
