39
15  0
    1.67006000e+07    1.41669000e-06
    2.56190000e+06    1.06004000e-05
    5.99004000e+05    5.37303000e-05
    1.73986000e+05    2.20079000e-04
    5.80917000e+04    7.77577000e-04
    2.15315000e+04    2.44588000e-03
    8.62839000e+03    7.08304000e-03
    3.66473000e+03    1.91158000e-02
    1.63403000e+03    4.77106000e-02
    7.59131000e+02    1.08690000e-01
    3.66812000e+02    2.18895000e-01
    1.80101000e+02    3.87143000e-01
    8.85318000e+01    5.00000000e-01
    4.37774000e+01    3.69069000e-01
    2.13401000e+01    9.56216000e-02
7  0
    9.81558000e+02   -1.08899000e-03
    3.03724000e+02   -1.08592000e-02
    1.18040000e+02   -4.69341000e-02
    5.22923000e+01   -9.61311000e-02
    1.19907000e+01    3.29261000e-01
    6.22403000e+00    5.00000000e-01
    3.29148000e+00    2.96952000e-01
5  0
    4.07422000e+01    5.51069000e-03
    1.07570000e+01   -1.22889000e-01
    4.78990000e+00   -3.86766000e-01
    3.07266000e+00   -1.33687000e-01
    1.66061000e+00    5.00000000e-01
1  0
    8.35484000e-01    1.00000000e+00
1  0
    3.81859000e-01    1.00000000e+00
1  0
    1.09541000e-01    1.00000000e+00
1  0
    5.28122000e-02    1.00000000e+00
1  0
    2.30634000e-02    1.00000000e+00
7  1
    1.27281000e+05    1.07380000e-05
    1.95817000e+04    2.15254000e-04
    4.70644000e+03    1.95052000e-03
    1.55089000e+03    1.10171000e-02
    6.02197000e+02    4.85270000e-02
    2.61388000e+02    1.69436000e-01
    1.24414000e+02    5.00000000e-01
1  1
    6.08496000e+01    1.00000000e+00
1  1
    3.08203000e+01    1.00000000e+00
1  1
    1.61693000e+01    1.00000000e+00
1  1
    8.94018000e+00    1.00000000e+00
1  1
    4.97348000e+00    1.00000000e+00
1  1
    2.76195000e+00    1.00000000e+00
1  1
    1.40158000e+00    1.00000000e+00
1  1
    7.08609000e-01    1.00000000e+00
1  1
    3.53143000e-01    1.00000000e+00
1  1
    1.68490000e-01    1.00000000e+00
1  1
    5.20000000e-02    1.00000000e+00
5  2
    2.31566000e+02    1.96458000e-03
    7.17384000e+01    1.59984000e-02
    2.83537000e+01    8.02181000e-02
    1.24144000e+01    2.63993000e-01
    6.52349000e+00    5.00000000e-01
1  2
    3.39016000e+00    1.00000000e+00
1  2
    1.72386000e+00    1.00000000e+00
1  2
    8.57445000e-01    1.00000000e+00
1  2
    4.11953000e-01    1.00000000e+00
1  2
    1.93304000e-01    1.00000000e+00
1  2
    8.66076000e-02    1.00000000e+00
1  2
    3.56795000e-02    1.00000000e+00
1  3
    1.08910000e+01    1.00000000e+00
1  3
    3.40300000e+00    1.00000000e+00
1  3
    1.26100000e+00    1.00000000e+00
1  3
    5.25000000e-01    1.00000000e+00
1  3
    2.19000000e-01    1.00000000e+00
1  4
    5.88200000e+00    1.00000000e+00
1  4
    1.47100000e+00    1.00000000e+00
1  4
    3.68000000e-01    1.00000000e+00
1  5
    3.17700000e+00    1.00000000e+00
1  5
    7.06000000e-01    1.00000000e+00
1  6
    1.60900000e+00    1.00000000e+00
