15
6  0
    3.91019000e+04    1.90342000e-03
    5.87187000e+03    1.45824000e-02
    1.33631000e+03    7.21564000e-02
    3.77193000e+02    2.48907000e-01
    1.22367000e+02    5.00000000e-01
    4.18513000e+01    3.80992000e-01
4  0
    8.08226000e+01   -8.27634000e-02
    9.34895000e+00    5.00000000e-01
    4.07644000e+00    4.44982000e-01
    1.29160000e+00    5.00934000e-02
2  0
    9.05868000e-01    5.00000000e-01
    3.50602000e-01    2.02234000e-01
1  0
    7.13593000e-02    1.00000000e+00
1  0
    2.69181000e-02    1.00000000e+00
5  1
    5.22487000e+03    2.77833000e-04
    8.03826000e+02    5.40046000e-03
    1.89374000e+02    4.47015000e-02
    6.03093000e+01    1.93210000e-01
    2.21664000e+01    5.00000000e-01
1  1
    8.69039000e+00    1.00000000e+00
1  1
    3.50878000e+00    1.00000000e+00
1  1
    1.21803000e+00    1.00000000e+00
1  1
    4.05783000e-01    1.00000000e+00
1  1
    7.80000000e-02    1.00000000e+00
4  2
    2.87045000e+01    1.76635000e-02
    8.02170000e+00    1.01759000e-01
    2.65583000e+00    3.05587000e-01
    9.38740000e-01    5.00000000e-01
1  2
    3.10075000e-01    1.00000000e+00
1  2
    9.34946000e-02    1.00000000e+00
1  3
    9.31000000e-01    1.00000000e+00
