29
12  0
    3.06158000e+06    1.12614000e-05
    4.59488000e+05    8.72706000e-05
    1.04793000e+05    4.57631000e-04
    2.97312000e+04    1.92695000e-03
    9.71252000e+03    6.97391000e-03
    3.51123000e+03    2.23858000e-02
    1.37186000e+03    6.39722000e-02
    5.68344000e+02    1.61295000e-01
    2.46351000e+02    3.34303000e-01
    1.11508000e+02    5.00000000e-01
    5.17741000e+01    4.36633000e-01
    2.38989000e+01    1.34745000e-01
7  0
    1.00386000e+03   -9.81345000e-04
    3.10369000e+02   -9.84764000e-03
    1.20483000e+02   -4.32299000e-02
    5.29646000e+01   -9.21014000e-02
    1.16979000e+01    3.38776000e-01
    5.74631000e+00    5.00000000e-01
    2.79264000e+00    2.15851000e-01
4  0
    9.26398000e+00   -9.44503000e-02
    4.20330000e+00   -2.51993000e-01
    1.46980000e+00    3.88418000e-01
    7.22500000e-01    5.00000000e-01
2  0
    8.18736000e-01    3.48158000e-01
    3.57061000e-01    5.00000000e-01
1  0
    1.15378000e-01    1.00000000e+00
1  0
    5.41203000e-02    1.00000000e+00
1  0
    2.33114000e-02    1.00000000e+00
6  1
    4.99144000e+04    3.33075000e-05
    7.67914000e+03    6.77009000e-04
    1.82146000e+03    6.23724000e-03
    5.91166000e+02    3.54071000e-02
    2.24417000e+02    1.53169000e-01
    9.55419000e+01    5.00000000e-01
1  1
    4.31869000e+01    1.00000000e+00
1  1
    2.04312000e+01    1.00000000e+00
1  1
    9.92711000e+00    1.00000000e+00
1  1
    4.81220000e+00    1.00000000e+00
1  1
    2.27868000e+00    1.00000000e+00
1  1
    1.08999000e+00    1.00000000e+00
1  1
    5.01029000e-01    1.00000000e+00
1  1
    2.16423000e-01    1.00000000e+00
1  1
    6.10000000e-02    1.00000000e+00
5  2
    1.20346000e+02    2.40029000e-03
    3.54802000e+01    1.98921000e-02
    1.32220000e+01    8.76392000e-02
    5.80227000e+00    2.24051000e-01
    2.66907000e+00    5.00000000e-01
1  2
    1.23665000e+00    1.00000000e+00
1  2
    5.63114000e-01    1.00000000e+00
1  2
    2.48046000e-01    1.00000000e+00
1  2
    1.06200000e-01    1.00000000e+00
1  2
    4.18560000e-02    1.00000000e+00
1  3
    3.97100000e+00    1.00000000e+00
1  3
    1.10300000e+00    1.00000000e+00
1  3
    3.06000000e-01    1.00000000e+00
1  4
    2.64700000e+00    1.00000000e+00
1  4
    5.88000000e-01    1.00000000e+00
1  5
    1.34100000e+00    1.00000000e+00
