21
10  0
    7.97633000e+05    5.72425000e-05
    1.19508000e+05    4.44726000e-04
    2.72016000e+04    2.33324000e-03
    7.70430000e+03    9.77268000e-03
    2.51289000e+03    3.46820000e-02
    9.06909000e+02    1.05167000e-01
    3.53883000e+02    2.60030000e-01
    1.44515000e+02    4.86048000e-01
    6.12757000e+01    5.00000000e-01
    2.66262000e+01    1.78171000e-01
4  0
    2.17864000e+02   -2.10946000e-02
    6.60232000e+01   -1.01875000e-01
    9.96652000e+00    5.00000000e-01
    4.05201000e+00    5.06071000e-01
2  0
    6.21185000e+00   -1.47472000e-01
    9.79994000e-01    5.00000000e-01
1  0
    4.10762000e-01    1.00000000e+00
1  0
    9.13186000e-02    1.00000000e+00
1  0
    3.40663000e-02    1.00000000e+00
5  1
    1.38241000e+04    1.51018000e-04
    2.12678000e+03    3.02941000e-03
    5.04300000e+02    2.68087000e-02
    1.62237000e+02    1.40645000e-01
    6.07952000e+01    5.00000000e-01
1  1
    2.50348000e+01    1.00000000e+00
1  1
    1.07664000e+01    1.00000000e+00
1  1
    4.68553000e+00    1.00000000e+00
1  1
    1.89256000e+00    1.00000000e+00
1  1
    7.76543000e-01    1.00000000e+00
1  1
    2.95728000e-01    1.00000000e+00
1  1
    6.40000000e-02    1.00000000e+00
5  2
    7.61641000e+01    3.59962000e-03
    2.25426000e+01    2.60891000e-02
    8.26346000e+00    1.07545000e-01
    3.21075000e+00    2.92687000e-01
    1.33164000e+00    5.00000000e-01
1  2
    5.39611000e-01    1.00000000e+00
1  2
    2.04300000e-01    1.00000000e+00
1  2
    6.93535000e-02    1.00000000e+00
1  3
    2.20600000e+00    1.00000000e+00
1  3
    4.90000000e-01    1.00000000e+00
1  4
    1.11800000e+00    1.00000000e+00
