11
5  0
    1.61703000e+04    5.53253000e-03
    2.43251000e+03    4.15073000e-02
    5.52984000e+02    1.88653000e-01
    1.54925000e+02    5.00000000e-01
    4.90566000e+01    4.73952000e-01
2  0
    7.47390000e+00    5.00000000e-01
    2.71954000e+00    1.83683000e-01
2  0
    9.18042000e-01    5.00000000e-01
    3.58009000e-01    2.24323000e-01
1  0
    7.35052000e-02    1.00000000e+00
1  0
    2.98439000e-02    1.00000000e+00
5  1
    1.78225000e+03    1.25351000e-03
    2.74192000e+02    2.24141000e-02
    6.40751000e+01    1.50830000e-01
    1.95919000e+01    4.41753000e-01
    6.55649000e+00    5.00000000e-01
1  1
    1.80814000e+00    1.00000000e+00
1  1
    5.48025000e-01    1.00000000e+00
1  1
    1.03000000e-01    1.00000000e+00
3  2
    1.03128000e+01    7.16089000e-02
    2.58932000e+00    2.90372000e-01
    7.27604000e-01    5.00000000e-01
1  2
    1.77804000e-01    1.00000000e+00
