17
6  0
    2.24356943e+05    2.19959563e-04
    3.36287061e+04    1.70604189e-03
    7.65401715e+03    8.88152947e-03
    2.16843966e+03    3.61837050e-02
    7.09626639e+02    1.17839268e-01
    2.59317313e+02    2.87916451e-01
2  0
    1.02478038e+02    3.67051387e-01
    4.14431397e+01    2.71619959e-01
1  0
    1.02018556e+01    1.00000000e+00
1  0
    4.30449827e+00    1.00000000e+00
1  0
    1.22194574e+00    1.00000000e+00
1  0
    4.97251814e-01    1.00000000e+00
1  0
    7.27280775e-02    1.00000000e+00
1  0
    2.93938293e-02    1.00000000e+00
3  1
    1.15499096e+03    2.01027227e-03
    2.73704966e+02    1.63050698e-02
    8.80693273e+01    7.65278890e-02
3  1
    3.31107600e+01    2.39509040e-01
    1.34364408e+01    4.32353802e-01
    5.65809846e+00    3.69694294e-01
1  1
    2.24367043e+00    1.00000000e+00
1  1
    8.87980043e-01    1.00000000e+00
1  1
    3.32824097e-01    1.00000000e+00
3  2
    1.92385240e+01    2.70546647e-02
    5.11733059e+00    1.38132500e-01
    1.65498839e+00    3.48953030e-01
1  2
    5.40176046e-01    1.00000000e+00
1  2
    1.62106253e-01    1.00000000e+00
1  1
    8.97480000e-02    1.00000000e+00
