18
6  0
    4.05400000e+05    8.31000000e-04
    6.08500000e+04    6.23310000e-03
    1.39100000e+04    3.20710000e-02
    3.98900000e+03    1.26360000e-01
    1.32400000e+03    3.88990000e-01
    4.87000000e+02    5.48880000e-01
3  0
    4.87000000e+02    1.79630000e-01
    1.93200000e+02    6.22270000e-01
    8.21900000e+01    2.50670000e-01
1  0
    3.05200000e+01    1.00000000e+00
1  0
    1.32500000e+01    1.00000000e+00
1  0
    4.51000000e+00    1.00000000e+00
1  0
    1.86700000e+00    1.00000000e+00
1  0
    3.19000000e-01    1.00000000e+00
1  0
    1.12000000e-01    1.00000000e+00
3  1
    2.70600000e+03    2.21460000e-02
    6.38600000e+02    1.81800000e-01
    2.03800000e+02    8.61550000e-01
3  1
    7.59600000e+01    3.42430000e-01
    3.10200000e+01    5.05410000e-01
    1.30500000e+01    2.62370000e-01
3  1
    1.30500000e+01    7.01630000e-02
    6.98600000e+00    3.84190000e-01
    3.23400000e+00    6.03680000e-01
1  1
    1.47500000e+00    1.00000000e+00
1  1
    7.27500000e-01    1.00000000e+00
1  1
    2.86900000e-01    1.00000000e+00
1  1
    9.67900000e-02    1.00000000e+00
4  2
    9.90100000e+01    2.55960000e-02
    2.84100000e+01    1.54590000e-01
    9.86300000e+00    4.28780000e-01
    3.51400000e+00    5.86200000e-01
1  2
    1.17100000e+00    1.00000000e+00
1  2
    3.05000000e-01    1.00000000e+00
