31
1  0
    2.34012000e+01    1.00000000e+00
1  0
    1.52838000e+01    1.00000000e+00
1  0
    8.13850000e+00    1.00000000e+00
1  0
    2.83622000e+00    1.00000000e+00
1  0
    1.25079000e+00    1.00000000e+00
1  0
    6.99253000e-01    1.00000000e+00
1  0
    3.19694000e-01    1.00000000e+00
1  0
    2.10576000e-01    1.00000000e+00
1  1
    2.92866000e+01    1.00000000e+00
1  1
    1.68439000e+01    1.00000000e+00
1  1
    7.92257000e+00    1.00000000e+00
1  1
    3.14006000e+00    1.00000000e+00
1  1
    1.25627000e+00    1.00000000e+00
1  1
    5.49003000e-01    1.00000000e+00
1  1
    3.06564000e-01    1.00000000e+00
1  2
    3.41186000e+01    1.00000000e+00
1  2
    8.80124000e+00    1.00000000e+00
1  2
    3.29278000e+00    1.00000000e+00
1  2
    1.44989000e+00    1.00000000e+00
1  2
    6.39818000e-01    1.00000000e+00
1  2
    2.48113000e-01    1.00000000e+00
1  3
    1.22164000e+01    1.00000000e+00
1  3
    1.97596000e+00    1.00000000e+00
1  3
    6.20489000e-01    1.00000000e+00
1  4
    1.54677000e+01    1.00000000e+00
1  4
    1.34560000e+00    1.00000000e+00
1  0
    5.82661000e-02    1.00000000e+00
1  1
    1.29967000e-01    1.00000000e+00
1  2
    8.93760000e-02    1.00000000e+00
1  3
    2.32796000e-01    1.00000000e+00
1  4
    8.71030000e-01    1.00000000e+00
