17
7  0
    8.99180000e+03    4.21000000e-04
    1.35520000e+03    2.93300000e-03
    3.03498000e+02    9.87000000e-03
    4.43870000e+01    8.08600000e-02
    1.71581000e+01   -3.91490000e-01
    3.50262000e+00    6.86327000e-01
    1.61583000e+00    4.85582000e-01
7  0
    8.99180000e+03   -1.65000000e-04
    1.35520000e+03   -1.10400000e-03
    3.03498000e+02   -4.01500000e-03
    4.43870000e+01   -2.76280000e-02
    1.71581000e+01    1.41582000e-01
    3.50262000e+00   -3.31609000e-01
    1.61583000e+00   -3.84876000e-01
1  0
    5.04621000e-01    1.00000000e+00
1  0
    2.40728000e-01    1.00000000e+00
1  0
    1.02598000e-01    1.00000000e+00
1  0
    3.84000000e-02    1.00000000e+00
9  1
    4.91897000e+02    3.68000000e-04
    8.92328000e+01    4.87200000e-03
    2.55069000e+01   -8.85470000e-02
    6.69992000e+00    3.46637000e-01
    3.18772000e+00    5.06878000e-01
    1.48385000e+00    2.51506000e-01
    5.62135000e-01    2.19950000e-02
    2.21055000e-01   -1.23500000e-03
    8.22520000e-02    6.10000000e-04
9  1
    4.91897000e+02   -1.15000000e-04
    8.92328000e+01   -1.10200000e-03
    2.55069000e+01    2.30250000e-02
    6.69992000e+00   -1.04422000e-01
    3.18772000e+00   -1.64098000e-01
    1.48385000e+00   -7.24090000e-02
    5.62135000e-01    3.27819000e-01
    2.21055000e-01    5.61198000e-01
    8.22520000e-02    2.78491000e-01
1  1
    6.36400000e-01    1.00000000e+00
1  1
    9.78000000e-02    1.00000000e+00
1  1
    3.27000000e-02    1.00000000e+00
7  2
    3.01868000e+02    1.63700000e-03
    9.21254000e+01    1.69670000e-02
    3.79081000e+01    7.41760000e-02
    1.64171000e+01    1.89483000e-01
    7.41496000e+00    3.23494000e-01
    3.33738000e+00    3.71542000e-01
    1.46438000e+00    2.59778000e-01
1  2
    5.82516000e-01    1.00000000e+00
1  2
    2.16200000e-01    1.00000000e+00
1  2
    8.19000000e-02    1.00000000e+00
1  3
    4.69600000e-01    1.00000000e+00
1  3
    1.84200000e-01    1.00000000e+00
