34
1  0
    2.73443137e+02    1.00000000e+00
1  0
    4.02928378e+01    1.00000000e+00
1  0
    2.08531028e+01    1.00000000e+00
1  0
    1.39020686e+01    1.00000000e+00
1  0
    2.87751875e+00    1.00000000e+00
1  0
    1.74967307e+00    1.00000000e+00
1  0
    1.15346920e+00    1.00000000e+00
1  0
    3.62712634e-01    1.00000000e+00
1  0
    2.41808423e-01    1.00000000e+00
1  1
    6.90581546e+01    1.00000000e+00
1  1
    2.12198023e+01    1.00000000e+00
1  1
    7.81968033e+00    1.00000000e+00
1  1
    2.39824778e+00    1.00000000e+00
1  1
    1.36732733e+00    1.00000000e+00
1  1
    6.64609039e-01    1.00000000e+00
1  1
    3.02190673e-01    1.00000000e+00
1  1
    1.65768400e-01    1.00000000e+00
1  2
    1.18991063e+02    1.00000000e+00
1  2
    5.39764188e+01    1.00000000e+00
1  2
    8.55322971e+00    1.00000000e+00
1  2
    2.73648516e+00    1.00000000e+00
1  2
    1.29829323e+00    1.00000000e+00
1  2
    6.43140898e-01    1.00000000e+00
1  2
    2.65015982e-01    1.00000000e+00
1  3
    1.03042469e+02    1.00000000e+00
1  3
    1.11513805e+01    1.00000000e+00
1  3
    2.07832346e+00    1.00000000e+00
1  3
    6.22080181e-01    1.00000000e+00
1  4
    1.50382853e+01    1.00000000e+00
1  4
    1.38585433e+00    1.00000000e+00
1  0
    6.37584148e-02    1.00000000e+00
1  1
    8.19480123e-02    1.00000000e+00
1  2
    9.29716544e-02    1.00000000e+00
1  3
    2.37571675e-01    1.00000000e+00
