14
13  0
    5.98990000e+05    2.00400000e-04
    8.97830000e+04    1.55540000e-03
    2.04350000e+04    8.08720000e-03
    5.78690000e+03    3.30344000e-02
    1.88730000e+03    1.08292400e-01
    6.80970000e+02    2.70336100e-01
    2.65390000e+02    4.20623600e-01
    1.08630000e+02    2.81592200e-01
    3.37600000e+01    3.08110000e-02
    1.44650000e+01   -7.16170000e-03
    4.38900000e+00    2.60220000e-03
    1.87830000e+00   -1.25830000e-03
    3.58590000e-01    3.46500000e-04
13  0
    5.98990000e+05   -6.29000000e-05
    8.97830000e+04   -4.85000000e-04
    2.04350000e+04   -2.56440000e-03
    5.78690000e+03   -1.04761000e-02
    1.88730000e+03   -3.67223000e-02
    6.80970000e+02   -9.99225000e-02
    2.65390000e+02   -2.14197300e-01
    1.08630000e+02   -1.83659300e-01
    3.37600000e+01    4.67545400e-01
    1.44650000e+01    6.41474000e-01
    4.38900000e+00    7.92569000e-02
    1.87830000e+00   -1.42697000e-02
    3.58590000e-01    3.37920000e-03
13  0
    5.98990000e+05    2.47000000e-05
    8.97830000e+04    1.91300000e-04
    2.04350000e+04    1.00680000e-03
    5.78690000e+03    4.15140000e-03
    1.88730000e+03    1.44991000e-02
    6.80970000e+02    4.05658000e-02
    2.65390000e+02    8.85364000e-02
    1.08630000e+02    8.54212000e-02
    3.37600000e+01   -2.93258100e-01
    1.44650000e+01   -5.57072700e-01
    4.38900000e+00    5.26143600e-01
    1.87830000e+00    7.32037100e-01
    3.58590000e-01    3.88246000e-02
13  0
    5.98990000e+05   -7.20000000e-06
    8.97830000e+04   -5.59000000e-05
    2.04350000e+04   -2.93800000e-04
    5.78690000e+03   -1.21360000e-03
    1.88730000e+03   -4.23400000e-03
    6.80970000e+02   -1.19035000e-02
    2.65390000e+02   -2.60206000e-02
    1.08630000e+02   -2.56148000e-02
    3.37600000e+01    9.19427000e-02
    1.44650000e+01    1.83870000e-01
    4.38900000e+00   -2.18846100e-01
    1.87830000e+00   -4.89652400e-01
    3.58590000e-01    6.77581800e-01
1  0
    1.36490000e-01    1.00000000e+00
1  0
    4.87470000e-02    1.00000000e+00
10  1
    4.13560000e+03    1.41270000e-03
    9.80340000e+02    1.18588000e-02
    3.16350000e+02    5.95153000e-02
    1.19250000e+02    1.97220100e-01
    4.90680000e+01    4.00743900e-01
    2.12120000e+01    3.99474000e-01
    8.94620000e+00    1.15336400e-01
    3.82360000e+00    2.21900000e-04
    1.58830000e+00    2.28380000e-03
    4.09690000e-01   -4.75600000e-04
10  1
    4.13560000e+03   -5.61000000e-04
    9.80340000e+02   -4.73400000e-03
    3.16350000e+02   -2.43504000e-02
    1.19250000e+02   -8.41071000e-02
    4.90680000e+01   -1.84138400e-01
    2.12120000e+01   -1.73500400e-01
    8.94620000e+00    2.16726300e-01
    3.82360000e+00    5.85009900e-01
    1.58830000e+00    3.41681600e-01
    4.09690000e-01    1.99125000e-02
10  1
    4.13560000e+03    1.36600000e-04
    9.80340000e+02    1.13080000e-03
    3.16350000e+02    5.95810000e-03
    1.19250000e+02    2.01866000e-02
    4.90680000e+01    4.61939000e-02
    2.12120000e+01    3.94050000e-02
    8.94620000e+00   -5.92846000e-02
    3.82360000e+00   -2.01466300e-01
    1.58830000e+00   -6.87821000e-02
    4.09690000e-01    5.59594400e-01
1  1
    1.24590000e-01    1.00000000e+00
1  1
    3.54920000e-02    1.00000000e+00
5  2
    9.44720000e+01    2.34982000e-02
    2.71800000e+01    1.37518300e-01
    9.50680000e+00    3.66482400e-01
    3.41680000e+00    4.87471700e-01
    1.14790000e+00    2.76576900e-01
1  2
    3.68200000e-01    1.00000000e+00
1  2
    1.28300000e-01    1.00000000e+00
