62
1  0
    7.10929000e+01    1.00000000e+00
1  0
    4.86234000e+01    1.00000000e+00
1  0
    2.89120000e+01    1.00000000e+00
1  0
    1.54218000e+01    1.00000000e+00
1  0
    1.04173000e+01    1.00000000e+00
1  0
    5.40426000e+00    1.00000000e+00
1  0
    2.98908000e+00    1.00000000e+00
1  0
    1.75919000e+00    1.00000000e+00
1  0
    1.02976000e+00    1.00000000e+00
1  0
    5.90494000e-01    1.00000000e+00
1  0
    3.51545000e-01    1.00000000e+00
1  0
    1.97496000e-01    1.00000000e+00
1  0
    1.13101000e-01    1.00000000e+00
1  1
    5.51234000e+01    1.00000000e+00
1  1
    2.64644000e+01    1.00000000e+00
1  1
    1.50620000e+01    1.00000000e+00
1  1
    8.85223000e+00    1.00000000e+00
1  1
    4.80105000e+00    1.00000000e+00
1  1
    2.95202000e+00    1.00000000e+00
1  1
    1.70335000e+00    1.00000000e+00
1  1
    9.75178000e-01    1.00000000e+00
1  1
    6.22010000e-01    1.00000000e+00
1  1
    3.86371000e-01    1.00000000e+00
1  1
    2.15628000e-01    1.00000000e+00
1  1
    1.29834000e-01    1.00000000e+00
1  2
    4.41597000e+01    1.00000000e+00
1  2
    2.37375000e+01    1.00000000e+00
1  2
    1.36641000e+01    1.00000000e+00
1  2
    6.67331000e+00    1.00000000e+00
1  2
    3.60737000e+00    1.00000000e+00
1  2
    1.92780000e+00    1.00000000e+00
1  2
    1.18519000e+00    1.00000000e+00
1  2
    7.59818000e-01    1.00000000e+00
1  2
    4.88330000e-01    1.00000000e+00
1  2
    2.62567000e-01    1.00000000e+00
1  2
    1.27358000e-01    1.00000000e+00
1  3
    3.58866000e+01    1.00000000e+00
1  3
    1.59754000e+01    1.00000000e+00
1  3
    7.16092000e+00    1.00000000e+00
1  3
    3.93447000e+00    1.00000000e+00
1  3
    1.95471000e+00    1.00000000e+00
1  3
    1.05906000e+00    1.00000000e+00
1  3
    7.21472000e-01    1.00000000e+00
1  3
    4.30107000e-01    1.00000000e+00
1  3
    2.30787000e-01    1.00000000e+00
1  4
    4.82444000e+01    1.00000000e+00
1  4
    1.79413000e+01    1.00000000e+00
1  4
    7.84077000e+00    1.00000000e+00
1  4
    3.71981000e+00    1.00000000e+00
1  4
    1.95943000e+00    1.00000000e+00
1  4
    1.04638000e+00    1.00000000e+00
1  4
    6.55541000e-01    1.00000000e+00
1  4
    3.38705000e-01    1.00000000e+00
1  5
    8.54861000e+00    1.00000000e+00
1  5
    3.66214000e+00    1.00000000e+00
1  5
    1.92131000e+00    1.00000000e+00
1  5
    1.08244000e+00    1.00000000e+00
1  5
    5.69148000e-01    1.00000000e+00
1  6
    3.85267000e+00    1.00000000e+00
1  6
    1.79194000e+00    1.00000000e+00
1  6
    9.62127000e-01    1.00000000e+00
1  7
    2.00538000e+00    1.00000000e+00
