46
1  0
    8.29100327e+01    1.00000000e+00
1  0
    2.55555904e+01    1.00000000e+00
1  0
    1.70370603e+01    1.00000000e+00
1  0
    1.13911078e+01    1.00000000e+00
1  0
    3.40591274e+00    1.00000000e+00
1  0
    1.62081129e+00    1.00000000e+00
1  0
    9.97077903e-01    1.00000000e+00
1  0
    5.20263356e-01    1.00000000e+00
1  0
    2.94259810e-01    1.00000000e+00
1  0
    1.26484376e-01    1.00000000e+00
1  0
    8.25093033e-02    1.00000000e+00
1  1
    5.05932689e+01    1.00000000e+00
1  1
    3.37288460e+01    1.00000000e+00
1  1
    7.61342874e+00    1.00000000e+00
1  1
    4.04432601e+00    1.00000000e+00
1  1
    2.48674062e+00    1.00000000e+00
1  1
    1.10420151e+00    1.00000000e+00
1  1
    7.36134339e-01    1.00000000e+00
1  1
    4.64434960e-01    1.00000000e+00
1  1
    2.18092845e-01    1.00000000e+00
1  1
    1.06597366e-01    1.00000000e+00
1  2
    1.40197156e+02    1.00000000e+00
1  2
    3.56771086e+01    1.00000000e+00
1  2
    1.10347274e+01    1.00000000e+00
1  2
    4.55268758e+00    1.00000000e+00
1  2
    2.75402155e+00    1.00000000e+00
1  2
    1.14997357e+00    1.00000000e+00
1  2
    7.21146779e-01    1.00000000e+00
1  2
    3.45666384e-01    1.00000000e+00
1  2
    1.71048635e-01    1.00000000e+00
1  3
    1.00578184e+02    1.00000000e+00
1  3
    1.18375594e+01    1.00000000e+00
1  3
    3.50260083e+00    1.00000000e+00
1  3
    2.33506722e+00    1.00000000e+00
1  3
    9.81193048e-01    1.00000000e+00
1  3
    6.20085702e-01    1.00000000e+00
1  3
    2.87597903e-01    1.00000000e+00
1  4
    2.86743464e+01    1.00000000e+00
1  4
    1.03343016e+01    1.00000000e+00
1  4
    2.72901837e+00    1.00000000e+00
1  4
    9.81083116e-01    1.00000000e+00
1  4
    4.87311604e-01    1.00000000e+00
1  5
    4.70292798e+00    1.00000000e+00
1  5
    1.97309310e+00    1.00000000e+00
1  5
    8.11765869e-01    1.00000000e+00
1  6
    1.90370340e+00    1.00000000e+00
