33
1  0
    3.13507000e+01    1.00000000e+00
1  0
    1.63490000e+01    1.00000000e+00
1  0
    7.15395000e+00    1.00000000e+00
1  0
    2.30807000e+00    1.00000000e+00
1  0
    1.21669000e+00    1.00000000e+00
1  0
    6.92818000e-01    1.00000000e+00
1  0
    3.89906000e-01    1.00000000e+00
1  0
    1.66160000e-01    1.00000000e+00
1  1
    3.36920000e+01    1.00000000e+00
1  1
    1.96063000e+01    1.00000000e+00
1  1
    8.47661000e+00    1.00000000e+00
1  1
    2.49879000e+00    1.00000000e+00
1  1
    1.39010000e+00    1.00000000e+00
1  1
    6.75979000e-01    1.00000000e+00
1  1
    4.20992000e-01    1.00000000e+00
1  1
    2.26240000e-01    1.00000000e+00
1  2
    3.23336000e+01    1.00000000e+00
1  2
    9.74742000e+00    1.00000000e+00
1  2
    3.24406000e+00    1.00000000e+00
1  2
    1.62704000e+00    1.00000000e+00
1  2
    8.53156000e-01    1.00000000e+00
1  2
    4.51974000e-01    1.00000000e+00
1  2
    2.14795000e-01    1.00000000e+00
1  3
    1.35730000e+01    1.00000000e+00
1  3
    5.37067000e+00    1.00000000e+00
1  3
    2.36949000e+00    1.00000000e+00
1  3
    8.42910000e-01    1.00000000e+00
1  3
    3.97723000e-01    1.00000000e+00
1  4
    3.16038000e+01    1.00000000e+00
1  4
    1.08370000e+01    1.00000000e+00
1  4
    2.08907000e+00    1.00000000e+00
1  4
    7.28385000e-01    1.00000000e+00
1  5
    1.93460000e+00    1.00000000e+00
