9
6  0
    2.60972040e+03    1.82900000e-03
    3.91522800e+02    9.70600000e-03
    4.82893000e+01    7.16060000e-02
    1.68019000e+01   -3.83980000e-01
    3.51490000e+00    6.91926000e-01
    1.58940000e+00    4.91893000e-01
6  0
    2.60972040e+03   -6.94000000e-04
    3.91522800e+02   -3.86600000e-03
    4.82893000e+01   -2.48390000e-02
    1.68019000e+01    1.40207000e-01
    3.51490000e+00   -3.42280000e-01
    1.58940000e+00   -3.64598000e-01
1  0
    3.83000000e-01    1.00000000e+00
1  0
    1.39900000e-01    1.00000000e+00
6  1
    1.00019200e+02    4.76100000e-03
    2.58909000e+01   -8.48990000e-02
    6.20930000e+00    4.28655000e-01
    2.66130000e+00    5.43060000e-01
    1.09290000e+00    1.49283000e-01
    3.59700000e-01    1.07100000e-03
6  1
    1.00019200e+02   -1.05800000e-03
    2.58909000e+01    2.17090000e-02
    6.20930000e+00   -1.26243000e-01
    2.66130000e+00   -1.93545000e-01
    1.09290000e+00    4.73730000e-02
    3.59700000e-01    5.91806000e-01
1  1
    1.13700000e-01    1.00000000e+00
6  2
    1.28508000e+02    1.10110000e-02
    4.15212000e+01    7.78560000e-02
    1.55182000e+01    2.32819000e-01
    6.16082000e+00    4.01788000e-01
    2.41134000e+00    4.08946000e-01
    8.71936000e-01    1.68093000e-01
1  2
    3.65600000e-01    1.00000000e+00
