27
11  0
    9.52044677e+06    6.33096901e-06
    1.42498408e+06    4.92676980e-05
    3.24127577e+05    2.59202497e-04
    9.17748770e+04    1.09431457e-03
    2.99327257e+04    3.97061391e-03
    1.08046179e+04    1.28011879e-02
    4.21401348e+03    3.69803794e-02
    1.74781166e+03    9.44613499e-02
    7.62121609e+02    2.02747054e-01
    3.46456041e+02    3.28789564e-01
    1.63115693e+02    3.23002526e-01
4  0
    2.61451531e+03    7.91139285e-03
    8.18685528e+02    7.71877394e-02
    3.18633990e+02    3.56720619e-01
    1.39048441e+02    7.58467500e-01
1  0
    7.83487348e+01    1.00000000e+00
1  0
    3.17042907e+01    1.00000000e+00
1  0
    1.55058593e+01    1.00000000e+00
1  0
    7.32274236e+00    1.00000000e+00
1  0
    3.49694835e+00    1.00000000e+00
1  0
    1.61215461e+00    1.00000000e+00
1  0
    4.95871585e-01    1.00000000e+00
1  0
    2.40921382e-01    1.00000000e+00
1  0
    1.02317394e-01    1.00000000e+00
10  1
    2.53602156e+04    6.05317909e-05
    5.99378966e+03    5.39877744e-04
    1.94307418e+03    3.11304562e-03
    7.42353162e+02    1.35996747e-02
    3.14621146e+02    4.72989584e-02
    1.43347480e+02    1.29814877e-01
    6.86736176e+01    2.65699822e-01
    3.40135541e+01    3.67231953e-01
    1.71980996e+01    2.74783563e-01
    8.58303296e+00    7.92561697e-02
5  1
    2.36582091e+02   -1.22716494e-03
    9.05761832e+01   -9.25846278e-03
    3.90866893e+01   -2.84287284e-02
    9.30843440e+00    2.12011022e-01
    4.61699231e+00    4.71175898e-01
1  1
    2.26534775e+00    1.00000000e+00
1  1
    1.08000000e+00    1.00000000e+00
1  1
    4.79393286e-01    1.00000000e+00
1  1
    1.96199838e-01    1.00000000e+00
1  1
    7.62563393e-02    1.00000000e+00
7  2
    5.39487001e+02    6.67229555e-04
    1.62133944e+02    6.03993309e-03
    6.26617956e+01    3.02386665e-02
    2.70772729e+01    9.92678921e-02
    1.24830039e+01    2.23580363e-01
    5.88646231e+00    3.35746828e-01
    2.75191311e+00    3.45548565e-01
1  2
    1.25007696e+00    2.12166546e-01
1  2
    5.11728418e-01    1.00000000e+00
1  2
    2.00000000e-01    1.00000000e+00
1  3
    1.13333919e+01    1.00000000e+00
1  3
    3.51855057e+00    1.00000000e+00
1  3
    7.09700000e-01    1.00000000e+00
1  3
    2.84000000e-01    1.00000000e+00
1  4
    5.73000000e-01    1.00000000e+00
