35
15  0
    5.59535000e+07    1.08137000e-06
    8.09007000e+06    8.76065000e-06
    1.81111000e+06    4.67376000e-05
    5.09666000e+05    1.98123000e-04
    1.66289000e+05    7.18785000e-04
    6.04241000e+04    2.31528000e-03
    2.38484000e+04    6.80484000e-03
    1.00155000e+04    1.86138000e-02
    4.41678000e+03    4.72807000e-02
    2.02543000e+03    1.09958000e-01
    9.69510000e+02    2.22118000e-01
    4.77520000e+02    3.86972000e-01
    2.36995000e+02    5.00000000e-01
    1.18574000e+02    3.69730000e-01
    5.87995000e+01    9.70446000e-02
7  0
    2.64737000e+03   -1.12741000e-03
    8.22704000e+02   -1.12807000e-02
    3.19531000e+02   -5.05509000e-02
    1.42040000e+02   -1.01923000e-01
    3.46057000e+01    3.45281000e-01
    1.82720000e+01    5.00000000e-01
    1.00485000e+01    2.54431000e-01
5  0
    1.38784000e+02    5.66329000e-03
    3.48787000e+01   -8.12108000e-02
    1.83058000e+01   -3.21977000e-01
    1.00022000e+01   -2.09335000e-01
    5.57380000e+00    5.00000000e-01
1  0
    2.82809000e+00    1.00000000e+00
1  0
    1.37460000e+00    1.00000000e+00
1  0
    4.95293000e-01    1.00000000e+00
1  0
    2.32686000e-01    1.00000000e+00
1  0
    9.97971000e-02    1.00000000e+00
7  1
    5.50772000e+05    8.74722000e-06
    8.47341000e+04    1.77951000e-04
    2.01723000e+04    1.64021000e-03
    6.61139000e+03    9.39475000e-03
    2.57312000e+03    4.14465000e-02
    1.12542000e+03    1.50512000e-01
    5.23997000e+02    5.00000000e-01
1  1
    2.54276000e+02    1.00000000e+00
1  1
    1.27494000e+02    1.00000000e+00
1  1
    6.57652000e+01    1.00000000e+00
1  1
    3.49218000e+01    1.00000000e+00
1  1
    1.87272000e+01    1.00000000e+00
1  1
    1.00754000e+01    1.00000000e+00
1  1
    5.19478000e+00    1.00000000e+00
1  1
    2.65895000e+00    1.00000000e+00
1  1
    1.32577000e+00    1.00000000e+00
1  1
    5.94357000e-01    1.00000000e+00
1  1
    2.72349000e-01    1.00000000e+00
1  1
    1.18634000e-01    1.00000000e+00
1  1
    4.88788000e-02    1.00000000e+00
8  2
    1.25937000e+03    1.78081000e-04
    3.82105000e+02    1.73899000e-03
    1.47908000e+02    1.01666000e-02
    6.62864000e+01    3.92009000e-02
    3.23310000e+01    1.17485000e-01
    1.60332000e+01    2.68100000e-01
    8.25397000e+00    4.28886000e-01
    4.28866000e+00    5.00000000e-01
1  2
    2.23787000e+00    1.00000000e+00
1  2
    1.14268000e+00    1.00000000e+00
1  2
    5.56991000e-01    1.00000000e+00
1  2
    2.36885000e-01    1.00000000e+00
1  2
    1.05000000e-01    1.00000000e+00
1  3
    6.99000000e+00    1.00000000e+00
1  3
    2.06000000e+00    1.00000000e+00
1  3
    6.10000000e-01    1.00000000e+00
1  3
    2.42000000e-01    1.00000000e+00
1  4
    1.86000000e+00    1.00000000e+00
1  4
    4.60000000e-01    1.00000000e+00
1  5
    7.00000000e-01    1.00000000e+00
