Se nelec 10
Se ul
2      1.0000000              0.0000000        
Se S
2     30.0469900            370.1228880        
2      6.9186880             10.4561680        
Se P
2     45.7730140             99.1350590        
2     45.2946420            198.2924830        
2     20.7396480             28.3387470        
2     20.0286010             56.7497470        
Se D
2     50.9417680            -18.5265560        
2     49.5947400            -28.3349210        
2     16.3235220             -0.6960890        
2     14.4651960             -1.1678910        
2      3.7753300              0.0414430        
2      3.5019530              0.2355830        
Se F
2     11.9508670             -0.7662620        
2     17.8107800             -2.1027420        
