11
5  0
    4.41241000e+04    5.33714000e-03
    6.63647000e+03    4.01393000e-02
    1.50900000e+03    1.84329000e-01
    4.24133000e+02    5.00000000e-01
    1.36076000e+02    4.92651000e-01
2  0
    2.17310000e+01    5.00000000e-01
    7.61347000e+00    1.46990000e-01
2  0
    3.33225000e+00    5.00000000e-01
    1.40837000e+00    2.64638000e-01
1  0
    3.36699000e-01    1.00000000e+00
1  0
    1.29977000e-01    1.00000000e+00
5  1
    5.96914000e+03    1.14802000e-03
    9.18330000e+02    2.12313000e-02
    2.16497000e+02    1.53495000e-01
    6.78177000e+01    5.00000000e-01
    2.38370000e+01    6.39381000e-01
1  1
    7.63937000e+00    1.00000000e+00
1  1
    2.63778000e+00    1.00000000e+00
1  1
    6.08000000e-01    1.00000000e+00
1  1
    1.66809000e-01    1.00000000e+00
4  2
    5.48664000e+01    5.94593000e-02
    1.52510000e+01    2.74341000e-01
    4.88382000e+00    5.00000000e-01
    1.45378000e+00    3.84935000e-01
