15
6  0
    1.06786000e+05    1.83388000e-03
    1.60345000e+04    1.40617000e-02
    3.64881000e+03    6.98728000e-02
    1.03058000e+03    2.44127000e-01
    3.35825000e+02    5.00000000e-01
    1.15997000e+02    3.96652000e-01
4  0
    2.21950000e+02   -7.95968000e-02
    2.67750000e+01    5.00000000e-01
    1.20789000e+01    3.69993000e-01
    4.16852000e+00    4.39459000e-02
2  0
    3.26553000e+00    5.00000000e-01
    1.35505000e+00    2.30176000e-01
1  0
    3.26263000e-01    1.00000000e+00
1  0
    1.18380000e-01    1.00000000e+00
5  1
    1.89350000e+04    2.13430000e-04
    2.91308000e+03    4.21839000e-03
    6.89101000e+02    3.61715000e-02
    2.22264000e+02    1.69407000e-01
    8.32517000e+01    5.00000000e-01
1  1
    3.38207000e+01    1.00000000e+00
1  1
    1.43563000e+01    1.00000000e+00
1  1
    5.24317000e+00    1.00000000e+00
1  1
    1.95274000e+00    1.00000000e+00
1  1
    4.51805000e-01    1.00000000e+00
1  1
    1.29671000e-01    1.00000000e+00
5  2
    1.50393000e+02    1.18064000e-02
    4.41007000e+01    8.21982000e-02
    1.60375000e+01    2.73564000e-01
    6.32038000e+00    4.91298000e-01
    2.43848000e+00    5.00000000e-01
1  2
    8.61515000e-01    1.00000000e+00
1  2
    2.87000000e-01    1.00000000e+00
