8
3  0
    2.48062681e+03    1.54328967e-01
    4.51849271e+02    5.35328142e-01
    1.22288046e+02    4.44634542e-01
3  0
    2.06157878e+02   -9.99672292e-02
    4.79066573e+01    3.99512826e-01
    1.55807318e+01    7.00115469e-01
3  1
    2.06157878e+02    1.55916275e-01
    4.79066573e+01    6.07683719e-01
    1.55807318e+01    3.91957393e-01
3  0
    1.76399941e+01   -2.27763502e-01
    5.38076046e+00    2.17543604e-01
    2.07606467e+00    9.16676961e-01
3  1
    1.76399941e+01    4.95151120e-03
    5.38076046e+00    5.77766469e-01
    2.07606467e+00    4.84646037e-01
3  0
    1.21464430e+00   -3.08844122e-01
    4.48280136e-01    1.96064117e-02
    1.97965235e-01    1.13103444e+00
3  1
    1.21464430e+00   -1.21546860e-01
    4.48280136e-01    5.71522760e-01
    1.97965235e-01    5.49894947e-01
3  2
    1.76399941e+01    2.19767951e-01
    5.38076046e+00    6.55547363e-01
    2.07606467e+00    2.86573259e-01
