12
6  0
    6.93792300e+04    7.57000000e-04
    1.03549400e+04    5.93200000e-03
    2.33387960e+03    3.10880000e-02
    6.57142950e+02    1.24967000e-01
    2.14301130e+02    3.86897000e-01
    7.76291680e+01    5.54888000e-01
3  0
    7.76291680e+01    1.77881000e-01
    3.06308070e+01    6.27765000e-01
    1.28012950e+01    2.47623000e-01
1  0
    3.92686600e+00    1.00000000e+00
1  0
    1.45234300e+00    1.00000000e+00
1  0
    2.56234000e-01    1.00000000e+00
1  0
    9.42790000e-02    1.00000000e+00
4  1
    3.35483190e+02    8.86600000e-03
    7.89003660e+01    6.82990000e-02
    2.49881500e+01    2.90958000e-01
    9.21971100e+00    7.32117000e-01
2  1
    3.62114000e+00    6.19879000e-01
    1.45131000e+00    4.39148000e-01
1  1
    5.04977000e-01    1.00000000e+00
1  1
    1.86317000e-01    1.00000000e+00
1  1
    6.54320000e-02    1.00000000e+00
1  2
    4.50000000e-01    1.00000000e+00
