44 
 1    0 
   256.8308722     1.0000000E+00    
 1    0 
    87.8619107     1.0000000E+00    
 1    0 
    28.9608683     1.0000000E+00    
 1    0 
     8.4480675     1.0000000E+00    
 1    0 
     4.0922529     1.0000000E+00    
 1    0 
     2.5762998     1.0000000E+00    
 1    0 
     1.1718308     1.0000000E+00    
 1    0 
     0.5210450     1.0000000E+00    
 1    0 
     0.3447352     1.0000000E+00    
 1    0 
     0.1919370     1.0000000E+00    
 1    0 
     0.0645649     1.0000000E+00    
 1    1 
   155.1572186     1.0000000E+00    
 1    1 
    59.2088384     1.0000000E+00    
 1    1 
    10.0610484     1.0000000E+00    
 1    1 
     6.4069645     1.0000000E+00    
 1    1 
     2.6831546     1.0000000E+00    
 1    1 
     1.1982271     1.0000000E+00    
 1    1 
     0.5948617     1.0000000E+00    
 1    1 
     0.2954377     1.0000000E+00    
 1    1 
     0.1670230     1.0000000E+00    
 1    2 
    36.6331456     1.0000000E+00    
 1    2 
    12.3226634     1.0000000E+00    
 1    2 
     5.1597307     1.0000000E+00    
 1    2 
     2.3179345     1.0000000E+00    
 1    2 
     0.9177812     1.0000000E+00    
 1    2 
     0.5572296     1.0000000E+00    
 1    2 
     0.3025902     1.0000000E+00    
 1    2 
     0.1736998     1.0000000E+00    
 1    3 
     8.9160732     1.0000000E+00    
 1    3 
     3.9621389     1.0000000E+00    
 1    3 
     1.8790600     1.0000000E+00    
 1    3 
     0.7070913     1.0000000E+00    
 1    3 
     0.4031544     1.0000000E+00    
 1    3 
     0.2150156     1.0000000E+00    
 1    4 
     2.3109707     1.0000000E+00    
 1    4 
     0.7062647     1.0000000E+00    
 1    4 
     0.3579229     1.0000000E+00    
 1    5 
     0.6682525     1.0000000E+00    
 1    0 
     0.0166776     1.0000000E+00    
 1    1 
     0.0590703     1.0000000E+00    
 1    2 
     0.0736898     1.0000000E+00    
 1    3 
     0.0814385     1.0000000E+00    
 1    4 
     0.1525744     1.0000000E+00    
 1    5 
     0.3219122     1.0000000E+00    
