47
11  0
    3.94800000e+06    2.00000000e-06
    5.91100000e+05    1.58000000e-05
    1.34500000e+05    8.34000000e-05
    3.81200000e+04    3.51400000e-04
    1.24600000e+04    1.27660000e-03
    4.50400000e+03    4.15190000e-03
    1.75800000e+03    1.23030000e-02
    7.29100000e+02    3.33102000e-02
    3.18000000e+02    8.09845000e-02
    1.44600000e+02    1.70290000e-01
    6.79700000e+01    2.86879000e-01
11  0
    3.94800000e+06   -5.00000000e-07
    5.91100000e+05   -4.20000000e-06
    1.34500000e+05   -2.22000000e-05
    3.81200000e+04   -9.36000000e-05
    1.24600000e+04   -3.40100000e-04
    4.50400000e+03   -1.11060000e-03
    1.75800000e+03   -3.30880000e-03
    7.29100000e+02   -9.11600000e-03
    3.18000000e+02   -2.28790000e-02
    1.44600000e+02   -5.17119000e-02
    6.79700000e+01   -9.99091000e-02
1  0
    3.28200000e+01    1.00000000e+00
1  0
    1.60300000e+01    1.00000000e+00
1  0
    7.39600000e+00    1.00000000e+00
1  0
    3.66100000e+00    1.00000000e+00
1  0
    1.82300000e+00    1.00000000e+00
1  0
    9.14700000e-01    1.00000000e+00
1  0
    3.39300000e-01    1.00000000e+00
1  0
    1.50000000e-01    1.00000000e+00
1  0
    6.43800000e-02    1.00000000e+00
1  0
    2.60000000e-02    1.00000000e+00
3  1
    1.78000000e+03    2.01200000e-04
    4.21800000e+02    1.74940000e-03
    1.36700000e+02    9.48140000e-03
1  1
    5.18100000e+01    1.00000000e+00
1  1
    2.16000000e+01    1.00000000e+00
1  1
    9.56300000e+00    1.00000000e+00
1  1
    4.35000000e+00    1.00000000e+00
1  1
    2.00600000e+00    1.00000000e+00
1  1
    9.20500000e-01    1.00000000e+00
1  1
    3.50000000e-01    1.00000000e+00
1  1
    1.38100000e-01    1.00000000e+00
1  1
    5.33800000e-02    1.00000000e+00
1  1
    1.92000000e-02    1.00000000e+00
1  2
    1.26000000e-01    1.00000000e+00
1  2
    3.21000000e-01    1.00000000e+00
1  2
    8.17000000e-01    1.00000000e+00
1  2
    2.08200000e+00    1.00000000e+00
1  2
    3.99340000e+01    1.00000000e+00
1  2
    1.94830000e+01    1.00000000e+00
1  2
    9.50500000e+00    1.00000000e+00
1  2
    4.63800000e+00    1.00000000e+00
1  2
    4.68000000e-02    1.00000000e+00
1  3
    1.69000000e-01    1.00000000e+00
1  3
    3.41000000e-01    1.00000000e+00
1  3
    6.88000000e-01    1.00000000e+00
1  3
    1.89640000e+01    1.00000000e+00
1  3
    7.95600000e+00    1.00000000e+00
1  3
    3.33800000e+00    1.00000000e+00
1  3
    7.35000000e-02    1.00000000e+00
1  4
    3.20000000e-01    1.00000000e+00
1  4
    7.05000000e-01    1.00000000e+00
1  4
    1.45040000e+01    1.00000000e+00
1  4
    5.58100000e+00    1.00000000e+00
1  4
    1.51000000e-01    1.00000000e+00
1  5
    5.83000000e-01    1.00000000e+00
1  5
    1.05360000e+01    1.00000000e+00
1  5
    3.23000000e-01    1.00000000e+00
