53
11  0
    4.46500000e+06    1.70000000e-06
    6.68500000e+05    1.36000000e-05
    1.52200000e+05    7.14000000e-05
    4.33000000e+04    2.97300000e-04
    1.44100000e+04    1.03830000e-03
    5.39400000e+03    3.17470000e-03
    2.21200000e+03    8.73240000e-03
    9.68100000e+02    2.23830000e-02
    4.41200000e+02    5.37273000e-02
    2.07100000e+02    1.16649000e-01
    9.98000000e+01    2.15978000e-01
11  0
    4.46500000e+06   -5.00000000e-07
    6.68500000e+05   -3.60000000e-06
    1.52200000e+05   -1.90000000e-05
    4.33000000e+04   -7.91000000e-05
    1.44100000e+04   -2.76900000e-04
    5.39400000e+03   -8.47200000e-04
    2.21200000e+03   -2.34780000e-03
    9.68100000e+02   -6.07050000e-03
    4.41200000e+02   -1.49711000e-02
    2.07100000e+02   -3.39729000e-02
    9.98000000e+01   -6.94584000e-02
1  0
    4.92400000e+01    1.00000000e+00
1  0
    2.47400000e+01    1.00000000e+00
1  0
    1.24700000e+01    1.00000000e+00
1  0
    5.79500000e+00    1.00000000e+00
1  0
    2.83000000e+00    1.00000000e+00
1  0
    1.40700000e+00    1.00000000e+00
1  0
    6.99500000e-01    1.00000000e+00
1  0
    3.08300000e-01    1.00000000e+00
1  0
    1.38500000e-01    1.00000000e+00
1  0
    6.14500000e-02    1.00000000e+00
4  1
    3.57200000e+03    5.99000000e-05
    8.46000000e+02    5.29600000e-04
    2.74800000e+02    2.99580000e-03
    1.05000000e+02    1.26335000e-02
1  1
    4.43500000e+01    1.00000000e+00
1  1
    2.00800000e+01    1.00000000e+00
1  1
    9.53000000e+00    1.00000000e+00
1  1
    4.63400000e+00    1.00000000e+00
1  1
    2.28000000e+00    1.00000000e+00
1  1
    1.11600000e+00    1.00000000e+00
1  1
    4.99100000e-01    1.00000000e+00
1  1
    2.25400000e-01    1.00000000e+00
1  1
    1.00100000e-01    1.00000000e+00
1  1
    4.33200000e-02    1.00000000e+00
1  2
    3.23860000e+00    1.00000000e+00
1  2
    1.37670000e+00    1.00000000e+00
1  2
    5.85300000e-01    1.00000000e+00
1  2
    2.48800000e-01    1.00000000e+00
1  2
    1.05800000e-01    1.00000000e+00
1  2
    5.97837000e+01    1.00000000e+00
1  2
    3.43949000e+01    1.00000000e+00
1  2
    1.97882000e+01    1.00000000e+00
1  2
    1.13846000e+01    1.00000000e+00
1  2
    6.54980000e+00    1.00000000e+00
1  3
    1.35100000e+00    1.00000000e+00
1  3
    6.60000000e-01    1.00000000e+00
1  3
    3.22500000e-01    1.00000000e+00
1  3
    1.57500000e-01    1.00000000e+00
1  3
    3.20854000e+01    1.00000000e+00
1  3
    1.59556000e+01    1.00000000e+00
1  3
    7.93450000e+00    1.00000000e+00
1  3
    3.94570000e+00    1.00000000e+00
1  4
    8.52800000e-01    1.00000000e+00
1  4
    4.63100000e-01    1.00000000e+00
1  4
    2.51500000e-01    1.00000000e+00
1  4
    2.08258000e+01    1.00000000e+00
1  4
    9.43480000e+00    1.00000000e+00
1  4
    4.27430000e+00    1.00000000e+00
1  5
    8.55700000e-01    1.00000000e+00
1  5
    4.23100000e-01    1.00000000e+00
1  5
    1.74400000e+01    1.00000000e+00
1  5
    7.30870000e+00    1.00000000e+00
1  6
    6.94600000e-01    1.00000000e+00
1  6
    1.23782000e+01    1.00000000e+00
