19
13  0
    2.54900000e+05    6.25101000e-05
    3.81900000e+04    4.85553000e-04
    8.69000000e+03    2.54516000e-03
    2.46200000e+03    1.05866000e-02
    8.04800000e+02    3.68787000e-02
    2.91300000e+02    1.07479000e-01
    1.13600000e+02    2.47936000e-01
    4.67500000e+01    3.90927000e-01
    1.98200000e+01    3.02026000e-01
    7.70800000e+00    5.59236000e-02
    3.34000000e+00   -4.02406000e-03
    1.40200000e+00    2.58030000e-03
    2.07000000e-01    6.07930000e-04
13  0
    2.54900000e+05   -1.66370000e-05
    3.81900000e+04   -1.29310000e-04
    8.69000000e+03   -6.78828000e-04
    2.46200000e+03   -2.84117000e-03
    8.04800000e+02   -1.00551000e-02
    2.91300000e+02   -3.05774000e-02
    1.13600000e+02   -7.77256000e-02
    4.67500000e+01   -1.54236000e-01
    1.98200000e+01   -1.80368000e-01
    7.70800000e+00    7.98218000e-02
    3.34000000e+00    5.47441000e-01
    1.40200000e+00    4.80119000e-01
    2.07000000e-01   -1.06996000e-02
13  0
    2.54900000e+05    4.26257000e-06
    3.81900000e+04    3.31062000e-05
    8.69000000e+03    1.74015000e-04
    2.46200000e+03    7.27574000e-04
    8.04800000e+02    2.58333000e-03
    2.91300000e+02    7.86354000e-03
    1.13600000e+02    2.02155000e-02
    4.67500000e+01    4.07320000e-02
    1.98200000e+01    4.99358000e-02
    7.70800000e+00   -2.49396000e-02
    3.34000000e+00   -1.90350000e-01
    1.40200000e+00   -3.18350000e-01
    2.07000000e-01    6.81180000e-01
1  0
    4.38700000e-01    1.00000000e+00
1  0
    7.94400000e-02    1.00000000e+00
1  0
    1.33600000e+00    1.00000000e+00
1  0
    8.25200000e+00    1.00000000e+00
7  1
    4.81500000e+02    1.92045000e-03
    1.13900000e+02    1.53552000e-02
    3.62300000e+01    7.13991000e-02
    1.33400000e+01    2.13052000e-01
    5.25200000e+00    3.90354000e-01
    2.12000000e+00    3.93721000e-01
    2.52800000e-01    3.95630000e-03
7  1
    4.81500000e+02   -4.05220000e-04
    1.13900000e+02   -3.35896000e-03
    3.62300000e+01   -1.52860000e-02
    1.33400000e+01   -4.89218000e-02
    5.25200000e+00   -8.55008000e-02
    2.12000000e+00   -1.12137000e-01
    2.52800000e-01    5.51919000e-01
1  1
    8.56100000e-01    1.00000000e+00
1  1
    7.88900000e-02    1.00000000e+00
1  1
    2.31100000e+00    1.00000000e+00
1  1
    5.93600000e+00    1.00000000e+00
1  2
    1.59000000e-01    1.00000000e+00
1  2
    4.81000000e-01    1.00000000e+00
1  2
    1.81400000e+00    1.00000000e+00
1  2
    7.20300000e+00    1.00000000e+00
1  3
    3.36000000e-01    1.00000000e+00
1  3
    1.76300000e+00    1.00000000e+00
