11
11  0
    7.88600000e+04    2.70443000e-04
    1.18200000e+04    2.09717000e-03
    2.69200000e+03    1.08506000e-02
    7.63400000e+02    4.36754000e-02
    2.49600000e+02    1.37653000e-01
    9.02800000e+01    3.16644000e-01
    3.52900000e+01    4.18581000e-01
    1.45100000e+01    2.10212000e-01
    4.05300000e+00    1.44952000e-02
    1.48200000e+00   -2.03590000e-03
    2.51700000e-01    6.24186000e-04
11  0
    7.88600000e+04   -7.23177000e-05
    1.18200000e+04   -5.55116000e-04
    2.69200000e+03   -2.93805000e-03
    7.63400000e+02   -1.17687000e-02
    2.49600000e+02   -4.02907000e-02
    9.02800000e+01   -1.00609000e-01
    3.52900000e+01   -1.96528000e-01
    1.45100000e+01   -1.02382000e-01
    4.05300000e+00    5.27190000e-01
    1.48200000e+00    5.93251000e-01
    2.51700000e-01    3.32652000e-02
11  0
    7.88600000e+04    1.85113000e-05
    1.18200000e+04    1.42236000e-04
    2.69200000e+03    7.52185000e-04
    7.63400000e+02    3.02279000e-03
    2.49600000e+02    1.03677000e-02
    9.02800000e+01    2.62563000e-02
    3.52900000e+01    5.23989000e-02
    1.45100000e+01    2.90959000e-02
    4.05300000e+00   -1.78003000e-01
    1.48200000e+00   -3.46874000e-01
    2.51700000e-01    6.23020000e-01
1  0
    9.24300000e-02    1.00000000e+00
1  0
    4.95900000e+00    1.00000000e+00
7  1
    3.15900000e+02    3.92656000e-03
    7.44200000e+01    2.98811000e-02
    2.34800000e+01    1.27212000e-01
    8.48800000e+00    3.20943000e-01
    3.21700000e+00    4.55429000e-01
    1.22900000e+00    2.68563000e-01
    2.96400000e-01    1.88336000e-02
7  1
    3.15900000e+02   -8.58302000e-04
    7.44200000e+01   -6.30328000e-03
    2.34800000e+01   -2.88255000e-02
    8.48800000e+00   -6.94560000e-02
    3.21700000e+00   -1.19493000e-01
    1.22900000e+00   -1.99581000e-02
    2.96400000e-01    5.10268000e-01
1  1
    8.76800000e-02    1.00000000e+00
1  1
    1.99800000e+00    1.00000000e+00
1  2
    2.75000000e-01    1.00000000e+00
1  2
    5.80600000e+00    1.00000000e+00
