38
23  0
    9.09666841e+06    5.00000000e-07
    2.88768046e+06    1.73000000e-06
    6.34036155e+05    1.35900000e-05
    1.52354627e+05    6.93600000e-05
    4.49415401e+04    2.76010000e-04
    1.52451248e+04    9.64750000e-04
    5.63052473e+03    3.10294000e-03
    2.22009443e+03    9.16264000e-03
    9.29588527e+02    2.46195400e-02
    4.12045910e+02    5.92401100e-02
    1.92710163e+02    1.23817450e-01
    9.47445390e+01    2.14880500e-01
    4.86545780e+01    2.89116480e-01
    2.57930590e+01    2.65774210e-01
    1.38650730e+01    1.33451590e-01
    7.40613100e+00    2.55605300e-02
    3.83360300e+00    2.10736000e-03
    1.98654700e+00    5.83510000e-04
    1.02742300e+00    1.09360000e-04
    4.75718000e-01   -1.02400000e-05
    2.38673000e-01   -1.16000000e-06
    1.13962000e-01   -4.97000000e-06
    5.33950000e-02    1.30000000e-07
23  0
    9.09666841e+06   -1.30000000e-07
    2.88768046e+06   -4.60000000e-07
    6.34036155e+05   -3.62000000e-06
    1.52354627e+05   -1.84600000e-05
    4.49415401e+04   -7.35000000e-05
    1.52451248e+04   -2.57070000e-04
    5.63052473e+03   -8.28860000e-04
    2.22009443e+03   -2.46001000e-03
    9.29588527e+02   -6.69395000e-03
    4.12045910e+02   -1.65248600e-02
    1.92710163e+02   -3.63903000e-02
    9.47445390e+01   -6.95435600e-02
    4.86545780e+01   -1.12226720e-01
    2.57930590e+01   -1.38772690e-01
    1.38650730e+01   -9.01589000e-02
    7.40613100e+00    9.51314400e-02
    3.83360300e+00    3.68361340e-01
    1.98654700e+00    4.63297430e-01
    1.02742300e+00    2.17350910e-01
    4.75718000e-01    1.97870500e-02
    2.38673000e-01   -8.85840000e-04
    1.13962000e-01    5.75380000e-04
    5.33950000e-02   -3.31400000e-05
23  0
    9.09666841e+06    3.00000000e-08
    2.88768046e+06    1.20000000e-07
    6.34036155e+05    9.30000000e-07
    1.52354627e+05    4.73000000e-06
    4.49415401e+04    1.88300000e-05
    1.52451248e+04    6.58400000e-05
    5.63052473e+03    2.12430000e-04
    2.22009443e+03    6.30410000e-04
    9.29588527e+02    1.71830000e-03
    4.12045910e+02    4.24716000e-03
    1.92710163e+02    9.40353000e-03
    9.47445390e+01    1.80870700e-02
    4.86545780e+01    2.97223600e-02
    2.57930590e+01    3.75917500e-02
    1.38650730e+01    2.55648200e-02
    7.40613100e+00   -2.93962300e-02
    3.83360300e+00   -1.21814260e-01
    1.98654700e+00   -2.22244320e-01
    1.02742300e+00   -2.04031630e-01
    4.75718000e-01    1.21868170e-01
    2.38673000e-01    4.96832450e-01
    1.13962000e-01    4.77127580e-01
    5.33950000e-02    1.16029410e-01
1  0
    1.98654700e+00    1.00000000e+00
1  0
    1.02742300e+00    1.00000000e+00
1  0
    4.75718000e-01    1.00000000e+00
1  0
    2.38673000e-01    1.00000000e+00
1  0
    1.13962000e-01    1.00000000e+00
1  0
    5.33950000e-02    1.00000000e+00
16  1
    7.68060130e+03    1.58800000e-05
    1.79893454e+03    1.43130000e-04
    5.81148103e+02    8.47020000e-04
    2.18580916e+02    3.92877000e-03
    9.09941040e+01    1.45526000e-02
    4.08762350e+01    4.38384900e-02
    1.94683490e+01    1.07175010e-01
    9.65565700e+00    2.04032600e-01
    4.88875400e+00    2.94370030e-01
    2.50722000e+00    3.07220390e-01
    1.29810200e+00    1.91685530e-01
    6.63862000e-01    5.03236900e-02
    3.31046000e-01    3.62258000e-03
    1.61513000e-01    8.23110000e-04
    7.76420000e-02    6.81800000e-05
    3.62110000e-02    5.40100000e-05
16  1
    7.68060130e+03   -3.39000000e-06
    1.79893454e+03   -3.05900000e-05
    5.81148103e+02   -1.81200000e-04
    2.18580916e+02   -8.42290000e-04
    9.09941040e+01   -3.13394000e-03
    4.08762350e+01   -9.53473000e-03
    1.94683490e+01   -2.37185700e-02
    9.65565700e+00   -4.60514900e-02
    4.88875400e+00   -6.76844900e-02
    2.50722000e+00   -7.53000700e-02
    1.29810200e+00   -4.60144300e-02
    6.63862000e-01    7.30982000e-02
    3.31046000e-01    2.72162790e-01
    1.61513000e-01    4.10892850e-01
    7.76420000e-02    3.20039270e-01
    3.62110000e-02    8.03940100e-02
1  1
    1.29810200e+00    1.00000000e+00
1  1
    6.63862000e-01    1.00000000e+00
1  1
    3.31046000e-01    1.00000000e+00
1  1
    1.61513000e-01    1.00000000e+00
1  1
    7.76420000e-02    1.00000000e+00
1  1
    3.62110000e-02    1.00000000e+00
1  2
    4.40610720e+00    1.00000000e+00
1  2
    2.02202500e+00    1.00000000e+00
1  2
    9.27935900e-01    1.00000000e+00
1  2
    4.25842900e-01    1.00000000e+00
1  2
    1.95425300e-01    1.00000000e+00
1  2
    8.96835000e-02    1.00000000e+00
1  3
    2.04893150e+00    1.00000000e+00
1  3
    1.04635160e+00    1.00000000e+00
1  3
    5.34352500e-01    1.00000000e+00
1  3
    2.72884000e-01    1.00000000e+00
1  3
    1.39356800e-01    1.00000000e+00
1  4
    1.02451450e+00    1.00000000e+00
1  4
    6.17752300e-01    1.00000000e+00
1  4
    3.72486600e-01    1.00000000e+00
1  4
    2.24598600e-01    1.00000000e+00
1  5
    1.08746790e+00    1.00000000e+00
1  5
    6.20535100e-01    1.00000000e+00
1  5
    3.54092100e-01    1.00000000e+00
1  6
    1.00375960e+00    1.00000000e+00
1  6
    5.13800000e-01    1.00000000e+00
1  7
    8.20543000e-01    1.00000000e+00
