22
10  0
    9.18070696e+05    1.26587872e-05
    1.37485254e+05    9.84083875e-05
    3.12877727e+04    5.17313982e-04
    8.86161057e+03    2.17854419e-03
    2.89069432e+03    7.86568537e-03
    1.04340640e+03    2.49875537e-02
    4.06801603e+02    6.97618188e-02
    1.68483602e+02    1.64733627e-01
    7.31856288e+01    3.02856026e-01
    3.29984854e+01    3.60072604e-01
3  0
    2.78787513e+02    2.01854638e-02
    8.59102287e+01    1.77204067e-01
    3.29926040e+01    6.35878609e-01
1  0
    1.50336933e+01    1.00000000e+00
1  0
    5.72575148e+00    1.00000000e+00
1  0
    2.61465210e+00    1.00000000e+00
1  0
    1.17578332e+00    1.00000000e+00
1  0
    3.54323309e-01    1.00000000e+00
1  0
    1.62483358e-01    1.00000000e+00
1  0
    6.83324572e-02    1.00000000e+00
8  1
    1.77588505e+03    2.01869711e-04
    4.20837868e+02    1.75443147e-03
    1.36422902e+02    9.50395323e-03
    5.17009917e+01    3.73257416e-02
    2.15594560e+01    1.10853963e-01
    9.55592001e+00    2.37564070e-01
    4.35298195e+00    3.52957837e-01
    2.00969644e+00    3.28859319e-01
2  1
    4.64181538e+01    2.58588192e-02
    1.90764178e+00   -5.98748659e-01
1  1
    9.23372216e-01    1.00000000e+00
1  1
    3.45157204e-01    1.00000000e+00
1  1
    1.36568348e-01    1.00000000e+00
1  1
    5.29870606e-02    1.00000000e+00
1  2
    2.64500000e+00    1.00000000e+00
1  2
    6.08000000e-01    1.00000000e+00
1  2
    2.72000000e-01    1.00000000e+00
1  2
    1.13000000e-01    1.00000000e+00
1  3
    2.12000000e-01    1.00000000e+00
1  3
    5.41000000e-01    1.00000000e+00
1  4
    4.61000000e-01    1.00000000e+00
