41
1    0
    602.823                  1.0000000
1    0
     98.2115                 1.0000000
1    0
     40.3073                 1.0000000
1    0
     17.5636                 1.0000000
1    0
      9.66097                1.0000000
1    0
      4.60646                1.0000000
1    0
      2.38665                1.0000000
1    0
      1.23617                1.0000000
1    0
      0.640279               1.0000000
1    0
      0.34884                1.0000000
1    0
      0.190057               1.0000000
1    0
      0.0982451              1.0000000
1    1
    154.869                  1.0000000
1    1
     62.2401                 1.0000000
1    1
     20.6955                 1.0000000
1    1
     11.3206                 1.0000000
1    1
      4.41448                1.0000000
1    1
      2.56705                1.0000000
1    1
      1.00406                1.0000000
1    1
      0.550577               1.0000000
1    1
      0.279655               1.0000000
1    1
      0.161823               1.0000000
1    2
     58.3159                 1.0000000
1    2
     17.5216                 1.0000000
1    2
      5.89371                1.0000000
1    2
      3.4548                 1.0000000
1    2
      1.84813                1.0000000
1    2
      0.825157               1.0000000
1    2
      0.470194               1.0000000
1    2
      0.265297               1.0000000
1    2
      0.134632               1.0000000
1    3
      8.9160731813           1.0000000
1    3
      3.9621389114           1.0000000
1    3
      1.8790600476           1.0000000
1    3
      0.70709129617          1.0000000
1    3
      0.40315442038          1.0000000
1    3
      0.21501555354          1.0000000
1    4
      2.3109706984           1.0000000
1    4
      0.70626472074          1.0000000
1    4
      0.35792288122          1.0000000
1    5
      0.66825252207          1.0000000
