13
1    0
      0.98300000E+04         1.00000000       
1    0
      0.19660000E+04         1.00000000       
1    0
      0.49200000E+03         1.00000000       
1    0
      0.12300000E+03         1.00000000       
1    0
      0.30720000E+02         1.00000000       
1    10
      0.96000000E+01         1.00000000             1.00000000       
1    10
      0.19200000E+01         1.00000000             1.00000000       
1    10
      0.48000000E+00         1.00000000             1.00000000       
1    10
      0.12000000E+00         1.00000000             1.00000000       
1    2
      0.96000000E+01         1.00000000       
1    2
      0.19200000E+01         1.00000000       
1    2
      0.48000000E+00         1.00000000       
1    2
      0.12000000E+00         1.00000000 
