4
6 0
  2.693604434572  0.015333179500 
  1.359613855428 -0.283798205000 
  0.513245176029 -0.228939692700 
  0.326563011394  0.728834000900 
  0.139986977410  0.446205299300 
  0.068212286977  0.122025292800 
6 0
  2.693604434572  -0.073325401200 
  1.359613855428   0.484815594600 
  0.513245176029  -0.276015880000 
  0.326563011394  -0.228394679700 
  0.139986977410  -0.018311553000 
  0.068212286977   0.365245476200 
6 1
  2.693604434572  -0.005800105400 
  1.359613855428  -0.059172026000 
  0.513245176029   0.121487149900 
  0.326563011394   0.423382421100 
  0.139986977410   0.474592116300 
  0.068212286977   0.250129397700 
6 1
  2.693604434572   0.023996406700
  1.359613855428   0.055459199900
  0.513245176029  -0.269559268100
  0.326563011394  -0.259506329000
  0.139986977410   0.310318217600
  0.068212286977   0.647414251100
