29
2    0
    252.95316000             1.51090391
     93.61980100             -.11996911
1    0
     34.90955700             -.50047579
1    0
     11.18095300             1.0000000
1    0
      6.52098190             1.0000000
1    0
      3.38219430             1.0000000
1    0
      1.32509420             1.0000000
1    0
       .51925936             1.0000000
1    0
       .24523251             1.0000000
1    0
       .12935530             1.0000000
1    1
     81.94488700             -.64542929
1    1
      9.83495350             1.54270173
1    1
      4.83763590              .33931377
1    1
      1.77864770             -.99311150
1    1
       .69339970             1.0000000
1    1
       .40788218             1.0000000
1    1
       .15632603             1.51139817
2    2
     47.16636000              .78720200
     15.00007800             1.80566812
1    2
      3.96467760              .70726547
1    2
      2.33216330             -.30684335
1    2
       .65273451             1.0000000
1    2
       .36848652             1.0000000
1    2
       .15916560             1.0000000
1    3
      7.9401974957           1.0000000
1    3
      3.5489998282           1.0000000
1    3
      1.3000060620           1.0000000
1    3
      0.61563942171          1.0000000
1    3
      0.29155067749          1.0000000
1    4
      1.8443341045           1.0000000
1    4
      0.51224369309          1.0000000
