34 
 1    0 
   254.8988637     1.0000000E+00    
 1    0 
    93.3693360     1.0000000E+00    
 1    0 
    34.8481883     1.0000000E+00    
 1    0 
    11.1018167     1.0000000E+00    
 1    0 
     5.9645817     1.0000000E+00    
 1    0 
     2.7827045     1.0000000E+00    
 1    0 
     1.1314514     1.0000000E+00    
 1    0 
     0.6252110     1.0000000E+00    
 1    0 
     0.2810522     1.0000000E+00    
 1    0 
     0.1636361     1.0000000E+00    
 1    1 
    93.8311142     1.0000000E+00    
 1    1 
     9.8657376     1.0000000E+00    
 1    1 
     3.7885088     1.0000000E+00    
 1    1 
     1.9711362     1.0000000E+00    
 1    1 
     1.1225083     1.0000000E+00    
 1    1 
     0.4504020     1.0000000E+00    
 1    1 
     0.2333556     1.0000000E+00    
 1    1 
     0.1528121     1.0000000E+00    
 1    2 
    33.8018201     1.0000000E+00    
 1    2 
     9.6761446     1.0000000E+00    
 1    2 
     4.6107939     1.0000000E+00    
 1    2 
     1.9368390     1.0000000E+00    
 1    2 
     0.7194865     1.0000000E+00    
 1    2 
     0.3611841     1.0000000E+00    
 1    2 
     0.2051470     1.0000000E+00    
 1    3 
     7.9401975     1.0000000E+00    
 1    3 
     3.5489998     1.0000000E+00    
 1    3 
     1.3000061     1.0000000E+00    
 1    3 
     0.6156394     1.0000000E+00    
 1    3 
     0.2915507     1.0000000E+00    
 1    4 
     1.8443341     1.0000000E+00    
 1    4 
     0.5122437     1.0000000E+00    
 1    0 
     0.0723332     1.0000000E+00    
 1    1 
     0.0653969     1.0000000E+00    
