7
5  0
    6.88979000e+03    5.75602000e-03
    1.03666000e+03    4.30617000e-02
    2.35585000e+02    1.93412000e-01
    6.57179000e+01    5.00000000e-01
    2.05024000e+01    4.54845000e-01
2  0
    2.99923000e+00    5.00000000e-01
    1.07285000e+00    2.74560000e-01
1  0
    2.26894000e-01    1.00000000e+00
1  0
    8.35919000e-02    1.00000000e+00
5  1
    6.18870000e+02    1.61974000e-03
    9.52108000e+01    2.77243000e-02
    2.19365000e+01    1.72434000e-01
    6.49738000e+00    4.54958000e-01
    2.00767000e+00    5.00000000e-01
1  1
    4.81100000e-01    1.00000000e+00
1  1
    1.20218000e-01    1.00000000e+00
