30
14  0
    5.03073000e+06    2.24618000e-06
    7.60821000e+05    1.72411000e-05
    1.74213000e+05    9.01025000e-05
    4.95621000e+04    3.78866000e-04
    1.62211000e+04    1.37712000e-03
    5.86330000e+03    4.49368000e-03
    2.28796000e+03    1.33718000e-02
    9.50174000e+02    3.64875000e-02
    4.15107000e+02    9.07139000e-02
    1.88396000e+02    1.99042000e-01
    8.83505000e+01    3.66098000e-01
    4.21838000e+01    5.00000000e-01
    2.03092000e+01    3.94932000e-01
    9.77313000e+00    1.14634000e-01
5  0
    2.03524000e+02   -5.52632000e-03
    6.37849000e+01   -4.14554000e-02
    2.41048000e+01   -1.14555000e-01
    4.81663000e+00    3.47374000e-01
    2.15988000e+00    5.00000000e-01
2  0
    2.98569000e+00    2.02497000e-01
    1.13273000e+00    5.00000000e-01
1  0
    6.17294000e-01    1.00000000e+00
1  0
    2.71986000e-01    1.00000000e+00
1  0
    1.23448000e-01    1.00000000e+00
1  0
    5.46559000e-02    1.00000000e+00
7  1
    4.19467000e+04    9.56099000e-06
    6.45333000e+03    1.96905000e-04
    1.51969000e+03    1.84624000e-03
    4.92336000e+02    1.06694000e-02
    1.86978000e+02    4.84398000e-02
    7.72959000e+01    1.82276000e-01
    3.53303000e+01    5.00000000e-01
1  1
    1.69714000e+01    1.00000000e+00
1  1
    8.49433000e+00    1.00000000e+00
1  1
    4.36211000e+00    1.00000000e+00
1  1
    2.26536000e+00    1.00000000e+00
1  1
    1.16493000e+00    1.00000000e+00
1  1
    5.96228000e-01    1.00000000e+00
1  1
    2.91451000e-01    1.00000000e+00
1  1
    1.38548000e-01    1.00000000e+00
1  1
    6.45939000e-02    1.00000000e+00
1  1
    2.83355000e-02    1.00000000e+00
1  2
    1.95200000e+01    1.00000000e+00
1  2
    5.58000000e+00    1.00000000e+00
1  2
    1.92000000e+00    1.00000000e+00
1  2
    6.90000000e-01    1.00000000e+00
1  2
    2.99000000e-01    1.00000000e+00
1  2
    1.25000000e-01    1.00000000e+00
1  3
    2.64000000e+00    1.00000000e+00
1  3
    6.20000000e-01    1.00000000e+00
1  3
    2.60000000e-01    1.00000000e+00
1  4
    1.35000000e+00    1.00000000e+00
1  4
    4.50000000e-01    1.00000000e+00
1  5
    7.80000000e-01    1.00000000e+00
