12 
 9    0 
120040.0000000     1.6075000E-04    
 17991.0000000     1.2472000E-03    
  4094.8000000     6.5040000E-03    
  1159.6000000     2.6665000E-02    
   378.0000000     8.8816000E-02    
   135.9300000     2.2932000E-01    
    52.4110000     4.0025000E-01    
    20.9270000     3.3828000E-01    
     7.7130000     6.5512000E-02    
 9    0 
 17991.0000000    -6.8403000E-07    
  4094.8000000    -2.1124000E-06    
  1159.6000000    -6.9157000E-05    
   378.0000000    -4.8080000E-04    
   135.9300000    -4.1694000E-03    
    52.4110000    -1.7674000E-02    
    20.9270000    -4.2891000E-02    
     7.7130000     4.5368000E-02    
     3.1604000     1.3904000E-01    
 9    0 
  4094.8000000    -3.9897000E-06    
  1159.6000000    -5.0203000E-05    
   378.0000000    -5.7553000E-04    
   135.9300000    -4.1524000E-03    
    52.4110000    -2.0437000E-02    
    20.9270000    -4.6998000E-02    
     7.7130000     4.3986000E-02    
     3.1604000     3.3957000E-01    
     1.2348000     3.5038000E-01    
 1    0 
     0.2677500     1.0000000E+00    
 1    0 
     0.0940670     1.0000000E+00    
 7    1 
   677.1300000     1.0925000E-03    
   160.6700000     8.9601000E-03    
    51.5850000     4.4744000E-02    
    18.9480000     1.4748000E-01    
     7.6163000     3.1480000E-01    
     3.1317000     4.1339000E-01    
     1.2703000     2.6440000E-01    
 7    1 
   160.6700000     7.9014000E-06    
    51.5850000    -1.3613000E-04    
    18.9480000    -9.0378000E-04    
     7.6163000    -5.5863000E-03    
     3.1317000    -1.0141000E-02    
     1.2703000     1.8661000E-02    
     0.4333200     2.8890000E-01    
 1    1 
     0.1608800     1.0000000E+00    
 1    1 
     0.0548830     1.0000000E+00    
 1    2 
     1.6800000     1.0000000E+00    
 1    2 
     0.3800000     1.0000000E+00    
 1    3 
     0.5400000     1.0000000E+00    
