 8 
 8    0 
 41263.0000000     6.0948000E-04    
  6189.6000000     4.7040000E-03    
  1408.7000000     2.4136000E-02    
   398.7700000     9.2762000E-02    
   129.6900000     2.6047000E-01    
    46.4250000     4.4181000E-01    
    17.4550000     3.0755000E-01    
     4.2222000     2.9197000E-02    
 8    0 
  6189.6000000    -2.2459000E-05    
  1408.7000000    -4.1760000E-05    
   398.7700000    -1.8570000E-03    
   129.6900000    -9.5113000E-03    
    46.4250000    -6.5800000E-02    
    17.4550000    -7.7546000E-02    
     4.2222000     5.0303000E-01    
     1.4933000     6.3824000E-01    
 8    0 
  1408.7000000     6.0314000E-06    
   398.7700000     7.4278000E-05    
   129.6900000     7.4023000E-04    
    46.4250000     4.0107000E-03    
    17.4550000     8.0137000E-03    
     4.2222000    -7.4091000E-02    
     1.4933000    -2.1382000E-01    
     0.2717400     6.1263000E-01    
 1    0 
     0.0985020     1.0000000E+00    
 6    1 
   310.7300000     4.1198000E-03    
    72.8230000     3.1981000E-02    
    22.9850000     1.3224000E-01    
     8.3213000     3.2779000E-01    
     3.1353000     4.5107000E-01    
     1.1693000     2.6345000E-01    
 6    1 
    72.8230000     1.2637000E-04    
    22.9850000    -1.0252000E-03    
     8.3213000    -2.1337000E-03    
     3.1353000    -1.8774000E-02    
     1.1693000     5.7528000E-02    
     0.2928100     5.3571000E-01    
 1    1 
     0.0827040     1.0000000E+00    
 1    2 
     0.4500000     1.0000000E+00    
