15
8  0
    9.95986000e+04    2.35588000e-04
    1.49299000e+04    1.82721000e-03
    3.39814000e+03    9.51418000e-03
    9.62168000e+02    3.88158000e-02
    3.13440000e+02    1.27326000e-01
    1.12687000e+02    3.13518000e-01
    4.33391000e+01    5.00000000e-01
    1.70040000e+01    3.40376000e-01
3  0
    8.84010000e+01   -4.04747000e-02
    2.66705000e+01   -1.78127000e-01
    4.79782000e+00    5.00000000e-01
2  0
    2.39308000e+00    5.00000000e-01
    1.08252000e+00    3.37214000e-01
1  0
    2.52368000e-01    1.00000000e+00
1  0
    8.91157000e-02    1.00000000e+00
5  1
    4.41402000e+03    1.79452000e-04
    6.79081000e+02    3.56320000e-03
    1.61116000e+02    3.04761000e-02
    5.17176000e+01    1.51465000e-01
    1.89959000e+01    5.00000000e-01
1  1
    7.63763000e+00    1.00000000e+00
1  1
    3.14163000e+00    1.00000000e+00
1  1
    1.27497000e+00    1.00000000e+00
1  1
    4.36239000e-01    1.00000000e+00
1  1
    1.61952000e-01    1.00000000e+00
1  1
    5.51617000e-02    1.00000000e+00
1  2
    1.68000000e+00    1.00000000e+00
1  2
    3.80000000e-01    1.00000000e+00
1  3
    5.40000000e-01    1.00000000e+00
