12
5  0
    7.90794340e+04    2.64313860e-04
    1.18550100e+04    2.04851430e-03
    2.69770510e+03    1.06372410e-02
    7.62872270e+02    4.30824770e-02
    2.47284550e+02    1.38982790e-01
1  0
    8.79312400e+01    1.00000000e+00
2  0
    3.38232840e+01    4.40715430e-01
    1.38681080e+01    2.00911650e-01
1  0
    3.99200170e+00    1.00000000e+00
1  0
    1.46599250e+00    1.00000000e+00
1  0
    2.52710860e-01    1.00000000e+00
1  0
    9.24916730e-02    1.00000000e+00
5  1
    4.83023520e+02    1.91615470e-03
    1.14250810e+02    1.53097650e-02
    3.63877860e+01    7.10943580e-02
    1.34117040e+01    2.12432440e-01
    5.28840330e+00    3.89763020e-01
1  1
    2.13742190e+00    1.00000000e+00
1  1
    8.64684630e-01    1.00000000e+00
1  1
    2.54898550e-01    1.00000000e+00
1  1
    7.93970310e-02    1.00000000e+00
