27
1  0
    6.72172695e+03    1.00000000e+00
1  0
    2.41989667e+03    1.00000000e+00
1  0
    9.06463526e+02    1.00000000e+00
1  0
    3.52584559e+02    1.00000000e+00
1  0
    1.42078422e+02    1.00000000e+00
1  0
    5.91567792e+01    1.00000000e+00
1  0
    2.53757431e+01    1.00000000e+00
1  0
    1.11780567e+01    1.00000000e+00
1  0
    5.03869252e+00    1.00000000e+00
1  0
    2.31541830e+00    1.00000000e+00
1  0
    1.08033002e+00    1.00000000e+00
1  0
    5.09648990e-01    1.00000000e+00
1  0
    2.42038290e-01    1.00000000e+00
1  0
    1.15203950e-01    1.00000000e+00
1  1
    8.78369310e+00    1.00000000e+00
1  1
    2.61582480e+00    1.00000000e+00
1  1
    8.26604000e-01    1.00000000e+00
1  1
    2.71148700e-01    1.00000000e+00
1  1
    9.00870000e-02    1.00000000e+00
1  2
    1.49196227e+01    1.00000000e+00
1  2
    2.82962520e+00    1.00000000e+00
1  2
    8.15311314e-01    1.00000000e+00
1  2
    3.41222755e-01    1.00000000e+00
1  2
    1.68175118e-01    1.00000000e+00
1  3
    8.10381600e-01    1.00000000e+00
1  3
    1.98852900e-01    1.00000000e+00
1  4
    4.01490000e-01    1.00000000e+00
