27
5  0
    7.00781710e+04    9.70000000e-05
    1.05983840e+04    7.30000000e-04
    2.41386600e+03    3.52300000e-03
    6.77403100e+02    1.08730000e-02
    2.08507300e+02    1.78240000e-02
1  0
    3.93663000e+01    1.00000000e+00
1  0
    2.79875000e+01    1.00000000e+00
1  0
    1.43426000e+01    1.00000000e+00
1  0
    3.61280000e+00    1.00000000e+00
1  0
    1.84520000e+00    1.00000000e+00
1  0
    6.87500000e-01    1.00000000e+00
1  0
    3.00100000e-01    1.00000000e+00
1  0
    5.39000000e-02    1.00000000e+00
1  0
    2.24000000e-02    1.00000000e+00
6  1
    1.54581730e+03   -1.40937598e-04
    3.58330975e+02   -1.04975816e-03
    1.05410950e+02   -3.80470092e-03
    2.43236928e+01   -7.57583850e-02
    1.53300168e+01    2.44715630e-01
    3.27770303e+00   -2.59778210e-01
3  1
    7.38713450e+00   -1.09779150e-01
    4.38243465e+00   -2.43114730e-01
    1.92043526e+00   -1.86527450e-01
1  1
    1.05211528e+00    1.00000000e+00
1  1
    5.05323200e-01    1.00000000e+00
1  1
    2.27452196e-01    1.00000000e+00
1  1
    7.67024087e-02    1.00000000e+00
1  1
    2.72818492e-02    1.00000000e+00
6  2
    3.98015400e+02    4.33000000e-04
    1.15546600e+02    3.85200000e-03
    4.18937000e+01    1.73240000e-02
    2.07743000e+01    5.74300000e-03
    7.53040000e+00    2.59983000e-01
    4.04540000e+00    4.31478000e-01
1  2
    2.10120000e+00    1.00000000e+00
1  2
    1.01050000e+00    1.00000000e+00
1  2
    3.47500000e-01    1.00000000e+00
1  2
    1.08300000e-01    1.00000000e+00
5  3
    1.27186300e+02    3.05000000e-03
    4.59396000e+01    3.11450000e-02
    2.06234000e+01    1.13624000e-01
    9.38550000e+00    2.40128000e-01
    4.27900000e+00    3.47652000e-01
1  3
    1.88830000e+00    1.00000000e+00
1  3
    7.74800000e-01    1.00000000e+00
1  3
    2.77600000e-01    1.00000000e+00
1  4
    4.63800000e-01    1.00000000e+00
