67
1  0
    6.52948996e+06    1.00000000e+00
1  0
    3.21409678e+06    1.00000000e+00
1  0
    1.60249205e+06    1.00000000e+00
1  0
    8.09062842e+05    1.00000000e+00
1  0
    4.13528323e+05    1.00000000e+00
1  0
    2.13917854e+05    1.00000000e+00
1  0
    1.11965601e+05    1.00000000e+00
1  0
    5.92775069e+04    1.00000000e+00
1  0
    3.17343619e+04    1.00000000e+00
1  0
    1.71737760e+04    1.00000000e+00
1  0
    9.39192348e+03    1.00000000e+00
1  0
    5.18856754e+03    1.00000000e+00
1  0
    2.89461617e+03    1.00000000e+00
1  0
    1.63014594e+03    1.00000000e+00
1  0
    9.26382805e+02    1.00000000e+00
1  0
    5.31024619e+02    1.00000000e+00
1  0
    3.06920546e+02    1.00000000e+00
1  0
    1.78791464e+02    1.00000000e+00
1  0
    1.04928881e+02    1.00000000e+00
1  0
    6.20132357e+01    1.00000000e+00
1  0
    3.68913352e+01    1.00000000e+00
1  0
    2.20810955e+01    1.00000000e+00
1  0
    1.32915323e+01    1.00000000e+00
1  0
    8.04240869e+00    1.00000000e+00
1  0
    4.88932734e+00    1.00000000e+00
1  0
    2.98508185e+00    1.00000000e+00
1  0
    1.82935122e+00    1.00000000e+00
1  0
    1.12475732e+00    1.00000000e+00
1  0
    6.93468090e-01    1.00000000e+00
1  0
    4.28532050e-01    1.00000000e+00
1  0
    2.65283990e-01    1.00000000e+00
1  0
    1.64433480e-01    1.00000000e+00
1  0
    1.02000130e-01    1.00000000e+00
1  0
    6.32880400e-02    1.00000000e+00
1  1
    7.39475460e+00    1.00000000e+00
1  1
    3.28013500e+00    1.00000000e+00
1  1
    1.45938560e+00    1.00000000e+00
1  1
    6.50834200e-01    1.00000000e+00
1  1
    2.90738200e-01    1.00000000e+00
1  1
    1.30009000e-01    1.00000000e+00
1  1
    5.81555000e-02    1.00000000e+00
1  2
    3.91968631e+01    1.00000000e+00
1  2
    1.20954410e+01    1.00000000e+00
1  2
    3.92100320e+00    1.00000000e+00
1  2
    1.32306910e+00    1.00000000e+00
1  2
    4.59880600e-01    1.00000000e+00
1  2
    1.62787600e-01    1.00000000e+00
1  3
    9.96797190e+00    1.00000000e+00
1  3
    3.21525050e+00    1.00000000e+00
1  3
    1.10740410e+00    1.00000000e+00
1  3
    4.00821300e-01    1.00000000e+00
1  3
    1.49644300e-01    1.00000000e+00
1  3
    5.64615000e-02    1.00000000e+00
1  4
    2.42917814e+01    1.00000000e+00
1  4
    9.33469840e+00    1.00000000e+00
1  4
    3.60923720e+00    1.00000000e+00
1  4
    1.40168630e+00    1.00000000e+00
1  4
    5.45811300e-01    1.00000000e+00
1  4
    2.12725900e-01    1.00000000e+00
1  5
    1.05522783e+01    1.00000000e+00
1  5
    2.37444610e+00    1.00000000e+00
1  5
    5.39341800e-01    1.00000000e+00
1  6
    4.60221237e+01    1.00000000e+00
1  6
    1.94387718e+01    1.00000000e+00
1  6
    8.25126940e+00    1.00000000e+00
1  6
    3.51291550e+00    1.00000000e+00
1  6
    1.49708740e+00    1.00000000e+00
