24
10  0
    1.16069000e+04    2.90000000e-05
    1.75480000e+03    2.06000000e-04
    3.97178000e+02    8.07000000e-04
    9.02990000e+01    2.47100000e-03
    3.14890000e+01   -4.00250000e-02
    1.96685000e+01    1.63152000e-01
    7.06759000e+00   -5.56983000e-01
    4.41490000e+00   -1.69932000e-01
    2.16356000e+00    6.51028000e-01
    1.14280000e+00    6.31685000e-01
10  0
    1.16069000e+04   -1.10000000e-05
    1.75480000e+03   -8.00000000e-05
    3.97178000e+02   -3.30000000e-04
    9.02990000e+01   -8.62000000e-04
    3.14890000e+01    1.35950000e-02
    1.96685000e+01   -5.91970000e-02
    7.06759000e+00    2.38957000e-01
    4.41490000e+00    2.83770000e-02
    2.16356000e+00   -2.90164000e-01
    1.14280000e+00   -4.23859000e-01
1  0
    5.79540000e-01    1.00000000e+00
1  0
    2.60787000e-01    1.00000000e+00
1  0
    1.18895000e-01    1.00000000e+00
1  0
    5.31420000e-02    1.00000000e+00
1  0
    2.18000000e-02    1.00000000e+00
7  1
    1.95495000e+02    2.58000000e-04
    1.82563000e+01    4.43410000e-02
    1.14094000e+01   -1.09142000e-01
    6.90567000e+00   -1.38606000e-01
    2.98206000e+00    3.43743000e-01
    1.60843000e+00    5.18271000e-01
    8.31767000e-01    2.78706000e-01
7  1
    1.95495000e+02   -7.30000000e-05
    1.82563000e+01   -1.26360000e-02
    1.14094000e+01    3.37390000e-02
    6.90567000e+00    3.32420000e-02
    2.98206000e+00   -1.10750000e-01
    1.60843000e+00   -1.63179000e-01
    8.31767000e-01   -1.07461000e-01
1  1
    3.93731000e-01    1.00000000e+00
1  1
    1.81801000e-01    1.00000000e+00
1  1
    8.18500000e-02    1.00000000e+00
1  1
    3.59930000e-02    1.00000000e+00
1  1
    1.45000000e-02    1.00000000e+00
9  2
    3.08502000e+02    5.30000000e-05
    9.36846000e+01    4.41000000e-04
    3.42925000e+01    2.57800000e-03
    1.37172000e+01   -1.26510000e-02
    6.44947000e+00    2.67690000e-02
    3.88272000e+00    1.59133000e-01
    2.29135000e+00    2.86700000e-01
    1.31127000e+00    3.23003000e-01
    7.30210000e-01    2.47548000e-01
1  2
    3.94411000e-01    1.00000000e+00
1  2
    2.03180000e-01    1.00000000e+00
1  2
    8.66000000e-02    1.00000000e+00
1  2
    3.36000000e-02    1.00000000e+00
1  3
    4.31500000e-01    1.00000000e+00
1  3
    1.77200000e-01    1.00000000e+00
1  3
    7.30000000e-02    1.00000000e+00
1  4
    3.77400000e-01    1.00000000e+00
1  4
    1.72000000e-01    1.00000000e+00
