25
11  0
    4.15249000e+04    6.00000000e-06
    6.00075000e+03    4.80000000e-05
    1.32631000e+03    2.40000000e-04
    3.63711000e+02    7.77000000e-04
    9.79293000e+01    1.88500000e-03
    3.00010000e+01   -4.02990000e-02
    1.87349000e+01    1.88381000e-01
    9.10433000e+00   -2.21278000e-01
    5.57143000e+00   -5.99729000e-01
    3.37428000e+00    2.46610000e-01
    1.69213000e+00    7.83012000e-01
11  0
    4.15249000e+04   -2.00000000e-06
    6.00075000e+03   -1.90000000e-05
    1.32631000e+03   -9.40000000e-05
    3.63711000e+02   -3.13000000e-04
    9.79293000e+01   -7.07000000e-04
    3.00010000e+01    1.44380000e-02
    1.87349000e+01   -7.10470000e-02
    9.10433000e+00    1.00763000e-01
    5.57143000e+00    2.24878000e-01
    3.37428000e+00   -1.22721000e-01
    1.69213000e+00   -3.89172000e-01
1  0
    8.75497000e-01    1.00000000e+00
1  0
    3.70553000e-01    1.00000000e+00
1  0
    2.05247000e-01    1.00000000e+00
1  0
    9.96540000e-02    1.00000000e+00
1  0
    4.70050000e-02    1.00000000e+00
8  1
    4.84073000e+02    6.60000000e-05
    1.07979000e+02    4.42000000e-04
    3.60268000e+01   -3.23600000e-03
    2.24952000e+01    2.63630000e-02
    9.40565000e+00   -1.53933000e-01
    5.87791000e+00   -7.58040000e-02
    2.92509000e+00    3.72388000e-01
    1.54990000e+00    5.20309000e-01
8  1
    4.84073000e+02   -1.90000000e-05
    1.07979000e+02   -1.21000000e-04
    3.60268000e+01    8.09000000e-04
    2.24952000e+01   -7.08200000e-03
    9.40565000e+00    4.59760000e-02
    5.87791000e+00    1.38370000e-02
    2.92509000e+00   -1.16106000e-01
    1.54990000e+00   -1.68705000e-01
1  1
    7.94091000e-01    1.00000000e+00
1  1
    3.64090000e-01    1.00000000e+00
1  1
    1.70826000e-01    1.00000000e+00
1  1
    7.80380000e-02    1.00000000e+00
1  1
    3.48330000e-02    1.00000000e+00
9  2
    6.64308000e+02    1.00000000e-05
    2.07972000e+02    8.80000000e-05
    8.11454000e+01    4.88000000e-04
    3.31164000e+01    2.57800000e-03
    1.37707000e+01   -1.26880000e-02
    6.20542000e+00    3.42470000e-02
    3.64033000e+00    1.89762000e-01
    2.06411000e+00    3.20493000e-01
    1.14052000e+00    3.27400000e-01
1  2
    6.18067000e-01    1.00000000e+00
1  2
    3.26252000e-01    1.00000000e+00
1  2
    1.65692000e-01    1.00000000e+00
1  2
    7.54000000e-02    1.00000000e+00
1  3
    5.25100000e-01    1.00000000e+00
1  3
    2.66300000e-01    1.00000000e+00
1  3
    1.35100000e-01    1.00000000e+00
1  4
    5.32500000e-01    1.00000000e+00
1  4
    2.54200000e-01    1.00000000e+00
1  5
    4.68100000e-01    1.00000000e+00
