23
1  0
    1.06060000e+01    1.00000000e+00
1  0
    5.71624000e+00    1.00000000e+00
1  0
    2.86543000e+00    1.00000000e+00
1  0
    1.26539000e+00    1.00000000e+00
1  0
    4.92833000e-01    1.00000000e+00
1  0
    2.51243000e-01    1.00000000e+00
1  0
    1.53380000e-01    1.00000000e+00
1  1
    4.95193000e+00    1.00000000e+00
1  1
    3.51892000e+00    1.00000000e+00
1  1
    1.76282000e+00    1.00000000e+00
1  1
    6.39469000e-01    1.00000000e+00
1  1
    3.24823000e-01    1.00000000e+00
1  1
    1.70242000e-01    1.00000000e+00
1  2
    9.85647000e+00    1.00000000e+00
1  2
    3.24766000e+00    1.00000000e+00
1  2
    1.35781000e+00    1.00000000e+00
1  2
    3.46348000e-01    1.00000000e+00
1  2
    1.83583000e-01    1.00000000e+00
1  3
    4.12963000e+00    1.00000000e+00
1  3
    1.04268000e+00    1.00000000e+00
1  3
    3.17102000e-01    1.00000000e+00
1  4
    4.38195000e+00    1.00000000e+00
1  4
    6.41279000e-01    1.00000000e+00
