20
1  0
    2.04375000e+05    1.00000000e+00
1  0
    3.40620000e+04    1.00000000e+00
1  0
    6.81200000e+03    1.00000000e+00
1  0
    1.36200000e+03    1.00000000e+00
1  0
    2.72000000e+02    1.00000000e+00
1  0
    6.52000000e+01    1.00000000e+00
1  1
    6.52000000e+01    1.00000000e+00
1  0
    1.09000000e+01    1.00000000e+00
1  1
    1.09000000e+01    1.00000000e+00
1  0
    2.18000000e+00    1.00000000e+00
1  1
    2.18000000e+00    1.00000000e+00
1  0
    4.35000000e-01    1.00000000e+00
1  1
    4.35000000e-01    1.00000000e+00
1  0
    8.70000000e-02    1.00000000e+00
1  1
    8.70000000e-02    1.00000000e+00
1  2
    6.52000000e+01    1.00000000e+00
1  2
    1.09000000e+01    1.00000000e+00
1  2
    2.18000000e+00    1.00000000e+00
1  2
    4.35000000e-01    1.00000000e+00
1  2
    8.70000000e-02    1.00000000e+00
