22
3  0
    2.01979613e+01    2.23939373e-02
    1.08801084e+01   -1.43307648e-01
    2.77453870e+00    5.32785271e-01
9  0
    1.16069000e+04    2.90000000e-05
    1.75480000e+03    2.06000000e-04
    3.97178000e+02    8.07000000e-04
    9.02990000e+01    2.47100000e-03
    3.14890000e+01   -4.00250000e-02
    1.96685000e+01    1.63152000e-01
    7.06759000e+00   -5.56983000e-01
    4.41490000e+00   -1.69932000e-01
    2.16356000e+00    6.51028000e-01
1  0
    1.14409777e+00    1.00000000e+00
1  0
    5.85500563e-01    1.00000000e+00
1  0
    2.53170898e-01    1.00000000e+00
1  0
    1.15994616e-01    1.00000000e+00
1  0
    5.22335841e-02    1.00000000e+00
3  1
    1.33040657e+01   -2.06947754e-02
    3.41935036e+00    3.36545930e-01
    1.23828996e+00    7.13977571e-01
7  1
    1.95495000e+02    2.58000000e-04
    1.82563000e+01    4.43410000e-02
    1.14094000e+01   -1.09142000e-01
    6.90567000e+00   -1.38606000e-01
    2.98206000e+00    3.43743000e-01
    1.60843000e+00    5.18271000e-01
    8.31767000e-01    2.78706000e-01
1  1
    3.92653003e-01    1.00000000e+00
1  1
    1.93130597e-01    1.00000000e+00
1  1
    8.64435187e-02    1.00000000e+00
1  1
    3.73506847e-02    1.00000000e+00
8  2
    1.43821342e+02    2.61656029e-04
    4.10399408e+01    2.15621173e-03
    1.15089992e+01   -2.47712866e-02
    8.43126128e+00    2.90221634e-02
    4.01800013e+00    1.61713446e-01
    2.31220218e+00    2.92135216e-01
    1.31685625e+00    3.22410373e-01
    7.37291267e-01    2.46294330e-01
1  2
    4.01094728e-01    1.00000000e+00
1  2
    2.05933545e-01    1.00000000e+00
1  2
    8.66000000e-02    1.00000000e+00
1  3
    4.79888939e+00    1.00000000e+00
1  3
    1.59154000e+00    1.00000000e+00
1  3
    4.31500000e-01    1.00000000e+00
1  3
    1.77200000e-01    1.00000000e+00
1  4
    3.77400000e-01    1.00000000e+00
