16
4  0
    1.57707159e+03    1.70427677e-04
    2.35266011e+02    8.14670573e-04
    3.82063306e+01   -3.90579043e-03
    1.30970318e+01    5.32459223e-01
2  0
    1.16814928e+01    1.54352873e+00
    5.96476044e+00    7.64215100e-01
1  0
    1.88910707e+00    1.00000000e+00
1  0
    8.85140806e-01    1.00000000e+00
1  0
    2.05001052e-01    1.00000000e+00
1  0
    7.67485510e-02    1.00000000e+00
3  1
    2.21557675e+02    3.11251780e-04
    2.10840214e+01    3.11080970e-02
    8.76001385e+00   -2.75715609e-01
3  1
    2.59129097e+00    4.59123287e-01
    1.34268012e+00    4.96828672e-01
    6.77327358e-01    1.89623778e-01
1  1
    2.94187568e-01    1.00000000e+00
1  1
    1.18637621e-01    1.00000000e+00
1  1
    4.62157506e-02    1.00000000e+00
6  2
    1.08332102e+02    4.65618533e-04
    2.37039366e+01    5.40631631e-02
    2.23398439e+01   -5.89287689e-02
    4.08748340e+00    1.95885009e-01
    1.97373541e+00    4.23017992e-01
    9.01582577e-01    3.92527162e-01
1  2
    3.82371536e-01    1.00000000e+00
1  2
    1.20000000e-01    1.00000000e+00
1  3
    1.00000000e+00    1.00000000e+00
1  3
    2.93928485e-01    1.00000000e+00
