40
1  0
    9.19419395e+05    1.00000000e+00
1  0
    3.66589830e+05    1.00000000e+00
1  0
    1.50487753e+05    1.00000000e+00
1  0
    6.35723147e+04    1.00000000e+00
1  0
    2.76212813e+04    1.00000000e+00
1  0
    1.23356042e+04    1.00000000e+00
1  0
    5.65870790e+03    1.00000000e+00
1  0
    2.66428053e+03    1.00000000e+00
1  0
    1.28640854e+03    1.00000000e+00
1  0
    6.36368171e+02    1.00000000e+00
1  0
    3.22200217e+02    1.00000000e+00
1  0
    1.66782608e+02    1.00000000e+00
1  0
    8.81586959e+01    1.00000000e+00
1  0
    4.75240323e+01    1.00000000e+00
1  0
    2.60916945e+01    1.00000000e+00
1  0
    1.45681091e+01    1.00000000e+00
1  0
    8.25947267e+00    1.00000000e+00
1  0
    4.74737209e+00    1.00000000e+00
1  0
    2.76171768e+00    1.00000000e+00
1  0
    1.62321529e+00    1.00000000e+00
1  0
    9.62200270e-01    1.00000000e+00
1  0
    5.74180760e-01    1.00000000e+00
1  0
    3.44279110e-01    1.00000000e+00
1  0
    2.07025970e-01    1.00000000e+00
1  0
    1.24611220e-01    1.00000000e+00
1  0
    7.50000000e-01    1.00000000e+00
1  1
    4.22491320e+00    1.00000000e+00
1  1
    1.58674530e+00    1.00000000e+00
1  1
    5.87091600e-01    1.00000000e+00
1  1
    2.15306000e-01    1.00000000e+00
1  1
    7.87283000e-02    1.00000000e+00
1  2
    3.19231800e+00    1.00000000e+00
1  2
    1.30677800e+00    1.00000000e+00
1  2
    5.38409800e-01    1.00000000e+00
1  2
    2.22701000e-01    1.00000000e+00
1  2
    9.22357000e-02    1.00000000e+00
1  3
    1.49662520e+00    1.00000000e+00
1  3
    6.16706600e-01    1.00000000e+00
1  3
    2.53650000e-01    1.00000000e+00
1  4
    5.74715700e-01    1.00000000e+00
