22
1  0
    6.00000000e+04    1.00000000e+00
1  0
    1.23000000e+04    1.00000000e+00
1  0
    3.10000000e+03    1.00000000e+00
1  0
    7.70000000e+02    1.00000000e+00
1  0
    1.92000000e+02    1.00000000e+00
1  0
    4.70000000e-02    1.00000000e+00
1  1
    4.70000000e-02    1.00000000e+00
1  0
    6.00000000e+01    1.00000000e+00
1  1
    6.00000000e+01    1.00000000e+00
1  0
    1.20000000e+01    1.00000000e+00
1  1
    1.20000000e+01    1.00000000e+00
1  0
    3.00000000e+00    1.00000000e+00
1  1
    3.00000000e+00    1.00000000e+00
1  0
    7.52200000e-01    1.00000000e+00
1  1
    7.52200000e-01    1.00000000e+00
1  0
    1.88000000e-01    1.00000000e+00
1  1
    1.88000000e-01    1.00000000e+00
1  2
    6.00000000e+01    1.00000000e+00
1  2
    1.20000000e+01    1.00000000e+00
1  2
    3.00000000e+00    1.00000000e+00
1  2
    7.52200000e-01    1.00000000e+00
1  2
    1.88000000e-01    1.00000000e+00
