39
1  0
    4.03308605e+05    1.00000000e+00
1  0
    1.72807584e+05    1.00000000e+00
1  0
    7.55708458e+04    1.00000000e+00
1  0
    3.37124585e+04    1.00000000e+00
1  0
    1.53331915e+04    1.00000000e+00
1  0
    7.10598876e+03    1.00000000e+00
1  0
    3.35345390e+03    1.00000000e+00
1  0
    1.61043837e+03    1.00000000e+00
1  0
    7.86447667e+02    1.00000000e+00
1  0
    3.90248685e+02    1.00000000e+00
1  0
    1.96613340e+02    1.00000000e+00
1  0
    1.00489514e+02    1.00000000e+00
1  0
    5.20575537e+01    1.00000000e+00
1  0
    2.73089003e+01    1.00000000e+00
1  0
    1.44933295e+01    1.00000000e+00
1  0
    7.77403174e+00    1.00000000e+00
1  0
    4.21012419e+00    1.00000000e+00
1  0
    2.29962421e+00    1.00000000e+00
1  0
    1.26550241e+00    1.00000000e+00
1  0
    7.00863060e-01    1.00000000e+00
1  0
    3.90191730e-01    1.00000000e+00
1  0
    2.18122480e-01    1.00000000e+00
1  0
    1.22291670e-01    1.00000000e+00
1  0
    6.86846400e-02    1.00000000e+00
1  0
    3.85991800e-02    1.00000000e+00
1  1
    1.24814430e+00    1.00000000e+00
1  1
    6.13426500e-01    1.00000000e+00
1  1
    2.97246900e-01    1.00000000e+00
1  1
    1.42832700e-01    1.00000000e+00
1  1
    6.84432000e-02    1.00000000e+00
1  2
    6.88189400e+00    1.00000000e+00
1  2
    2.29499670e+00    1.00000000e+00
1  2
    7.55420700e-01    1.00000000e+00
1  2
    2.46734900e-01    1.00000000e+00
1  2
    8.03815000e-02    1.00000000e+00
1  3
    1.14087010e+00    1.00000000e+00
1  3
    3.64167500e-01    1.00000000e+00
1  3
    1.17318400e-01    1.00000000e+00
1  4
    5.83116600e-01    1.00000000e+00
