37
1  0
    6.06337000e+00    1.00000000e+00
1  0
    3.66647000e+00    1.00000000e+00
1  0
    2.24691000e+00    1.00000000e+00
1  0
    1.44106000e+00    1.00000000e+00
1  0
    5.99689000e-01    1.00000000e+00
1  0
    2.95784000e-01    1.00000000e+00
1  0
    1.32118000e-01    1.00000000e+00
1  0
    7.90038000e-02    1.00000000e+00
1  1
    5.66057000e+00    1.00000000e+00
1  1
    3.26116000e+00    1.00000000e+00
1  1
    2.21721000e+00    1.00000000e+00
1  1
    1.05946000e+00    1.00000000e+00
1  1
    4.56268000e-01    1.00000000e+00
1  1
    2.15655000e-01    1.00000000e+00
1  1
    1.19068000e-01    1.00000000e+00
1  1
    7.05845000e-02    1.00000000e+00
1  2
    5.58076000e+00    1.00000000e+00
1  2
    3.57911000e+00    1.00000000e+00
1  2
    2.01028000e+00    1.00000000e+00
1  2
    9.50254000e-01    1.00000000e+00
1  2
    3.90734000e-01    1.00000000e+00
1  2
    1.85189000e-01    1.00000000e+00
1  2
    9.14022000e-02    1.00000000e+00
1  3
    4.03147000e+00    1.00000000e+00
1  3
    2.15640000e+00    1.00000000e+00
1  3
    1.00342000e+00    1.00000000e+00
1  3
    5.51925000e-01    1.00000000e+00
1  3
    2.96537000e-01    1.00000000e+00
1  3
    1.74658000e-01    1.00000000e+00
1  4
    1.57534000e+00    1.00000000e+00
1  4
    8.45086000e-01    1.00000000e+00
1  4
    4.89170000e-01    1.00000000e+00
1  4
    2.06572000e-01    1.00000000e+00
1  5
    1.28871000e+00    1.00000000e+00
1  5
    6.38575000e-01    1.00000000e+00
1  5
    3.89367000e-01    1.00000000e+00
1  6
    8.65717000e-01    1.00000000e+00
