23
13  0
    7.37813000e+01    1.08400000e-03
    4.60585000e+01   -1.06880000e-02
    2.87729000e+01    7.02380000e-02
    1.79697000e+01   -3.18800000e-01
    1.12263000e+01    7.50417000e-01
    7.00332000e+00   -5.23720000e-01
    3.63341000e+00   -5.60569000e-01
    1.91047000e+00    4.17880000e-02
    1.13251000e+00    5.89184000e-01
    6.37115000e-01    5.66400000e-01
    3.43012000e-01    1.78811000e-01
    1.30426000e-01    6.94200000e-03
    5.97240000e-02   -3.46800000e-03
13  0
    7.37813000e+01   -2.13000000e-04
    4.60585000e+01    2.55900000e-03
    2.87729000e+01   -1.93980000e-02
    1.79697000e+01    9.49430000e-02
    1.12263000e+01   -2.32705000e-01
    7.00332000e+00    1.66998000e-01
    3.63341000e+00    1.92781000e-01
    1.91047000e+00   -1.50810000e-02
    1.13251000e+00   -2.34986000e-01
    6.37115000e-01   -3.48700000e-01
    3.43012000e-01   -1.64702000e-01
    1.30426000e-01    4.03367000e-01
    5.97240000e-02    6.38668000e-01
13  0
    7.37813000e+01    9.88000000e-04
    4.60585000e+01   -3.37800000e-03
    2.87729000e+01   -9.63800000e-03
    1.79697000e+01    1.13385000e-01
    1.12263000e+01   -3.23042000e-01
    7.00332000e+00    1.97373000e-01
    3.63341000e+00    4.72113000e-01
    1.91047000e+00   -2.41103000e-01
    1.13251000e+00   -1.26790000e-01
    6.37115000e-01   -1.59062800e+00
    3.43012000e-01    1.15899000e+00
    1.30426000e-01    1.73775900e+00
    5.97240000e-02   -1.19177800e+00
13  0
    7.37813000e+01    9.14000000e-04
    4.60585000e+01   -1.87900000e-03
    2.87729000e+01   -2.42770000e-02
    1.79697000e+01    1.94808000e-01
    1.12263000e+01   -5.40009000e-01
    7.00332000e+00    3.65002000e-01
    3.63341000e+00    7.12713000e-01
    1.91047000e+00   -1.53729000e-01
    1.13251000e+00   -1.51671700e+00
    6.37115000e-01   -1.52676200e+00
    3.43012000e-01    4.55239100e+00
    1.30426000e-01   -2.73082400e+00
    5.97240000e-02   -4.29594000e-01
13  0
    7.37813000e+01   -1.37090000e-02
    4.60585000e+01    8.19450000e-02
    2.87729000e+01   -2.81923000e-01
    1.79697000e+01    7.59478000e-01
    1.12263000e+01   -1.47864700e+00
    7.00332000e+00    1.42651900e+00
    3.63341000e+00   -5.64173000e-01
    1.91047000e+00    3.41659500e+00
    1.13251000e+00   -1.01513490e+01
    6.37115000e-01    1.04775230e+01
    3.43012000e-01   -3.17268000e+00
    1.30426000e-01   -3.36292100e+00
    5.97240000e-02    5.13205400e+00
1  0
    2.72230000e-02    1.00000000e+00
10  1
    2.79136000e+01    4.06100000e-03
    1.74530000e+01   -3.58630000e-02
    1.09180000e+01    1.19934000e-01
    5.03008000e+00   -3.03645000e-01
    1.27175000e+00    4.44567000e-01
    6.51941000e-01    4.75010000e-01
    3.39356000e-01    2.11918000e-01
    1.77536000e-01    3.61900000e-02
    8.63880000e-02    5.45500000e-03
    4.16460000e-02   -1.94000000e-04
10  1
    2.79136000e+01   -9.88000000e-04
    1.74530000e+01    9.61200000e-03
    1.09180000e+01   -3.38360000e-02
    5.03008000e+00    8.98790000e-02
    1.27175000e+00   -1.49674000e-01
    6.51941000e-01   -2.00763000e-01
    3.39356000e-01   -8.19650000e-02
    1.77536000e-01    2.00106000e-01
    8.63880000e-02    4.66124000e-01
    4.16460000e-02    4.10063000e-01
10  1
    2.79136000e+01   -1.45000000e-03
    1.74530000e+01    1.43690000e-02
    1.09180000e+01   -5.09460000e-02
    5.03008000e+00    1.35946000e-01
    1.27175000e+00   -2.28298000e-01
    6.51941000e-01   -3.23398000e-01
    3.39356000e-01   -1.09186000e-01
    1.77536000e-01    5.31307000e-01
    8.63880000e-02    5.69013000e-01
    4.16460000e-02    1.05673000e-01
10  1
    2.79136000e+01   -3.42000000e-03
    1.74530000e+01    2.90570000e-02
    1.09180000e+01   -9.75450000e-02
    5.03008000e+00    2.60385000e-01
    1.27175000e+00   -5.64360000e-01
    6.51941000e-01   -7.74252000e-01
    3.39356000e-01    1.23236000e+00
    1.77536000e-01    7.95521000e-01
    8.63880000e-02   -9.25799000e-01
    4.16460000e-02   -3.36050000e-01
10  1
    2.79136000e+01    7.71800000e-03
    1.74530000e+01   -5.56400000e-02
    1.09180000e+01    1.74750000e-01
    5.03008000e+00   -4.76737000e-01
    1.27175000e+00    1.92847900e+00
    6.51941000e-01   -1.16874400e+00
    3.39356000e-01   -2.24226200e+00
    1.77536000e-01    3.08106000e+00
    8.63880000e-02   -7.86663000e-01
    4.16460000e-02   -5.43660000e-01
1  1
    1.97310000e-02    1.00000000e+00
9  2
    4.72399000e+01    2.60000000e-05
    1.31212000e+01   -1.48100000e-03
    7.94103000e+00    1.78090000e-02
    4.57891000e+00   -6.90840000e-02
    1.37286000e+00    1.59648000e-01
    7.00600000e-01    2.98154000e-01
    3.47221000e-01    3.48099000e-01
    1.66986000e-01    2.86749000e-01
    7.75680000e-02    1.43890000e-01
9  2
    4.72399000e+01    5.00000000e-06
    1.31212000e+01    1.05900000e-03
    7.94103000e+00   -1.88100000e-02
    4.57891000e+00    8.00010000e-02
    1.37286000e+00   -2.13805000e-01
    7.00600000e-01   -4.25256000e-01
    3.47221000e-01   -2.27703000e-01
    1.66986000e-01    3.96024000e-01
    7.75680000e-02    5.18878000e-01
9  2
    4.72399000e+01   -6.10000000e-05
    1.31212000e+01   -4.51000000e-04
    7.94103000e+00    2.40590000e-02
    4.57891000e+00   -1.16680000e-01
    1.37286000e+00    4.37511000e-01
    7.00600000e-01    5.80763000e-01
    3.47221000e-01   -6.90320000e-01
    1.66986000e-01   -6.82531000e-01
    7.75680000e-02    6.45386000e-01
9  2
    4.72399000e+01    6.04000000e-04
    1.31212000e+01   -1.13380000e-02
    7.94103000e+00    6.59210000e-02
    4.57891000e+00   -2.13301000e-01
    1.37286000e+00    1.02029300e+00
    7.00600000e-01   -1.15146000e-01
    3.47221000e-01   -1.73822100e+00
    1.66986000e-01    1.74982000e+00
    7.75680000e-02   -2.07340000e-01
1  2
    3.40580000e-02    1.00000000e+00
1  3
    9.63400000e-01    1.00000000e+00
1  3
    3.65100000e-01    1.00000000e+00
1  3
    1.38400000e-01    1.00000000e+00
1  4
    8.97000000e-01    1.00000000e+00
1  4
    2.86200000e-01    1.00000000e+00
1  5
    5.53200000e-01    1.00000000e+00
