17
9  0
    2.71236000e+01    3.10530000e-02
    1.69695000e+01   -2.56246000e-01
    1.06228000e+01    7.53704000e-01
    6.64493000e+00   -6.22181000e-01
    3.59480000e+00   -4.70936000e-01
    1.05044000e+00    7.95744000e-01
    4.92835000e-01    5.32076000e-01
    1.48736000e-01    3.59520000e-02
    7.22280000e-02   -1.30440000e-02
9  0
    2.71236000e+01   -9.03800000e-03
    1.69695000e+01    7.76200000e-02
    1.06228000e+01   -2.35116000e-01
    6.64493000e+00    1.98568000e-01
    3.59480000e+00    1.64353000e-01
    1.05044000e+00   -3.36773000e-01
    4.92835000e-01   -3.94846000e-01
    1.48736000e-01    2.23004000e-01
    7.22280000e-02    6.88639000e-01
9  0
    2.71236000e+01   -3.69400000e-03
    1.69695000e+01    7.41990000e-02
    1.06228000e+01   -2.66732000e-01
    6.64493000e+00    1.63874000e-01
    3.59480000e+00    4.54291000e-01
    1.05044000e+00   -1.03876900e+00
    4.92835000e-01   -2.84023000e-01
    1.48736000e-01    2.46317300e+00
    7.22280000e-02   -1.17246500e+00
9  0
    2.71236000e+01    1.99390000e-02
    1.69695000e+01   -1.19830000e-02
    1.06228000e+01   -1.26319000e-01
    6.64493000e+00   -1.07252000e-01
    3.59480000e+00    1.08581500e+00
    1.05044000e+00   -3.36981200e+00
    4.92835000e-01    3.21640700e+00
    1.48736000e-01    3.28436000e-01
    7.22280000e-02   -2.78615800e+00
1  0
    3.09970000e-02    1.00000000e+00
8  1
    1.55273000e+01   -2.47840000e-02
    9.72593000e+00    1.41271000e-01
    5.23803000e+00   -3.27328000e-01
    1.22702000e+00    4.83439000e-01
    6.05381000e-01    4.83952000e-01
    2.96314000e-01    1.81262000e-01
    1.30511000e-01    1.83560000e-02
    5.71160000e-02    1.40100000e-03
8  1
    1.55273000e+01    6.81800000e-03
    9.72593000e+00   -4.02940000e-02
    5.23803000e+00    9.66590000e-02
    1.22702000e+00   -1.63371000e-01
    6.05381000e-01   -2.14218000e-01
    2.96314000e-01   -2.32540000e-02
    1.30511000e-01    3.81455000e-01
    5.71160000e-02    5.52439000e-01
8  1
    1.55273000e+01    1.00470000e-02
    9.72593000e+00   -6.01510000e-02
    5.23803000e+00    1.45277000e-01
    1.22702000e+00   -2.44829000e-01
    6.05381000e-01   -3.63717000e-01
    2.96314000e-01    6.50640000e-02
    1.30511000e-01    7.63942000e-01
    5.71160000e-02    3.23732000e-01
8  1
    1.55273000e+01    2.06680000e-02
    9.72593000e+00   -1.17783000e-01
    5.23803000e+00    2.83287000e-01
    1.22702000e+00   -6.45177000e-01
    6.05381000e-01   -6.69848000e-01
    2.96314000e-01    1.69528600e+00
    1.30511000e-01   -5.13130000e-02
    5.71160000e-02   -8.98572000e-01
1  1
    2.46790000e-02    1.00000000e+00
7  2
    1.21917000e+01   -1.75600000e-03
    7.61613000e+00    2.29090000e-02
    4.75954000e+00   -7.15900000e-02
    1.27590000e+00    1.99775000e-01
    5.92946000e-01    3.62873000e-01
    2.64287000e-01    3.84630000e-01
    1.12495000e-01    2.50411000e-01
7  2
    1.21917000e+01    1.46800000e-03
    7.61613000e+00   -2.48100000e-02
    4.75954000e+00    8.29610000e-02
    1.27590000e+00   -2.72571000e-01
    5.92946000e-01   -4.89072000e-01
    2.64287000e-01   -1.63500000e-03
    1.12495000e-01    6.45382000e-01
7  2
    1.21917000e+01   -3.48000000e-03
    7.61613000e+00    4.08190000e-02
    4.75954000e+00   -1.31487000e-01
    1.27590000e+00    5.87811000e-01
    5.92946000e-01    4.02498000e-01
    2.64287000e-01   -1.16858400e+00
    1.12495000e-01    1.60741000e-01
1  2
    4.47800000e-02    1.00000000e+00
1  3
    6.95100000e-01    1.00000000e+00
1  3
    2.08600000e-01    1.00000000e+00
1  4
    4.78000000e-01    1.00000000e+00
