20
4  0
    2.44736509e+01    2.05375158e-01
    1.87213725e+01   -7.44774457e-01
    1.15000000e+01    3.40677710e+00
    1.03500000e+01   -2.82224003e+00
1  0
    3.81254146e+00    1.00000000e+00
1  0
    1.05074306e+00    1.00000000e+00
1  0
    4.97322758e-01    1.00000000e+00
1  0
    1.56026510e-01    1.00000000e+00
1  0
    7.50564424e-02    1.00000000e+00
1  0
    3.16326688e-02    1.00000000e+00
4  1
    1.70000000e+01   -3.25773056e-02
    1.20081865e+01    1.03362874e-01
    5.02787606e+00   -2.85265217e-01
    1.19371242e+00    5.17901412e-01
1  1
    5.78897071e-01    1.00000000e+00
1  1
    2.72251988e-01    1.00000000e+00
1  1
    1.00000000e-01    1.00000000e+00
1  1
    4.17000000e-02    1.00000000e+00
3  2
    7.14197630e+00    8.86068142e-02
    5.76968692e+00   -1.71569622e-01
    1.21994839e+00    5.35476935e-01
1  2
    5.23660342e-01    1.00000000e+00
1  2
    2.13848088e-01    1.00000000e+00
1  2
    8.02542567e-02    1.00000000e+00
1  3
    9.50700000e-01    1.00000000e+00
1  3
    3.73860000e-01    1.00000000e+00
1  3
    1.47020000e-01    1.00000000e+00
1  4
    4.01650000e-01    1.00000000e+00
