67
1  0
    1.29484669e+07    1.00000000e+00
1  0
    5.30453291e+06    1.00000000e+00
1  0
    2.22739694e+06    1.00000000e+00
1  0
    9.58490631e+05    1.00000000e+00
1  0
    4.22593827e+05    1.00000000e+00
1  0
    1.90851283e+05    1.00000000e+00
1  0
    8.82634630e+04    1.00000000e+00
1  0
    4.17871727e+04    1.00000000e+00
1  0
    2.02454549e+04    1.00000000e+00
1  0
    1.00337775e+04    1.00000000e+00
1  0
    5.08471238e+03    1.00000000e+00
1  0
    2.63346806e+03    1.00000000e+00
1  0
    1.39323927e+03    1.00000000e+00
1  0
    7.52517404e+02    1.00000000e+00
1  0
    4.14704024e+02    1.00000000e+00
1  0
    2.33028233e+02    1.00000000e+00
1  0
    1.33421220e+02    1.00000000e+00
1  0
    7.77793638e+01    1.00000000e+00
1  0
    4.61300021e+01    1.00000000e+00
1  0
    2.78111018e+01    1.00000000e+00
1  0
    1.70288093e+01    1.00000000e+00
1  0
    1.05798019e+01    1.00000000e+00
1  0
    6.66306937e+00    1.00000000e+00
1  0
    4.24944609e+00    1.00000000e+00
1  0
    2.74151906e+00    1.00000000e+00
1  0
    1.78720387e+00    1.00000000e+00
1  0
    1.17594795e+00    1.00000000e+00
1  0
    7.80056950e-01    1.00000000e+00
1  0
    5.21037580e-01    1.00000000e+00
1  0
    3.50014130e-01    1.00000000e+00
1  0
    2.36176120e-01    1.00000000e+00
1  0
    1.59872210e-01    1.00000000e+00
1  0
    1.08428660e-01    1.00000000e+00
1  0
    7.35857300e-02    1.00000000e+00
1  1
    7.42432390e+00    1.00000000e+00
1  1
    3.41326700e+00    1.00000000e+00
1  1
    1.57026230e+00    1.00000000e+00
1  1
    7.22767700e-01    1.00000000e+00
1  1
    3.32801900e-01    1.00000000e+00
1  1
    1.53274200e-01    1.00000000e+00
1  1
    7.05967000e-02    1.00000000e+00
1  2
    7.70086580e+00    1.00000000e+00
1  2
    3.79932070e+00    1.00000000e+00
1  2
    1.87482310e+00    1.00000000e+00
1  2
    9.25289100e-01    1.00000000e+00
1  2
    4.56701300e-01    1.00000000e+00
1  2
    2.25423800e-01    1.00000000e+00
1  3
    8.92071330e+00    1.00000000e+00
1  3
    3.56553530e+00    1.00000000e+00
1  3
    1.42707730e+00    1.00000000e+00
1  3
    5.71738700e-01    1.00000000e+00
1  3
    2.29194500e-01    1.00000000e+00
1  3
    9.18960000e-02    1.00000000e+00
1  4
    3.15347899e+01    1.00000000e+00
1  4
    1.16959686e+01    1.00000000e+00
1  4
    4.35533510e+00    1.00000000e+00
1  4
    1.62649780e+00    1.00000000e+00
1  4
    6.08464100e-01    1.00000000e+00
1  4
    2.27754400e-01    1.00000000e+00
1  5
    2.48299950e+00    1.00000000e+00
1  5
    5.59202700e-01    1.00000000e+00
1  5
    1.26478800e-01    1.00000000e+00
1  6
    4.14692912e+01    1.00000000e+00
1  6
    1.64965837e+01    1.00000000e+00
1  6
    6.62153400e+00    1.00000000e+00
1  6
    2.67225820e+00    1.00000000e+00
1  6
    1.08040390e+00    1.00000000e+00
