14
3  0
    9.32948200e+03    6.17120000e-02
    1.41250600e+03    3.69337000e-01
    3.10264300e+02    6.88472000e-01
3  0
    4.18817500e+02   -1.12403000e-01
    9.12507800e+01    8.53180000e-02
    2.91121200e+01    9.68177000e-01
3  1
    4.18817500e+02    1.50072000e-01
    9.12507800e+01    6.00057000e-01
    2.91121200e+01    4.10986000e-01
3  0
    2.59106400e+01   -1.38044600e+00
    2.32677000e+01    1.19790000e+00
    4.70708300e+00    1.05264900e+00
3  1
    2.59106400e+01   -1.65527100e+00
    2.32677000e+01    1.98602000e+00
    4.70708300e+00    7.29034000e-01
3  0
    4.44113800e+00   -4.04114000e-01
    1.59563900e+00    4.39838000e-01
    5.95560000e-01    8.21936000e-01
3  1
    4.44113800e+00    1.22910000e-02
    1.59563900e+00    4.63207000e-01
    5.95560000e-01    5.98383000e-01
2  0
    6.73881000e-01   -2.70003000e-01
    7.72410000e-02    1.09915000e+00
2  1
    6.73881000e-01   -9.20000000e-04
    7.72410000e-02    1.00026400e+00
1  0
    2.86960000e-02    1.00000000e+00
1  1
    2.86960000e-02    1.00000000e+00
3  2
    6.87837500e+01    1.29693000e-01
    1.88038900e+01    4.96619000e-01
    5.70522800e+00    5.79547000e-01
2  2
    2.59916400e+00    3.09219000e-01
    8.62276000e-01    7.82906000e-01
1  2
    2.70607000e-01    1.00000000e+00
