16
7  0
    1.32656000e+02    6.86000000e-04
    1.98986000e+01   -3.60010000e-02
    1.24450000e+01    1.56465000e-01
    4.36050000e+00   -5.99573000e-01
    1.04436000e+00    8.35710000e-01
    4.74159000e-01    4.49055000e-01
    9.87360000e-02    1.83780000e-02
7  0
    1.32656000e+02   -1.68000000e-04
    1.98986000e+01    9.31100000e-03
    1.24450000e+01   -4.55350000e-02
    4.36050000e+00    1.98602000e-01
    1.04436000e+00   -3.74974000e-01
    4.74159000e-01   -2.81760000e-01
    9.87360000e-02    6.32998000e-01
7  0
    1.32656000e+02    9.80000000e-04
    1.98986000e+01   -3.78410000e-02
    1.24450000e+01    1.31767000e-01
    4.36050000e+00   -4.83418000e-01
    1.04436000e+00    1.48485400e+00
    4.74159000e-01   -8.04731000e-01
    9.87360000e-02   -1.55119100e+00
1  0
    3.67360000e-02    1.00000000e+00
1  0
    1.37000000e-02    1.00000000e+00
6  1
    1.21789000e+01    2.73140000e-02
    5.68484000e+00   -1.81403000e-01
    1.43983000e+00    4.90891000e-01
    6.78909000e-01    4.96541000e-01
    3.02515000e-01    1.53299000e-01
    1.07307000e-01    6.70000000e-03
6  1
    1.21789000e+01   -7.43000000e-03
    5.68484000e+00    5.41370000e-02
    1.43983000e+00   -1.76227000e-01
    6.78909000e-01   -2.09654000e-01
    3.02515000e-01    7.34980000e-02
    1.07307000e-01    6.07049000e-01
6  1
    1.21789000e+01   -1.16300000e-02
    5.68484000e+00    8.54050000e-02
    1.43983000e+00   -2.84405000e-01
    6.78909000e-01   -3.57876000e-01
    3.02515000e-01    3.26033000e-01
    1.07307000e-01    7.80124000e-01
1  1
    3.81770000e-02    1.00000000e+00
1  1
    1.36000000e-02    1.00000000e+00
5  2
    5.76013000e+00   -1.64110000e-02
    2.36424000e+00    1.34407000e-01
    1.08871000e+00    3.54726000e-01
    4.74060000e-01    4.04479000e-01
    1.93607000e-01    2.78877000e-01
5  2
    5.76013000e+00    1.69910000e-02
    2.36424000e+00   -1.54896000e-01
    1.08871000e+00   -4.28192000e-01
    4.74060000e-01   -1.78992000e-01
    1.93607000e-01    5.34656000e-01
1  2
    7.14600000e-02    1.00000000e+00
1  2
    2.64000000e-02    1.00000000e+00
1  3
    7.22800000e-01    1.00000000e+00
1  3
    2.27200000e-01    1.00000000e+00
