37
15  0
    1.72061000e+04    3.00000000e-06
    2.99256000e+03    1.70000000e-05
    7.36991000e+02    8.00000000e-05
    2.05553000e+02    2.67000000e-04
    3.32151000e+01    7.86900000e-03
    2.06748000e+01   -6.01480000e-02
    1.29128000e+01    1.80093000e-01
    4.92960000e+00   -3.95958000e-01
    3.07800000e+00   -3.04351000e-01
    1.43307000e+00    4.63165000e-01
    7.85094000e-01    6.50615000e-01
    4.10958000e-01    2.61189000e-01
    1.63552000e-01    1.93360000e-02
    8.31080000e-02   -2.26000000e-03
    4.12910000e-02    2.37900000e-03
15  0
    1.72061000e+04   -1.00000000e-06
    2.99256000e+03   -6.00000000e-06
    7.36991000e+02   -2.50000000e-05
    2.05553000e+02   -9.30000000e-05
    3.32151000e+01   -2.27400000e-03
    2.06748000e+01    1.80760000e-02
    1.29128000e+01   -5.66300000e-02
    4.92960000e+00    1.41500000e-01
    3.07800000e+00    8.96770000e-02
    1.43307000e+00   -1.82078000e-01
    7.85094000e-01   -3.11097000e-01
    4.10958000e-01   -2.19591000e-01
    1.63552000e-01    1.66146000e-01
    8.31080000e-02    5.21688000e-01
    4.12910000e-02    4.40625000e-01
15  0
    1.72061000e+04   -2.00000000e-06
    2.99256000e+03   -1.10000000e-05
    7.36991000e+02   -5.90000000e-05
    2.05553000e+02   -1.67000000e-04
    3.32151000e+01   -5.61200000e-03
    2.06748000e+01    4.04370000e-02
    1.29128000e+01   -1.21838000e-01
    4.92960000e+00    3.17545000e-01
    3.07800000e+00    1.76119000e-01
    1.43307000e+00   -4.17470000e-01
    7.85094000e-01   -1.23628900e+00
    4.10958000e-01    6.21529000e-01
    1.63552000e-01    1.73199500e+00
    8.31080000e-02   -4.23958000e-01
    4.12910000e-02   -7.66206000e-01
15  0
    1.72061000e+04   -3.00000000e-06
    2.99256000e+03   -2.30000000e-05
    7.36991000e+02   -7.20000000e-05
    2.05553000e+02   -3.96000000e-04
    3.32151000e+01   -4.61000000e-03
    2.06748000e+01    4.79370000e-02
    1.29128000e+01   -1.74436000e-01
    4.92960000e+00    4.93176000e-01
    3.07800000e+00    4.99397000e-01
    1.43307000e+00   -1.94571200e+00
    7.85094000e-01   -1.17740700e+00
    4.10958000e-01    3.89497700e+00
    1.63552000e-01   -1.42912700e+00
    8.31080000e-02   -1.71036000e+00
    4.12910000e-02    1.27448100e+00
15  0
    1.72061000e+04   -3.00000000e-06
    2.99256000e+03   -4.00000000e-05
    7.36991000e+02   -5.10000000e-05
    2.05553000e+02   -7.45000000e-04
    3.32151000e+01    1.40000000e-03
    2.06748000e+01    3.62900000e-02
    1.29128000e+01   -2.00482000e-01
    4.92960000e+00    6.19512000e-01
    3.07800000e+00    1.23016700e+00
    1.43307000e+00   -7.05894500e+00
    7.85094000e-01    8.03354100e+00
    4.10958000e-01   -1.71545600e+00
    1.63552000e-01   -4.70096500e+00
    8.31080000e-02    5.79328600e+00
    4.12910000e-02   -1.94334100e+00
15  0
    1.72061000e+04    2.50000000e-05
    2.99256000e+03   -1.24000000e-04
    7.36991000e+02    1.26000000e-03
    2.05553000e+02   -3.54300000e-03
    3.32151000e+01    1.80367000e-01
    2.06748000e+01   -7.58128000e-01
    1.29128000e+01    1.39996000e+00
    4.92960000e+00   -5.05601700e+00
    3.07800000e+00    5.92868500e+00
    1.43307000e+00    2.63613800e+00
    7.85094000e-01   -1.18324410e+01
    4.10958000e-01    1.29918620e+01
    1.63552000e-01   -1.05254010e+01
    8.31080000e-02    6.93189000e+00
    4.12910000e-02   -1.16372600e+00
1  0
    2.06960000e-02    1.00000000e+00
1  0
    1.04000000e-02    1.00000000e+00
12  1
    1.10094000e+02    1.58000000e-04
    1.93763000e+01   -3.58200000e-03
    1.21039000e+01    4.73040000e-02
    7.56059000e+00   -9.01640000e-02
    4.48807000e+00   -1.34723000e-01
    1.80957000e+00    2.69351000e-01
    1.03657000e+00    4.33391000e-01
    5.79218000e-01    3.30741000e-01
    3.13745000e-01    1.23193000e-01
    1.56850000e-01    1.66350000e-02
    7.91520000e-02    1.28800000e-03
    3.99360000e-02    2.62000000e-04
12  1
    1.10094000e+02   -4.90000000e-05
    1.93763000e+01    1.07800000e-03
    1.21039000e+01   -1.46590000e-02
    7.56059000e+00    2.98090000e-02
    4.48807000e+00    3.88170000e-02
    1.80957000e+00   -9.65520000e-02
    1.03657000e+00   -1.57967000e-01
    5.79218000e-01   -1.42792000e-01
    3.13745000e-01    3.05240000e-02
    1.56850000e-01    2.88455000e-01
    7.91520000e-02    4.45718000e-01
    3.99360000e-02    3.22030000e-01
12  1
    1.10094000e+02   -7.90000000e-05
    1.93763000e+01    1.68400000e-03
    1.21039000e+01   -2.37720000e-02
    7.56059000e+00    4.81110000e-02
    4.48807000e+00    6.66930000e-02
    1.80957000e+00   -1.65981000e-01
    1.03657000e+00   -2.83298000e-01
    5.79218000e-01   -2.22208000e-01
    3.13745000e-01    2.07444000e-01
    1.56850000e-01    5.68403000e-01
    7.91520000e-02    3.67465000e-01
    3.99360000e-02    6.38710000e-02
12  1
    1.10094000e+02   -1.25000000e-04
    1.93763000e+01    2.08800000e-03
    1.21039000e+01   -3.85470000e-02
    7.56059000e+00    7.86910000e-02
    4.48807000e+00    1.37987000e-01
    1.80957000e+00   -3.91983000e-01
    1.03657000e+00   -7.35074000e-01
    5.79218000e-01    2.12676000e-01
    3.13745000e-01    1.26950300e+00
    1.56850000e-01    2.45080000e-02
    7.91520000e-02   -8.14124000e-01
    3.99360000e-02   -1.76607000e-01
12  1
    1.10094000e+02   -2.19000000e-04
    1.93763000e+01    3.90200000e-03
    1.21039000e+01   -6.43300000e-02
    7.56059000e+00    1.28310000e-01
    4.48807000e+00    2.82021000e-01
    1.80957000e+00   -1.37616000e+00
    1.03657000e+00   -5.10569000e-01
    5.79218000e-01    2.74590000e+00
    3.13745000e-01   -8.16742000e-01
    1.56850000e-01   -1.65880200e+00
    7.91520000e-02    9.99664000e-01
    3.99360000e-02    3.10913000e-01
12  1
    1.10094000e+02   -1.05400000e-03
    1.93763000e+01    4.02010000e-02
    1.21039000e+01   -2.58629000e-01
    7.56059000e+00    5.55595000e-01
    4.48807000e+00    1.22429000e-01
    1.80957000e+00   -4.16793600e+00
    1.03657000e+00    6.06591100e+00
    5.79218000e-01   -1.90936000e+00
    3.13745000e-01   -2.62764700e+00
    1.56850000e-01    3.04425500e+00
    7.91520000e-02   -8.37884000e-01
    3.99360000e-02   -4.20781000e-01
1  1
    1.98050000e-02    1.00000000e+00
1  1
    9.80000000e-03    1.00000000e+00
10  2
    1.47879000e+02    3.80000000e-05
    4.45973000e+01    3.13000000e-04
    1.58122000e+01    2.40000000e-03
    7.74411000e+00   -1.34860000e-02
    2.43730000e+00    9.53100000e-02
    1.35418000e+00    2.36157000e-01
    7.24075000e-01    3.12710000e-01
    3.75740000e-01    2.94820000e-01
    1.88151000e-01    2.06987000e-01
    9.02200000e-02    9.58940000e-02
10  2
    1.47879000e+02   -3.80000000e-05
    4.45973000e+01   -3.48000000e-04
    1.58122000e+01   -2.40900000e-03
    7.74411000e+00    1.40090000e-02
    2.43730000e+00   -1.10130000e-01
    1.35418000e+00   -2.88892000e-01
    7.24075000e-01   -3.13724000e-01
    3.75740000e-01    1.68230000e-02
    1.88151000e-01    4.06112000e-01
    9.02200000e-02    4.50706000e-01
10  2
    1.47879000e+02   -5.90000000e-05
    4.45973000e+01   -6.69000000e-04
    1.58122000e+01   -3.64000000e-03
    7.74411000e+00    2.29510000e-02
    2.43730000e+00   -2.57008000e-01
    1.35418000e+00   -5.43873000e-01
    7.24075000e-01    3.20000000e-04
    3.75740000e-01    7.90755000e-01
    1.88151000e-01    2.69251000e-01
    9.02200000e-02   -5.64375000e-01
10  2
    1.47879000e+02   -2.21000000e-04
    4.45973000e+01    1.24000000e-04
    1.58122000e+01   -1.05590000e-02
    7.74411000e+00    4.83530000e-02
    2.43730000e+00   -5.08580000e-01
    1.35418000e+00   -7.23089000e-01
    7.24075000e-01    1.47989800e+00
    3.75740000e-01    8.51340000e-02
    1.88151000e-01   -1.16763900e+00
    9.02200000e-02    2.48551000e-01
10  2
    1.47879000e+02    4.32000000e-04
    4.45973000e+01   -8.25000000e-04
    1.58122000e+01    1.95710000e-02
    7.74411000e+00   -8.68210000e-02
    2.43730000e+00    1.39376700e+00
    1.35418000e+00   -9.35297000e-01
    7.24075000e-01   -1.58273300e+00
    3.75740000e-01    2.68260900e+00
    1.88151000e-01   -1.32004500e+00
    9.02200000e-02   -4.83641000e-01
1  2
    4.03970000e-02    1.00000000e+00
1  2
    1.81000000e-02    1.00000000e+00
1  3
    4.24180000e+00    1.00000000e+00
1  3
    1.56140000e+00    1.00000000e+00
1  3
    5.74800000e-01    1.00000000e+00
1  3
    2.11600000e-01    1.00000000e+00
1  3
    7.79000000e-02    1.00000000e+00
1  4
    2.09380000e+00    1.00000000e+00
1  4
    8.34100000e-01    1.00000000e+00
1  4
    3.32200000e-01    1.00000000e+00
1  4
    1.28400000e-01    1.00000000e+00
1  5
    1.68540000e+00    1.00000000e+00
1  5
    6.02400000e-01    1.00000000e+00
1  5
    2.42200000e-01    1.00000000e+00
1  6
    1.27960000e+00    1.00000000e+00
1  6
    5.72500000e-01    1.00000000e+00
