29
13  0
    7.01108000e+03    9.00000000e-06
    1.04610000e+03    6.70000000e-05
    2.30493000e+02    2.74000000e-04
    3.33218000e+01    8.23700000e-03
    2.08105000e+01   -6.06330000e-02
    1.29975000e+01    1.77816000e-01
    4.83051000e+00   -4.22062000e-01
    3.01552000e+00   -2.69336000e-01
    1.37062000e+00    5.21843000e-01
    7.35836000e-01    6.38005000e-01
    3.78816000e-01    2.16091000e-01
    1.33549000e-01    1.12120000e-02
    6.01560000e-02   -3.02000000e-04
13  0
    7.01108000e+03   -3.00000000e-06
    1.04610000e+03   -2.20000000e-05
    2.30493000e+02   -9.30000000e-05
    3.33218000e+01   -2.41600000e-03
    2.08105000e+01    1.83200000e-02
    1.29975000e+01   -5.60010000e-02
    4.83051000e+00    1.51188000e-01
    3.01552000e+00    7.55970000e-02
    1.37062000e+00   -2.02739000e-01
    7.35836000e-01   -3.24855000e-01
    3.78816000e-01   -1.82317000e-01
    1.33549000e-01    3.37297000e-01
    6.01560000e-02    6.37833000e-01
13  0
    7.01108000e+03   -6.00000000e-06
    1.04610000e+03   -5.40000000e-05
    2.30493000e+02   -1.39000000e-04
    3.33218000e+01   -7.71800000e-03
    2.08105000e+01    4.77700000e-02
    1.29975000e+01   -1.30312000e-01
    4.83051000e+00    3.69148000e-01
    3.01552000e+00    8.73940000e-02
    1.37062000e+00   -3.81958000e-01
    7.35836000e-01   -1.43166900e+00
    3.78816000e-01    1.14365000e+00
    1.33549000e-01    1.55164000e+00
    6.01560000e-02   -1.07015800e+00
13  0
    7.01108000e+03   -1.10000000e-05
    1.04610000e+03   -7.60000000e-05
    2.30493000e+02   -3.31000000e-04
    3.33218000e+01   -7.74500000e-03
    2.08105000e+01    5.90240000e-02
    1.29975000e+01   -1.88267000e-01
    4.83051000e+00    5.90284000e-01
    3.01552000e+00    3.33038000e-01
    1.37062000e+00   -2.08743600e+00
    7.35836000e-01   -6.50399000e-01
    3.78816000e-01    3.70874200e+00
    1.33549000e-01   -2.67006200e+00
    6.01560000e-02    2.00220000e-02
13  0
    7.01108000e+03   -1.60000000e-05
    1.04610000e+03   -1.13000000e-04
    2.30493000e+02   -5.11000000e-04
    3.33218000e+01   -1.09830000e-02
    2.08105000e+01    8.64930000e-02
    1.29975000e+01   -2.86179000e-01
    4.83051000e+00    1.00123800e+00
    3.01552000e+00    7.22552000e-01
    1.37062000e+00   -7.65032700e+00
    7.35836000e-01    1.07993970e+01
    3.78816000e-01   -5.59179800e+00
    1.33549000e-01   -4.22691000e-01
    6.01560000e-02    2.75450100e+00
1  0
    2.69230000e-02    1.00000000e+00
1  0
    1.20000000e-02    1.00000000e+00
10  1
    1.65031100e+02    9.40000000e-05
    1.07957000e+01    5.09640000e-02
    6.74841000e+00   -1.50049000e-01
    3.48249000e+00   -1.15353000e-01
    1.91853000e+00    2.97010000e-01
    1.00188000e+00    4.90187000e-01
    5.22155000e-01    3.26540000e-01
    2.60882000e-01    8.73840000e-02
    1.21274000e-01    6.06500000e-03
    5.54020000e-02    1.12600000e-03
10  1
    1.65031100e+02   -3.10000000e-05
    1.07957000e+01   -1.55010000e-02
    6.74841000e+00    4.75240000e-02
    3.48249000e+00    3.26450000e-02
    1.91853000e+00   -1.02289000e-01
    1.00188000e+00   -1.84074000e-01
    5.22155000e-01   -1.34698000e-01
    2.60882000e-01    1.03692000e-01
    1.21274000e-01    4.22428000e-01
    5.54020000e-02    4.82808000e-01
10  1
    1.65031100e+02   -5.10000000e-05
    1.07957000e+01   -2.54430000e-02
    6.74841000e+00    7.78710000e-02
    3.48249000e+00    5.73030000e-02
    1.91853000e+00   -1.77236000e-01
    1.00188000e+00   -3.25738000e-01
    5.22155000e-01   -1.88349000e-01
    2.60882000e-01    3.69404000e-01
    1.21274000e-01    6.27601000e-01
    5.54020000e-02    2.07884000e-01
10  1
    1.65031100e+02   -9.70000000e-05
    1.07957000e+01   -4.48590000e-02
    6.74841000e+00    1.38642000e-01
    3.48249000e+00    1.30166000e-01
    1.91853000e+00   -4.34368000e-01
    1.00188000e+00   -7.98223000e-01
    5.22155000e-01    5.41308000e-01
    2.60882000e-01    1.22548400e+00
    1.21274000e-01   -5.91930000e-01
    5.54020000e-02   -5.92629000e-01
10  1
    1.65031100e+02   -2.00000000e-04
    1.07957000e+01   -6.17730000e-02
    6.74841000e+00    1.88445000e-01
    3.48249000e+00    4.20931000e-01
    1.91853000e+00   -1.62310200e+00
    1.00188000e+00   -2.35656000e-01
    5.22155000e-01    2.86308400e+00
    2.60882000e-01   -2.03240300e+00
    1.21274000e-01   -4.38122000e-01
    5.54020000e-02    9.62481000e-01
1  1
    2.48480000e-02    1.00000000e+00
1  1
    1.11000000e-02    1.00000000e+00
9  2
    7.11813000e+01    1.75000000e-04
    1.95319000e+01    1.72200000e-03
    7.23743000e+00   -1.38320000e-02
    2.61134000e+00    7.40660000e-02
    1.47734000e+00    2.18574000e-01
    7.88005000e-01    3.13460000e-01
    4.04935000e-01    3.07909000e-01
    2.00364000e-01    2.21354000e-01
    9.49110000e-02    1.05110000e-01
9  2
    7.11813000e+01   -1.94000000e-04
    1.95319000e+01   -1.74300000e-03
    7.23743000e+00    1.44030000e-02
    2.61134000e+00   -8.44590000e-02
    1.47734000e+00   -2.66903000e-01
    7.88005000e-01   -3.36034000e-01
    4.04935000e-01   -3.15050000e-02
    2.00364000e-01    3.87068000e-01
    9.49110000e-02    4.74462000e-01
9  2
    7.11813000e+01    3.95000000e-04
    1.95319000e+01    2.50900000e-03
    7.23743000e+00   -2.30280000e-02
    2.61134000e+00    1.92811000e-01
    1.47734000e+00    5.42520000e-01
    7.88005000e-01    1.30349000e-01
    4.04935000e-01   -7.81188000e-01
    2.00364000e-01   -3.61346000e-01
    9.49110000e-02    5.51245000e-01
9  2
    7.11813000e+01   -2.34000000e-04
    1.95319000e+01   -5.51900000e-03
    7.23743000e+00    4.46410000e-02
    2.61134000e+00   -3.88232000e-01
    1.47734000e+00   -8.04254000e-01
    7.88005000e-01    1.15966200e+00
    4.04935000e-01    5.37426000e-01
    2.00364000e-01   -1.30248700e+00
    9.49110000e-02    1.53728000e-01
1  2
    4.19450000e-02    1.00000000e+00
1  2
    1.85000000e-02    1.00000000e+00
1  3
    2.53890000e+00    1.00000000e+00
1  3
    8.28000000e-01    1.00000000e+00
1  3
    2.70000000e-01    1.00000000e+00
1  3
    9.56000000e-02    1.00000000e+00
1  4
    1.46830000e+00    1.00000000e+00
1  4
    4.82300000e-01    1.00000000e+00
1  4
    1.90700000e-01    1.00000000e+00
1  5
    9.93200000e-01    1.00000000e+00
1  5
    4.06300000e-01    1.00000000e+00
