Tc nelec 28
Tc ul
2      1.0000000              0.0000000        
Tc S
2     10.79936900           195.09130300       
2      4.70725700            27.34041300       
Tc P
2      9.82669900            45.06081200       
2      9.56111500            90.11729500       
2      4.37857800             7.07051700       
2      4.19090700            14.04801900       
Tc D
2      8.33604500            21.65775500       
2      8.24453300            32.47195900       
2      3.09370700             3.78952500       
2      3.16872200             6.05343000       
Tc F
2      7.04094000            -7.99562300       
2      7.06947300           -10.74569600       
