43
1  0
    7.71272485e+05    1.00000000e+00
1  0
    3.08009277e+05    1.00000000e+00
1  0
    1.26455068e+05    1.00000000e+00
1  0
    5.33470408e+04    1.00000000e+00
1  0
    2.31123410e+04    1.00000000e+00
1  0
    1.02769978e+04    1.00000000e+00
1  0
    4.68680244e+03    1.00000000e+00
1  0
    2.19050084e+03    1.00000000e+00
1  0
    1.04834192e+03    1.00000000e+00
1  0
    5.13285285e+02    1.00000000e+00
1  0
    2.56850997e+02    1.00000000e+00
1  0
    1.31222059e+02    1.00000000e+00
1  0
    6.83657296e+01    1.00000000e+00
1  0
    3.62781820e+01    1.00000000e+00
1  0
    1.95823444e+01    1.00000000e+00
1  0
    1.07374417e+01    1.00000000e+00
1  0
    5.97211822e+00    1.00000000e+00
1  0
    3.36428891e+00    1.00000000e+00
1  0
    1.91652706e+00    1.00000000e+00
1  0
    1.10227274e+00    1.00000000e+00
1  0
    6.38984630e-01    1.00000000e+00
1  0
    3.72714430e-01    1.00000000e+00
1  0
    2.18368340e-01    1.00000000e+00
1  0
    1.28281450e-01    1.00000000e+00
1  0
    7.54268000e-02    1.00000000e+00
1  1
    7.66647080e+00    1.00000000e+00
1  1
    2.65916600e+00    1.00000000e+00
1  1
    9.09394900e-01    1.00000000e+00
1  1
    3.08400600e-01    1.00000000e+00
1  1
    1.04296500e-01    1.00000000e+00
1  2
    5.65428270e+00    1.00000000e+00
1  2
    2.39879470e+00    1.00000000e+00
1  2
    1.00096730e+00    1.00000000e+00
1  2
    4.13608900e-01    1.00000000e+00
1  2
    1.70353100e-01    1.00000000e+00
1  3
    1.58665170e+00    1.00000000e+00
1  3
    6.28616400e-01    1.00000000e+00
1  3
    2.61856400e-01    1.00000000e+00
1  4
    4.70000000e+01    1.00000000e+00
1  4
    6.00000000e+00    1.00000000e+00
1  4
    2.22806940e+00    1.00000000e+00
1  4
    8.12659800e-01    1.00000000e+00
1  4
    2.95154600e-01    1.00000000e+00
