13
3  0
    1.37965600e+04    6.10860000e-02
    2.08887980e+03    3.66963000e-01
    4.59393190e+02    6.90794000e-01
3  0
    6.23263100e+02   -1.12820000e-01
    1.35360000e+02    8.22520000e-02
    4.40004800e+01    9.70601000e-01
3  1
    6.23263100e+02    1.53419000e-01
    1.35360000e+02    6.14900000e-01
    4.40004800e+01    3.89516000e-01
3  0
    5.41907800e+01   -2.74412000e-01
    2.58203900e+01    5.18300000e-02
    7.80958300e+00    1.08762200e+00
3  1
    5.41907800e+01   -1.43331000e-01
    2.58203900e+01    5.39188000e-01
    7.80958300e+00    6.52285000e-01
3  0
    7.76421700e+00   -4.46731000e-01
    3.04393200e+00    4.69470000e-01
    1.19925300e+00    8.29811000e-01
3  1
    7.76421700e+00    1.27460000e-02
    3.04393200e+00    5.22123000e-01
    1.19925300e+00    5.32661000e-01
2  0
    1.34036400e+00   -5.90470000e-01
    2.78088000e-01    1.28196800e+00
2  1
    1.34036400e+00    2.55880000e-02
    2.78088000e-01    9.87102000e-01
1  0
    9.67260000e-02    1.00000000e+00
1  1
    9.67260000e-02    1.00000000e+00
3  2
    1.21408300e+02    1.16914000e-01
    3.40152170e+01    4.83556000e-01
    1.08691380e+01    5.88386000e-01
3  2
    5.80311100e+00    2.60194000e-01
    2.05806600e+00    5.79776000e-01
    7.32830000e-01    3.40558000e-01
