61
1  0
    4.48546000e+01    1.00000000e+00
1  0
    3.01611000e+01    1.00000000e+00
1  0
    1.74338000e+01    1.00000000e+00
1  0
    9.16893000e+00    1.00000000e+00
1  0
    6.26955000e+00    1.00000000e+00
1  0
    3.27721000e+00    1.00000000e+00
1  0
    1.77032000e+00    1.00000000e+00
1  0
    1.04256000e+00    1.00000000e+00
1  0
    6.52240000e-01    1.00000000e+00
1  0
    4.10507000e-01    1.00000000e+00
1  0
    2.96957000e-01    1.00000000e+00
1  0
    1.63088000e-01    1.00000000e+00
1  0
    8.53840000e-02    1.00000000e+00
1  1
    3.37958000e+01    1.00000000e+00
1  1
    1.54280000e+01    1.00000000e+00
1  1
    9.08646000e+00    1.00000000e+00
1  1
    5.62712000e+00    1.00000000e+00
1  1
    3.00522000e+00    1.00000000e+00
1  1
    1.76936000e+00    1.00000000e+00
1  1
    1.04559000e+00    1.00000000e+00
1  1
    6.59894000e-01    1.00000000e+00
1  1
    4.46852000e-01    1.00000000e+00
1  1
    2.84563000e-01    1.00000000e+00
1  1
    1.49785000e-01    1.00000000e+00
1  1
    8.27767000e-02    1.00000000e+00
1  2
    2.54540000e+01    1.00000000e+00
1  2
    1.44463000e+01    1.00000000e+00
1  2
    1.01589000e+01    1.00000000e+00
1  2
    5.23262000e+00    1.00000000e+00
1  2
    2.69514000e+00    1.00000000e+00
1  2
    1.32635000e+00    1.00000000e+00
1  2
    8.25244000e-01    1.00000000e+00
1  2
    5.76890000e-01    1.00000000e+00
1  2
    4.03046000e-01    1.00000000e+00
1  2
    2.22526000e-01    1.00000000e+00
1  2
    9.85636000e-02    1.00000000e+00
1  3
    1.88844000e+01    1.00000000e+00
1  3
    1.14331000e+01    1.00000000e+00
1  3
    5.75628000e+00    1.00000000e+00
1  3
    2.45059000e+00    1.00000000e+00
1  3
    1.36163000e+00    1.00000000e+00
1  3
    7.84634000e-01    1.00000000e+00
1  3
    5.66773000e-01    1.00000000e+00
1  3
    3.59208000e-01    1.00000000e+00
1  3
    1.96456000e-01    1.00000000e+00
1  4
    1.00452000e+01    1.00000000e+00
1  4
    5.64085000e+00    1.00000000e+00
1  4
    2.32383000e+00    1.00000000e+00
1  4
    1.40984000e+00    1.00000000e+00
1  4
    7.87502000e-01    1.00000000e+00
1  4
    4.86571000e-01    1.00000000e+00
1  4
    2.67090000e-01    1.00000000e+00
1  5
    5.39826000e+00    1.00000000e+00
1  5
    2.33942000e+00    1.00000000e+00
1  5
    1.20731000e+00    1.00000000e+00
1  5
    7.78843000e-01    1.00000000e+00
1  5
    4.26869000e-01    1.00000000e+00
1  6
    2.60330000e+00    1.00000000e+00
1  6
    1.30571000e+00    1.00000000e+00
1  6
    7.08927000e-01    1.00000000e+00
1  7
    1.41427000e+00    1.00000000e+00
