28
1  0
    1.21585000e+01    1.00000000e+00
1  0
    6.49705000e+00    1.00000000e+00
1  0
    3.26893000e+00    1.00000000e+00
1  0
    1.62439000e+00    1.00000000e+00
1  0
    6.82626000e-01    1.00000000e+00
1  0
    3.24765000e-01    1.00000000e+00
1  0
    1.98320000e-01    1.00000000e+00
1  1
    5.27076000e+00    1.00000000e+00
1  1
    4.11930000e+00    1.00000000e+00
1  1
    2.28247000e+00    1.00000000e+00
1  1
    8.22411000e-01    1.00000000e+00
1  1
    4.12041000e-01    1.00000000e+00
1  1
    2.33658000e-01    1.00000000e+00
1  2
    1.08411000e+01    1.00000000e+00
1  2
    3.82242000e+00    1.00000000e+00
1  2
    1.76753000e+00    1.00000000e+00
1  2
    4.99653000e-01    1.00000000e+00
1  2
    2.33846000e-01    1.00000000e+00
1  3
    4.74860000e+00    1.00000000e+00
1  3
    1.44098000e+00    1.00000000e+00
1  3
    4.45022000e-01    1.00000000e+00
1  4
    5.36289000e+00    1.00000000e+00
1  4
    8.92606000e-01    1.00000000e+00
1  0
    5.38827000e-02    1.00000000e+00
1  1
    1.05295000e-01    1.00000000e+00
1  2
    8.12110000e-02    1.00000000e+00
1  3
    1.85204000e-01    1.00000000e+00
1  4
    4.60797000e-01    1.00000000e+00
