12
6  0
    2.11119000e+03    6.12000000e-04
    3.11691000e+02    3.20700000e-03
    1.38226000e+01    4.05512000e-01
    8.71748000e+00   -9.32588000e-01
    1.98303000e+00    9.19657000e-01
    9.70377000e-01    4.04671000e-01
6  0
    2.11119000e+03    2.51000000e-04
    3.11691000e+02    1.45700000e-03
    1.38226000e+01    1.63702000e-01
    8.71748000e+00   -3.98455000e-01
    1.98303000e+00    5.78074000e-01
    9.70377000e-01    3.27124000e-01
1  0
    2.79765000e-01    1.00000000e+00
1  0
    1.06776000e-01    1.00000000e+00
1  0
    3.69000000e-02    1.00000000e+00
5  1
    1.70629000e+01    8.93400000e-02
    1.08306000e+01   -2.71168000e-01
    2.59380000e+00    6.62023000e-01
    1.12676000e+00    4.60744000e-01
    3.00176000e-01    2.88090000e-02
5  1
    1.70629000e+01   -2.68610000e-02
    1.08306000e+01    8.63040000e-02
    2.59380000e+00   -2.73502000e-01
    1.12676000e+00   -1.51390000e-01
    3.00176000e-01    5.83976000e-01
1  1
    9.75510000e-02    1.00000000e+00
1  1
    2.99000000e-02    1.00000000e+00
5  2
    5.09106000e+01    3.35400000e-03
    1.84647000e+01   -3.64200000e-03
    4.27617000e+00    2.78080000e-01
    1.89770000e+00    5.16348000e-01
    7.86480000e-01    3.26571000e-01
1  2
    2.63800000e-01    1.00000000e+00
1  2
    9.88000000e-02    1.00000000e+00
