25
11  0
    4.07972000e+04    1.70000000e-05
    6.12709000e+03    1.27000000e-04
    1.38915000e+03    6.16000000e-04
    3.87463000e+02    1.94900000e-03
    1.13355000e+02    3.69700000e-03
    2.83246000e+01   -6.34120000e-02
    1.77003000e+01    3.66395000e-01
    1.10610000e+01   -3.90208000e-01
    6.20785000e+00   -6.31137000e-01
    3.87848000e+00    2.54608000e-01
    1.98818000e+00    7.86146000e-01
11  0
    4.07972000e+04   -8.00000000e-06
    6.12709000e+03   -6.00000000e-05
    1.38915000e+03   -2.86000000e-04
    3.87463000e+02   -9.30000000e-04
    1.13355000e+02   -1.66700000e-03
    2.83246000e+01    2.48270000e-02
    1.77003000e+01   -1.55198000e-01
    1.10610000e+01    1.88432000e-01
    6.20785000e+00    2.56849000e-01
    3.87848000e+00   -1.27578000e-01
    1.98818000e+00   -4.49095000e-01
1  0
    1.07356000e+00    1.00000000e+00
1  0
    5.09322000e-01    1.00000000e+00
1  0
    2.80125000e-01    1.00000000e+00
1  0
    1.39101000e-01    1.00000000e+00
1  0
    6.61510000e-02    1.00000000e+00
8  1
    5.16076000e+02    9.30000000e-05
    1.18029000e+02    5.84000000e-04
    3.08754000e+01   -5.26300000e-03
    1.92977000e+01    6.44520000e-02
    1.04824000e+01   -2.26318000e-01
    6.30110000e+00   -6.34930000e-02
    3.32790000e+00    3.91360000e-01
    1.79793000e+00    5.26048000e-01
8  1
    5.16076000e+02   -3.20000000e-05
    1.18029000e+02   -1.87000000e-04
    3.08754000e+01    1.32000000e-03
    1.92977000e+01   -2.01290000e-02
    1.04824000e+01    7.87750000e-02
    6.30110000e+00    9.67200000e-03
    3.32790000e+00   -1.42182000e-01
    1.79793000e+00   -2.18787000e-01
1  1
    9.50129000e-01    1.00000000e+00
1  1
    4.55578000e-01    1.00000000e+00
1  1
    2.20873000e-01    1.00000000e+00
1  1
    1.03608000e-01    1.00000000e+00
1  1
    4.71160000e-02    1.00000000e+00
9  2
    6.88221000e+02    1.60000000e-05
    2.07078000e+02    1.57000000e-04
    8.06678000e+01    8.38000000e-04
    3.40224000e+01    3.76000000e-03
    1.30033000e+01   -1.75410000e-02
    8.11979000e+00    2.93380000e-02
    4.42984000e+00    1.85875000e-01
    2.53507000e+00    3.28134000e-01
    1.42827000e+00    3.35031000e-01
1  2
    7.93148000e-01    1.00000000e+00
1  2
    4.31313000e-01    1.00000000e+00
1  2
    2.29264000e-01    1.00000000e+00
1  2
    1.06000000e-01    1.00000000e+00
1  3
    6.14900000e-01    1.00000000e+00
1  3
    3.19400000e-01    1.00000000e+00
1  3
    1.65900000e-01    1.00000000e+00
1  4
    6.12900000e-01    1.00000000e+00
1  4
    2.90200000e-01    1.00000000e+00
1  5
    5.37600000e-01    1.00000000e+00
