22
9  0
    1.57463000e+04    5.40000000e-05
    2.36925000e+03    3.98000000e-04
    5.35860000e+02    1.66200000e-03
    1.41885000e+02    3.63600000e-03
    2.78197000e+01   -5.84270000e-02
    1.73879000e+01    3.66520000e-01
    1.08656000e+01   -3.97589000e-01
    6.56885000e+00   -5.19175000e-01
    2.40139000e+00    6.87652000e-01
3  0
    2.93832530e+01    3.00797780e-02
    1.59464080e+01   -1.36316309e-01
    3.66799026e+00    5.34675740e-01
1  0
    1.28654416e+00    1.00000000e+00
1  0
    6.35335947e-01    1.00000000e+00
1  0
    2.98077862e-01    1.00000000e+00
1  0
    1.40612487e-01    1.00000000e+00
1  0
    6.56606559e-02    1.00000000e+00
7  1
    7.50222000e+02    5.20000000e-05
    1.63961000e+02    4.10000000e-04
    1.69227000e+01    8.33870000e-02
    1.05755000e+01   -2.68212000e-01
    5.70462000e+00   -2.29320000e-02
    2.98022000e+00    4.95548000e-01
    1.51970000e+00    5.14522000e-01
3  1
    1.39254573e+01   -2.13368422e-02
    4.23237667e+00    2.24339616e-01
    1.45476307e+00    7.31985282e-01
1  1
    7.55287837e-01    1.00000000e+00
1  1
    3.18294512e-01    1.00000000e+00
1  1
    1.37218309e-01    1.00000000e+00
1  1
    5.70991715e-02    1.00000000e+00
8  2
    1.46307271e+02    4.38160190e-04
    4.22438594e+01    3.35593056e-03
    9.91553777e+00   -1.11571868e-01
    8.99496436e+00    1.32695696e-01
    4.13766284e+00    2.15740448e-01
    2.36593394e+00    3.25836795e-01
    1.37361419e+00    3.06859181e-01
    7.98463792e-01    1.94452412e-01
1  2
    4.56851754e-01    1.00000000e+00
1  2
    2.50227480e-01    1.00000000e+00
1  2
    1.15600000e-01    1.00000000e+00
1  3
    5.18400000e-01    1.00000000e+00
1  3
    2.13500000e-01    1.00000000e+00
1  3
    1.93478000e+00    1.00000000e+00
1  3
    5.80434000e+00    1.00000000e+00
1  4
    4.29400000e-01    1.00000000e+00
