40
1  0
    1.16549822e+06    1.00000000e+00
1  0
    4.59261817e+05    1.00000000e+00
1  0
    1.86565658e+05    1.00000000e+00
1  0
    7.80954362e+04    1.00000000e+00
1  0
    3.36675154e+04    1.00000000e+00
1  0
    1.49390811e+04    1.00000000e+00
1  0
    6.81813043e+03    1.00000000e+00
1  0
    3.19815933e+03    1.00000000e+00
1  0
    1.54047639e+03    1.00000000e+00
1  0
    7.61233014e+02    1.00000000e+00
1  0
    3.85509282e+02    1.00000000e+00
1  0
    1.99853856e+02    1.00000000e+00
1  0
    1.05928993e+02    1.00000000e+00
1  0
    5.73276617e+01    1.00000000e+00
1  0
    3.16331093e+01    1.00000000e+00
1  0
    1.77700507e+01    1.00000000e+00
1  0
    1.01462739e+01    1.00000000e+00
1  0
    5.87842255e+00    1.00000000e+00
1  0
    3.44970745e+00    1.00000000e+00
1  0
    2.04677862e+00    1.00000000e+00
1  0
    1.22546008e+00    1.00000000e+00
1  0
    7.38952570e-01    1.00000000e+00
1  0
    4.47872080e-01    1.00000000e+00
1  0
    2.72288260e-01    1.00000000e+00
1  0
    1.65710710e-01    1.00000000e+00
1  0
    1.05000000e-01    1.00000000e+00
1  1
    5.56896370e+00    1.00000000e+00
1  1
    2.03329660e+00    1.00000000e+00
1  1
    7.31954700e-01    1.00000000e+00
1  1
    2.61290300e-01    1.00000000e+00
1  1
    9.30153000e-02    1.00000000e+00
1  2
    4.14384020e+00    1.00000000e+00
1  2
    1.63169120e+00    1.00000000e+00
1  2
    6.53736500e-01    1.00000000e+00
1  2
    2.64696900e-01    1.00000000e+00
1  2
    1.07555600e-01    1.00000000e+00
1  3
    1.78851590e+00    1.00000000e+00
1  3
    7.76824200e-01    1.00000000e+00
1  3
    3.36790000e-01    1.00000000e+00
1  4
    7.34513200e-01    1.00000000e+00
