11
3  0
    2.33502000e+03    6.42170000e-02
    3.53044100e+02    3.78412000e-01
    7.70584500e+01    6.79681000e-01
3  0
    9.95738700e+01   -1.09472000e-01
    2.15467100e+01    1.01943000e-01
    6.41396500e+00    9.54622000e-01
3  1
    9.95738700e+01    1.37297000e-01
    2.15467100e+01    5.45875000e-01
    6.41396500e+00    4.89068000e-01
3  0
    6.23827900e+00   -2.86137000e-01
    1.99610800e+00    3.21828000e-01
    6.46490000e-01    8.59551000e-01
3  1
    6.23827900e+00    1.92370000e-02
    1.99610800e+00    4.40442000e-01
    6.46490000e-01    6.35620000e-01
2  0
    5.73285000e-01   -2.42450000e-01
    7.31190000e-02    1.10007500e+00
2  1
    5.73285000e-01    2.92000000e-04
    7.31190000e-02    9.99907000e-01
1  0
    2.65380000e-02    1.00000000e+00
1  1
    2.65380000e-02    1.00000000e+00
2  2
    7.08366600e+00    2.62921000e-01
    1.70963400e+00    8.55772000e-01
1  2
    4.14123000e-01    1.00000000e+00
