50
28  0
    1.22647000e+08    7.09536100e-08
    2.19562000e+07    4.71598600e-07
    4.90233000e+06    2.73436000e-06
    1.31060000e+06    1.25471500e-05
    4.05228000e+05    4.87474000e-05
    1.40757000e+05    1.65621300e-04
    5.36251000e+04    5.07645000e-04
    2.19762000e+04    1.43501900e-03
    9.53960000e+03    3.80241200e-03
    4.33437000e+03    9.52377900e-03
    2.04289000e+03    2.25687500e-02
    9.92308000e+02    5.00512500e-02
    4.94446000e+02    1.01241400e-01
    2.51907000e+02    1.77764400e-01
    1.30905000e+02    2.47915900e-01
    6.92368000e+01    2.32674700e-01
    3.71847000e+01    1.17887300e-01
    2.02157000e+01    5.10594600e-02
    1.10765000e+01    9.30772000e-02
    6.07867000e+00    1.08684600e-01
    3.31277000e+00    4.56440400e-02
    1.77250000e+00    5.16804700e-03
    9.17378000e-01    3.23399600e-04
    4.69283000e-01   -4.99414800e-05
    2.19267000e-01    1.32042000e-05
    1.05811000e-01   -2.32376800e-07
    4.84430000e-02    1.69337700e-05
    2.25350000e-02    3.89979700e-06
28  0
    1.22647000e+08   -4.07587200e-08
    2.19562000e+07   -2.70922600e-07
    4.90233000e+06   -1.57071500e-06
    1.31060000e+06   -7.20833100e-06
    4.05228000e+05   -2.80037900e-05
    1.40757000e+05   -9.51716500e-05
    5.36251000e+04   -2.91772000e-04
    2.19762000e+04   -8.25684500e-04
    9.53960000e+03   -2.19159200e-03
    4.33437000e+03   -5.51360800e-03
    2.04289000e+03   -1.31733100e-02
    9.92308000e+02   -2.97277500e-02
    4.94446000e+02   -6.21352800e-02
    2.51907000e+02   -1.16418300e-01
    1.30905000e+02   -1.84115600e-01
    6.92368000e+01   -2.18509400e-01
    3.71847000e+01   -1.38086800e-01
    2.02157000e+01    8.41894100e-02
    1.10765000e+01    3.81165200e-01
    6.07867000e+00    4.55699600e-01
    3.31277000e+00    1.91796600e-01
    1.77250000e+00    2.15196200e-02
    9.17378000e-01    1.95917500e-04
    4.69283000e-01   -8.08915600e-04
    2.19267000e-01   -5.42220500e-05
    1.05811000e-01    1.65283700e-05
    4.84430000e-02    6.14025500e-05
    2.25350000e-02    1.76960500e-05
27  0
    2.19562000e+07    5.40250700e-08
    4.90233000e+06    3.13160300e-07
    1.31060000e+06    1.43750800e-06
    4.05228000e+05    5.58332800e-06
    1.40757000e+05    1.89841700e-05
    5.36251000e+04    5.81959600e-05
    2.19762000e+04    1.64901900e-04
    9.53960000e+03    4.38191100e-04
    4.33437000e+03    1.10723100e-03
    2.04289000e+03    2.66310800e-03
    9.92308000e+02    6.10396600e-03
    4.94446000e+02    1.31004400e-02
    2.51907000e+02    2.58347300e-02
    1.30905000e+02    4.44933400e-02
    6.92368000e+01    6.03305400e-02
    3.71847000e+01    4.26036400e-02
    2.02157000e+01   -4.03940600e-02
    1.10765000e+01   -2.07568900e-01
    6.07867000e+00   -3.65464800e-01
    3.31277000e+00   -1.93693600e-01
    1.77250000e+00    2.98834200e-01
    9.17378000e-01    6.06771200e-01
    4.69283000e-01    3.55215000e-01
    2.19267000e-01    4.28518800e-02
    1.05811000e-01   -4.83546000e-04
    4.84430000e-02    2.74403300e-03
    2.25350000e-02    4.58370600e-04
27  0
    2.19562000e+07   -1.27519400e-08
    4.90233000e+06   -7.39056600e-08
    1.31060000e+06   -3.39316600e-07
    4.05228000e+05   -1.31760800e-06
    1.40757000e+05   -4.48137100e-06
    5.36251000e+04   -1.37328400e-05
    2.19762000e+04   -3.89299800e-05
    9.53960000e+03   -1.03397700e-04
    4.33437000e+03   -2.61436700e-04
    2.04289000e+03   -6.28441500e-04
    9.92308000e+02   -1.44185300e-03
    4.94446000e+02   -3.09301500e-03
    2.51907000e+02   -6.11139700e-03
    1.30905000e+02   -1.05283300e-02
    6.92368000e+01   -1.43552400e-02
    3.71847000e+01   -1.01353800e-02
    2.02157000e+01    9.60690900e-03
    1.10765000e+01    5.14437900e-02
    6.07867000e+00    9.45386200e-02
    3.31277000e+00    5.07434900e-02
    1.77250000e+00   -9.20624100e-02
    9.17378000e-01   -2.08853000e-01
    4.69283000e-01   -2.39732600e-01
    2.19267000e-01   -6.02093400e-02
    1.05811000e-01    3.78544500e-01
    4.84430000e-02    6.06463300e-01
    2.25350000e-02    2.13157700e-01
27  0
    2.19562000e+07    2.36002100e-08
    4.90233000e+06    1.36798000e-07
    1.31060000e+06    6.27960500e-07
    4.05228000e+05    2.43896300e-06
    1.40757000e+05    8.29312700e-06
    5.36251000e+04    2.54218500e-05
    2.19762000e+04    7.20392400e-05
    9.53960000e+03    1.91426400e-04
    4.33437000e+03    4.83778900e-04
    2.04289000e+03    1.16373500e-03
    9.92308000e+02    2.66862300e-03
    4.94446000e+02    5.73130800e-03
    2.51907000e+02    1.13213000e-02
    1.30905000e+02    1.95531500e-02
    6.92368000e+01    2.66733300e-02
    3.71847000e+01    1.90015500e-02
    2.02157000e+01   -1.79934100e-02
    1.10765000e+01   -9.81329300e-02
    6.07867000e+00   -1.88665800e-01
    3.31277000e+00   -9.63379800e-02
    1.77250000e+00    2.27543600e-01
    9.17378000e-01    5.71664000e-01
    4.69283000e-01    3.84251100e-01
    2.19267000e-01   -9.40289400e-01
    1.05811000e-01   -1.10523900e+00
    4.84430000e-02    7.26315200e-01
    2.25350000e-02    6.71720000e-01
27  0
    2.19562000e+07   -3.63216800e-08
    4.90233000e+06   -2.11513300e-07
    1.31060000e+06   -9.65573200e-07
    4.05228000e+05   -3.77566700e-06
    1.40757000e+05   -1.27320800e-05
    5.36251000e+04   -3.94284900e-05
    2.19762000e+04   -1.10363900e-04
    9.53960000e+03   -2.97600000e-04
    4.33437000e+03   -7.39424700e-04
    2.04289000e+03   -1.81423200e-03
    9.92308000e+02   -4.06936400e-03
    4.94446000e+02   -8.97509700e-03
    2.51907000e+02   -1.72064200e-02
    1.30905000e+02   -3.10085100e-02
    6.92368000e+01   -3.99452400e-02
    3.71847000e+01   -3.31777500e-02
    2.02157000e+01    3.50855000e-02
    1.10765000e+01    1.47219400e-01
    6.07867000e+00    3.56640000e-01
    3.31277000e+00    1.09064700e-01
    1.77250000e+00   -5.75626700e-01
    9.17378000e-01   -1.40384500e+00
    4.69283000e-01    1.20155300e+00
    2.19267000e-01    2.16374100e+00
    1.05811000e-01   -2.23839900e+00
    4.84430000e-02   -8.10837200e-01
    2.25350000e-02    1.41454500e+00
27  0
    2.19562000e+07   -4.29716800e-08
    4.90233000e+06   -2.51483100e-07
    1.31060000e+06   -1.14134500e-06
    4.05228000e+05   -4.49475300e-06
    1.40757000e+05   -1.50251700e-05
    5.36251000e+04   -4.70300800e-05
    2.19762000e+04   -1.29943300e-04
    9.53960000e+03   -3.55876700e-04
    4.33437000e+03   -8.68415300e-04
    2.04289000e+03   -2.17575000e-03
    9.92308000e+02   -4.76757600e-03
    4.94446000e+02   -1.08129700e-02
    2.51907000e+02   -2.00936100e-02
    1.30905000e+02   -3.78801700e-02
    6.92368000e+01   -4.60332700e-02
    3.71847000e+01   -4.44484300e-02
    2.02157000e+01    4.72124200e-02
    1.10765000e+01    1.83418600e-01
    6.07867000e+00    5.52063800e-01
    3.31277000e+00   -4.58580600e-02
    1.77250000e+00   -1.24726900e+00
    9.17378000e-01   -1.47836900e+00
    4.69283000e-01    4.82075200e+00
    2.19267000e-01   -3.00788100e+00
    1.05811000e-01   -1.89111500e+00
    4.84430000e-02    4.37643500e+00
    2.25350000e-02   -2.38021700e+00
27  0
    2.19562000e+07   -6.25768000e-08
    4.90233000e+06   -3.38970500e-07
    1.31060000e+06   -1.68629900e-06
    4.05228000e+05   -5.93274200e-06
    1.40757000e+05   -2.27495800e-05
    5.36251000e+04   -6.00625700e-05
    2.19762000e+04   -2.03389600e-04
    9.53960000e+03   -4.35891100e-04
    4.33437000e+03   -1.41024800e-03
    2.04289000e+03   -2.54425000e-03
    9.92308000e+02   -8.07729600e-03
    4.94446000e+02   -1.18620700e-02
    2.51907000e+02   -3.67647300e-02
    1.30905000e+02   -3.46461900e-02
    6.92368000e+01   -1.10150000e-01
    3.71847000e+01    2.92861700e-02
    2.02157000e+01   -1.14951900e-01
    1.10765000e+01    6.80884100e-01
    6.07867000e+00    3.23957600e-01
    3.31277000e+00    5.26771500e-01
    1.77250000e+00   -5.39259400e+00
    9.17378000e-01    6.76658200e+00
    4.69283000e-01   -1.19265400e+00
    2.19267000e-01   -5.84098600e+00
    1.05811000e-01    8.57920500e+00
    4.84430000e-02   -6.43824300e+00
    2.25350000e-02    2.38394300e+00
1  0
    2.25350000e-02    1.00000000e+00
1  0
    4.23820000e+00    1.00000000e+00
1  0
    1.25050000e+00    1.00000000e+00
1  0
    1.04800000e-02    1.00000000e+00
20  1
    5.92849000e+04    3.00000000e-06
    1.43236000e+04    2.30000000e-05
    4.53722000e+03    1.44000000e-04
    1.72654000e+03    6.60000000e-04
    7.41075000e+02    2.50900000e-03
    3.43807000e+02    8.29400000e-03
    1.67884000e+02    2.42470000e-02
    8.50394000e+01    6.22310000e-02
    4.43829000e+01    1.34220000e-01
    2.37928000e+01    2.29050000e-01
    1.30536000e+01    3.00398000e-01
    7.26872000e+00    2.72261000e-01
    4.03805000e+00    1.35082000e-01
    2.19294000e+00    2.60290000e-02
    1.16162000e+00   -3.04000000e-04
    6.03250000e-01   -1.43400000e-03
    3.00174000e-01   -6.54000000e-04
    1.30264000e-01   -4.00000000e-05
    5.72980000e-02   -1.00000000e-05
    2.49520000e-02    1.00000000e-06
20  1
    5.92849000e+04   -1.00000000e-06
    1.43236000e+04   -8.00000000e-06
    4.53722000e+03   -4.80000000e-05
    1.72654000e+03   -2.21000000e-04
    7.41075000e+02   -8.44000000e-04
    3.43807000e+02   -2.80200000e-03
    1.67884000e+02   -8.27800000e-03
    8.50394000e+01   -2.16350000e-02
    4.43829000e+01   -4.80470000e-02
    2.37928000e+01   -8.46650000e-02
    1.30536000e+01   -1.16748000e-01
    7.26872000e+00   -1.07129000e-01
    4.03805000e+00    1.90880000e-02
    2.19294000e+00    2.46194000e-01
    1.16162000e+00    4.01378000e-01
    6.03250000e-01    3.41565000e-01
    3.00174000e-01    1.26889000e-01
    1.30264000e-01    1.13200000e-02
    5.72980000e-02    6.74000000e-04
    2.49520000e-02    5.80000000e-05
20  1
    5.92849000e+04    1.00000000e-06
    1.43236000e+04    4.00000000e-06
    4.53722000e+03    3.00000000e-05
    1.72654000e+03    1.26000000e-04
    7.41075000e+02    5.19000000e-04
    3.43807000e+02    1.60200000e-03
    1.67884000e+02    5.09100000e-03
    8.50394000e+01    1.23720000e-02
    4.43829000e+01    2.98140000e-02
    2.37928000e+01    4.77590000e-02
    1.30536000e+01    7.82150000e-02
    7.26872000e+00    5.82600000e-02
    4.03805000e+00    5.12800000e-03
    2.19294000e+00   -2.39317000e-01
    1.16162000e+00   -3.98902000e-01
    6.03250000e-01   -3.11374000e-01
    3.00174000e-01    1.25023000e+00
    1.30264000e-01    2.79048000e-01
    5.72980000e-02   -8.98887000e-01
    2.49520000e-02   -6.89990000e-02
20  1
    5.92849000e+04   -1.00000000e-06
    1.43236000e+04   -7.00000000e-06
    4.53722000e+03   -3.00000000e-05
    1.72654000e+03   -1.90000000e-04
    7.41075000e+02   -5.30000000e-04
    3.43807000e+02   -2.39500000e-03
    1.67884000e+02   -5.20200000e-03
    8.50394000e+01   -1.85070000e-02
    4.43829000e+01   -2.91190000e-02
    2.37928000e+01   -7.78450000e-02
    1.30536000e+01   -6.07780000e-02
    7.26872000e+00   -1.82675000e-01
    4.03805000e+00    1.16639000e-01
    2.19294000e+00    2.99361000e-01
    1.16162000e+00    1.23208900e+00
    6.03250000e-01   -1.89424800e+00
    3.00174000e-01   -3.67319000e-01
    1.30264000e-01    2.01077000e+00
    5.72980000e-02   -1.18686700e+00
    2.49520000e-02   -1.38248000e-01
20  1
    5.92849000e+04   -1.00000000e-06
    1.43236000e+04   -8.00000000e-06
    4.53722000e+03   -5.10000000e-05
    1.72654000e+03   -2.16000000e-04
    7.41075000e+02   -8.98000000e-04
    3.43807000e+02   -2.73900000e-03
    1.67884000e+02   -8.85100000e-03
    8.50394000e+01   -2.13880000e-02
    4.43829000e+01   -5.25740000e-02
    2.37928000e+01   -8.25050000e-02
    1.30536000e+01   -1.34434000e-01
    7.26872000e+00   -1.82810000e-01
    4.03805000e+00    9.62330000e-02
    2.19294000e+00    1.44556900e+00
    1.16162000e+00   -5.03023000e-01
    6.03250000e-01   -2.97223600e+00
    3.00174000e-01    4.27304300e+00
    1.30264000e-01   -2.83037100e+00
    5.72980000e-02    7.50008000e-01
    2.49520000e-02    3.66863000e-01
19  1
    1.43236000e+04    2.00000000e-06
    4.53722000e+03    1.20000000e-05
    1.72654000e+03    5.30000000e-05
    7.41075000e+02    2.03000000e-04
    3.43807000e+02    6.70000000e-04
    1.67884000e+02    1.99600000e-03
    8.50394000e+01    5.18900000e-03
    4.43829000e+01    1.16400000e-02
    2.37928000e+01    2.03750000e-02
    1.30536000e+01    2.87140000e-02
    7.26872000e+00    2.57260000e-02
    4.03805000e+00   -6.68800000e-03
    2.19294000e+00   -7.19850000e-02
    1.16162000e+00   -1.18415000e-01
    6.03250000e-01   -1.30000000e-01
    3.00174000e-01    3.07110000e-02
    1.30264000e-01    3.79143000e-01
    5.72980000e-02    5.27615000e-01
    2.49520000e-02    2.00715000e-01
19  1
    1.43236000e+04    2.00000000e-06
    4.53722000e+03    1.40000000e-05
    1.72654000e+03    6.60000000e-05
    7.41075000e+02    2.52000000e-04
    3.43807000e+02    8.33000000e-04
    1.67884000e+02    2.47400000e-03
    8.50394000e+01    6.44300000e-03
    4.43829000e+01    1.44110000e-02
    2.37928000e+01    2.53150000e-02
    1.30536000e+01    3.54780000e-02
    7.26872000e+00    3.21850000e-02
    4.03805000e+00   -7.73200000e-03
    2.19294000e+00   -8.69160000e-02
    1.16162000e+00   -1.42580000e-01
    6.03250000e-01   -1.70435000e-01
    3.00174000e-01    6.73600000e-03
    1.30264000e-01    5.96685000e-01
    5.72980000e-02    4.75338000e-01
    2.49520000e-02    3.00960000e-02
1  1
    2.49520000e-02    1.00000000e+00
1  1
    5.77160000e+00    1.00000000e+00
1  1
    1.65120000e+00    1.00000000e+00
1  1
    1.08700000e-02    1.00000000e+00
12  2
    2.49356000e+02    2.31000000e-04
    7.47483000e+01    2.08000000e-03
    2.89399000e+01    1.05420000e-02
    1.25279000e+01    3.53670000e-02
    5.73431000e+00    9.26070000e-02
    2.74531000e+00    1.83132000e-01
    1.33212000e+00    2.65016000e-01
    6.41088000e-01    3.00021000e-01
    3.02781000e-01    2.67390000e-01
    1.39053000e-01    1.71311000e-01
    6.20290000e-02    5.89290000e-02
    2.64395600e-02    4.50600000e-03
12  2
    2.49356000e+02   -2.34000000e-04
    7.47483000e+01   -2.11500000e-03
    2.89399000e+01   -1.07420000e-02
    1.25279000e+01   -3.63340000e-02
    5.73431000e+00   -9.71000000e-02
    2.74531000e+00   -1.87729000e-01
    1.33212000e+00   -2.46447000e-01
    6.41088000e-01   -1.82914000e-01
    3.02781000e-01    1.36443000e-01
    1.39053000e-01    4.73586000e-01
    6.20290000e-02    3.66901000e-01
    2.64395600e-02    6.02210000e-02
12  2
    2.49356000e+02   -3.77000000e-04
    7.47483000e+01   -3.38200000e-03
    2.89399000e+01   -1.74880000e-02
    1.25279000e+01   -5.95610000e-02
    5.73431000e+00   -1.63991000e-01
    2.74531000e+00   -2.95823000e-01
    1.33212000e+00   -2.67498000e-01
    6.41088000e-01    2.42525000e-01
    3.02781000e-01    7.00288000e-01
    1.39053000e-01   -5.62280000e-02
    6.20290000e-02   -5.89356000e-01
    2.64395600e-02   -1.35939000e-01
12  2
    2.49356000e+02   -4.52000000e-04
    7.47483000e+01   -3.84300000e-03
    2.89399000e+01   -2.09800000e-02
    1.25279000e+01   -6.91410000e-02
    5.73431000e+00   -2.11893000e-01
    2.74531000e+00   -3.28839000e-01
    1.33212000e+00   -8.35100000e-02
    6.41088000e-01    1.03966700e+00
    3.02781000e-01   -2.45234000e-01
    1.39053000e-01   -1.06561400e+00
    6.20290000e-02    7.62584000e-01
    2.64395600e-02    2.63450000e-01
12  2
    2.49356000e+02   -5.63000000e-04
    7.47483000e+01   -6.55700000e-03
    2.89399000e+01   -2.80350000e-02
    1.25279000e+01   -1.24304000e-01
    5.73431000e+00   -2.98053000e-01
    2.74531000e+00   -5.08558000e-01
    1.33212000e+00    1.04612100e+00
    6.41088000e-01    3.61521000e-01
    3.02781000e-01   -1.88232200e+00
    1.39053000e-01    1.74746000e+00
    6.20290000e-02   -4.51201000e-01
    2.64395600e-02   -3.73623000e-01
1  2
    2.64395600e-02    1.00000000e+00
1  2
    3.45030000e+00    1.00000000e+00
1  2
    1.94470000e+00    1.00000000e+00
1  2
    1.12700000e-02    1.00000000e+00
1  3
    5.11800000e+00    1.00000000e+00
1  3
    2.20740000e+00    1.00000000e+00
1  3
    9.52100000e-01    1.00000000e+00
1  3
    4.10600000e-01    1.00000000e+00
1  3
    1.29500000e-01    1.00000000e+00
1  3
    4.08400000e-02    1.00000000e+00
1  4
    4.00750000e+00    1.00000000e+00
1  4
    1.82420000e+00    1.00000000e+00
1  4
    8.30300000e-01    1.00000000e+00
1  4
    2.56900000e-01    1.00000000e+00
1  4
    7.94900000e-02    1.00000000e+00
1  5
    3.62120000e+00    1.00000000e+00
1  5
    1.55120000e+00    1.00000000e+00
1  5
    5.10300000e-01    1.00000000e+00
1  5
    1.67870000e-01    1.00000000e+00
1  6
    3.18210000e+00    1.00000000e+00
1  6
    1.01050000e+00    1.00000000e+00
1  6
    3.20890000e-01    1.00000000e+00
