70
1  0
    2.33317000e+02    1.00000000e+00
1  0
    1.42539000e+02    1.00000000e+00
1  0
    6.12313000e+01    1.00000000e+00
1  0
    2.47638000e+01    1.00000000e+00
1  0
    9.47440000e+00    1.00000000e+00
1  0
    3.62128000e+00    1.00000000e+00
1  0
    1.91322000e+00    1.00000000e+00
1  0
    1.23050000e+00    1.00000000e+00
1  0
    7.59435000e-01    1.00000000e+00
1  0
    4.94140000e-01    1.00000000e+00
1  0
    2.12033000e-01    1.00000000e+00
1  0
    1.11408000e-01    1.00000000e+00
1  0
    5.46720000e-02    1.00000000e+00
1  0
    2.68300000e-02    1.00000000e+00
1  1
    1.12555000e+02    1.00000000e+00
1  1
    4.02767000e+01    1.00000000e+00
1  1
    1.94593000e+01    1.00000000e+00
1  1
    8.76847000e+00    1.00000000e+00
1  1
    4.24707000e+00    1.00000000e+00
1  1
    1.97894000e+00    1.00000000e+00
1  1
    8.34917000e-01    1.00000000e+00
1  1
    6.42202000e-01    1.00000000e+00
1  1
    4.70588000e-01    1.00000000e+00
1  1
    2.13551000e-01    1.00000000e+00
1  1
    1.16657000e-01    1.00000000e+00
1  1
    5.60040000e-02    1.00000000e+00
1  1
    2.68860000e-02    1.00000000e+00
1  2
    3.26615000e+01    1.00000000e+00
1  2
    1.52374000e+01    1.00000000e+00
1  2
    7.42390000e+00    1.00000000e+00
1  2
    3.42261000e+00    1.00000000e+00
1  2
    1.62036000e+00    1.00000000e+00
1  2
    8.02281000e-01    1.00000000e+00
1  2
    4.24509000e-01    1.00000000e+00
1  2
    1.99315000e-01    1.00000000e+00
1  2
    1.31408000e-01    1.00000000e+00
1  2
    6.21810000e-02    1.00000000e+00
1  2
    2.94230000e-02    1.00000000e+00
1  3
    2.05465000e+01    1.00000000e+00
1  3
    8.02352000e+00    1.00000000e+00
1  3
    3.20500000e+00    1.00000000e+00
1  3
    1.78188000e+00    1.00000000e+00
1  3
    9.79335000e-01    1.00000000e+00
1  3
    6.26468000e-01    1.00000000e+00
1  3
    2.74517000e-01    1.00000000e+00
1  3
    1.60085000e-01    1.00000000e+00
1  3
    8.42500000e-02    1.00000000e+00
1  3
    4.43400000e-02    1.00000000e+00
1  4
    1.28787000e+01    1.00000000e+00
1  4
    4.66529000e+00    1.00000000e+00
1  4
    1.95608000e+00    1.00000000e+00
1  4
    8.95237000e-01    1.00000000e+00
1  4
    4.68706000e-01    1.00000000e+00
1  4
    1.98277000e-01    1.00000000e+00
1  4
    9.73030000e-02    1.00000000e+00
1  4
    4.77500000e-02    1.00000000e+00
1  5
    5.51843000e+00    1.00000000e+00
1  5
    2.94591000e+00    1.00000000e+00
1  5
    1.39368000e+00    1.00000000e+00
1  5
    8.96159000e-01    1.00000000e+00
1  5
    3.41049000e-01    1.00000000e+00
1  5
    1.29792000e-01    1.00000000e+00
1  6
    4.23422000e+00    1.00000000e+00
1  6
    2.21858000e+00    1.00000000e+00
1  6
    1.24714000e+00    1.00000000e+00
1  6
    6.15323000e-01    1.00000000e+00
1  6
    3.03592000e-01    1.00000000e+00
1  7
    2.49411000e+00    1.00000000e+00
1  7
    1.24265000e+00    1.00000000e+00
1  7
    6.19126000e-01    1.00000000e+00
