16
12  0
    3.71394666e+01    2.41100000e-03
    1.16606173e+01   -5.75963000e-01
    8.97511530e+00    2.64594800e+00
    7.67011905e+00   -2.36287600e+00
    3.44923714e+00   -5.98420000e-02
    1.58705441e+00    2.44002000e-01
    9.53874320e-01    5.85930000e-01
    4.73005370e-01    3.78609000e-01
    2.20304100e-01    3.10990000e-02
    1.03495340e-01    4.60200000e-03
    4.82206900e-02    6.09000000e-04
    2.26639000e-02    1.04400000e-03
12  0
    3.71394666e+01   -3.63000000e-04
    1.16606173e+01    1.29591000e-01
    8.97511530e+00   -6.25086000e-01
    7.67011905e+00    5.72499000e-01
    3.44923714e+00    1.66520000e-02
    1.58705441e+00   -7.30520000e-02
    9.53874320e-01   -2.03234000e-01
    4.73005370e-01   -2.51131000e-01
    2.20304100e-01   -4.46190000e-02
    1.03495340e-01    3.89050000e-01
    4.82206900e-02    5.91401000e-01
    2.26639000e-02    2.08165000e-01
12  0
    3.71394666e+01   -1.11600000e-03
    1.16606173e+01    5.08798000e-01
    8.97511530e+00   -2.59427600e+00
    7.67011905e+00    2.46893500e+00
    3.44923714e+00    2.64710000e-02
    1.58705441e+00   -1.13173000e+00
    9.53874320e-01   -3.92618000e-01
    4.73005370e-01    4.79234000e-01
    2.20304100e-01    9.27545000e-01
    1.03495340e-01    3.87481000e-01
    4.82206900e-02   -5.88339000e-01
    2.26639000e-02   -3.96132000e-01
1  0
    2.26639000e-02    1.00000000e+00
1  0
    1.06521100e-02    1.00000000e+00
12  1
    4.43852060e+01    5.57000000e-04
    2.38582246e+01   -4.85700000e-03
    1.27350715e+01    2.74480000e-02
    6.00842867e+00   -1.50306000e-01
    3.96301478e+00    9.22030000e-02
    2.13751474e+00    2.10744000e-01
    1.20712576e+00    3.97756000e-01
    6.20001940e-01    3.54359000e-01
    3.09000570e-01    1.30823000e-01
    1.29182930e-01    1.29520000e-02
    5.40071100e-02   -1.25000000e-04
    2.25785900e-02    2.45000000e-04
12  1
    4.43852060e+01   -7.70000000e-05
    2.38582246e+01    9.06000000e-04
    1.27350715e+01   -6.12600000e-03
    6.00842867e+00    3.82850000e-02
    3.96301478e+00   -2.73560000e-02
    2.13751474e+00   -5.96650000e-02
    1.20712576e+00   -1.15513000e-01
    6.20001940e-01   -1.30421000e-01
    3.09000570e-01    2.53580000e-02
    1.29182930e-01    3.94962000e-01
    5.40071100e-02    5.48310000e-01
    2.25785900e-02    1.69017000e-01
12  1
    4.43852060e+01    3.15000000e-04
    2.38582246e+01   -4.54900000e-03
    1.27350715e+01    3.50320000e-02
    6.00842867e+00   -2.69496000e-01
    3.96301478e+00    2.20568000e-01
    2.13751474e+00    7.79761000e-01
    1.20712576e+00    2.40982000e-01
    6.20001940e-01   -8.59612000e-01
    3.09000570e-01   -5.78446000e-01
    1.29182930e-01    6.38634000e-01
    5.40071100e-02    3.93609000e-01
    2.25785900e-02   -3.21000000e-03
1  1
    2.25785900e-02    1.00000000e+00
1  1
    9.43936000e-03    1.00000000e+00
10  2
    2.93146600e+01   -5.19000000e-04
    1.36306754e+01   -7.18600000e-03
    8.04907964e+00    9.54410000e-02
    3.25682476e+00    1.70565000e-01
    1.47405400e+00    2.78820000e-01
    6.61412890e-01    3.24798000e-01
    2.96736380e-01    2.80135000e-01
    1.34560870e-01    1.72066000e-01
    6.09566600e-02    5.82370000e-02
    2.78453100e-02    4.58800000e-03
10  2
    2.93146600e+01    2.63100000e-03
    1.36306754e+01   -5.27800000e-03
    8.04907964e+00   -6.52130000e-02
    3.25682476e+00   -2.54704000e-01
    1.47405400e+00   -4.86598000e-01
    6.61412890e-01    1.18110000e-02
    2.96736380e-01    3.38416000e-01
    1.34560870e-01    3.86607000e-01
    6.09566600e-02    1.82743000e-01
    2.78453100e-02    1.89030000e-02
1  2
    2.78453100e-02    1.00000000e+00
1  2
    1.27198700e-02    1.00000000e+00
1  3
    1.63535700e+00    1.00000000e+00
1  3
    7.47039310e-01    1.00000000e+00
