37
12  0
    3.71394666e+01    2.41100000e-03
    1.16606173e+01   -5.75963000e-01
    8.97511530e+00    2.64594800e+00
    7.67011905e+00   -2.36287600e+00
    3.44923714e+00   -5.98420000e-02
    1.58705441e+00    2.44002000e-01
    9.53874320e-01    5.85930000e-01
    4.73005370e-01    3.78609000e-01
    2.20304100e-01    3.10990000e-02
    1.03495340e-01    4.60200000e-03
    4.82206900e-02    6.09000000e-04
    2.26639000e-02    1.04400000e-03
12  0
    3.71394666e+01   -3.63000000e-04
    1.16606173e+01    1.29591000e-01
    8.97511530e+00   -6.25086000e-01
    7.67011905e+00    5.72499000e-01
    3.44923714e+00    1.66520000e-02
    1.58705441e+00   -7.30520000e-02
    9.53874320e-01   -2.03234000e-01
    4.73005370e-01   -2.51131000e-01
    2.20304100e-01   -4.46190000e-02
    1.03495340e-01    3.89050000e-01
    4.82206900e-02    5.91401000e-01
    2.26639000e-02    2.08165000e-01
12  0
    3.71394666e+01   -1.11700000e-03
    1.16606173e+01    5.19184000e-01
    8.97511530e+00   -2.65467900e+00
    7.67011905e+00    2.53082600e+00
    3.44923714e+00    2.42140000e-02
    1.58705441e+00   -1.19129500e+00
    9.53874320e-01   -3.63032000e-01
    4.73005370e-01    5.26137000e-01
    2.20304100e-01    9.05421000e-01
    1.03495340e-01    3.54812000e-01
    4.82206900e-02   -5.68056000e-01
    2.26639000e-02   -3.90015000e-01
12  0
    3.71394666e+01   -2.41500000e-03
    1.16606173e+01    8.06588000e-01
    8.97511530e+00   -4.23458700e+00
    7.67011905e+00    4.16476500e+00
    3.44923714e+00   -3.43504000e-01
    1.58705441e+00   -2.54154900e+00
    9.53874320e-01    1.10266700e+00
    4.73005370e-01    2.15976800e+00
    2.20304100e-01   -7.37131000e-01
    1.03495340e-01   -1.58519500e+00
    4.82206900e-02    5.16922000e-01
    2.26639000e-02    6.99955000e-01
12  0
    3.71394666e+01    6.91200000e-03
    1.16606173e+01   -1.73220500e+00
    8.97511530e+00    9.61090600e+00
    7.67011905e+00   -1.00286450e+01
    3.44923714e+00    3.52948100e+00
    1.58705441e+00    2.14199700e+00
    9.53874320e-01   -6.11131400e+00
    4.73005370e-01    2.71191400e+00
    2.20304100e-01    1.84153700e+00
    1.03495340e-01   -2.16115200e+00
    4.82206900e-02   -2.89527000e-01
    2.26639000e-02    9.49254000e-01
12  0
    3.71394666e+01   -8.74800000e-03
    1.16606173e+01   -2.73209000e-01
    8.97511530e+00    4.29549700e+00
    7.67011905e+00   -6.04246600e+00
    3.44923714e+00    5.59880300e+00
    1.58705441e+00   -5.96138600e+00
    9.53874320e-01    1.10820100e+00
    4.73005370e-01    4.28199000e+00
    2.20304100e-01   -4.42233200e+00
    1.03495340e-01    1.22013100e+00
    4.82206900e-02    1.58650000e+00
    2.26639000e-02   -1.30095000e+00
1  0
    2.26639000e-02    1.00000000e+00
1  0
    1.06521100e-02    1.00000000e+00
12  1
    4.43852060e+01    5.57000000e-04
    2.38582246e+01   -4.85700000e-03
    1.27350715e+01    2.74480000e-02
    6.00842867e+00   -1.50306000e-01
    3.96301478e+00    9.22030000e-02
    2.13751474e+00    2.10744000e-01
    1.20712576e+00    3.97756000e-01
    6.20001940e-01    3.54359000e-01
    3.09000570e-01    1.30823000e-01
    1.29182930e-01    1.29520000e-02
    5.40071100e-02   -1.25000000e-04
    2.25785900e-02    2.45000000e-04
12  1
    4.43852060e+01   -7.70000000e-05
    2.38582246e+01    9.06000000e-04
    1.27350715e+01   -6.12600000e-03
    6.00842867e+00    3.82850000e-02
    3.96301478e+00   -2.73560000e-02
    2.13751474e+00   -5.96650000e-02
    1.20712576e+00   -1.15513000e-01
    6.20001940e-01   -1.30421000e-01
    3.09000570e-01    2.53580000e-02
    1.29182930e-01    3.94962000e-01
    5.40071100e-02    5.48310000e-01
    2.25785900e-02    1.69017000e-01
12  1
    4.43852060e+01    3.72000000e-04
    2.38582246e+01   -4.54700000e-03
    1.27350715e+01    3.31520000e-02
    6.00842867e+00   -2.50794000e-01
    3.96301478e+00    2.09436000e-01
    2.13751474e+00    7.25806000e-01
    1.20712576e+00    1.66574000e-01
    6.20001940e-01   -8.00426000e-01
    3.09000570e-01   -4.64507000e-01
    1.29182930e-01    6.06081000e-01
    5.40071100e-02    3.33189000e-01
    2.25785900e-02   -2.68300000e-03
12  1
    4.43852060e+01    8.56000000e-04
    2.38582246e+01   -9.01400000e-03
    1.27350715e+01    7.04810000e-02
    6.00842867e+00   -7.59095000e-01
    3.96301478e+00    1.31522100e+00
    2.13751474e+00    1.05931200e+00
    1.20712576e+00   -1.82871900e+00
    6.20001940e-01   -6.30378000e-01
    3.09000570e-01    1.64193900e+00
    1.29182930e-01   -2.01267000e-01
    5.40071100e-02   -5.94648000e-01
    2.25785900e-02    2.01190000e-02
12  1
    4.43852060e+01   -7.54300000e-03
    2.38582246e+01    3.26710000e-02
    1.27350715e+01   -3.57860000e-02
    6.00842867e+00   -1.01036500e+00
    3.96301478e+00    3.27864200e+00
    2.13751474e+00   -1.92621300e+00
    1.20712576e+00   -1.97794700e+00
    6.20001940e-01    3.42962300e+00
    3.09000570e-01   -1.44315800e+00
    1.29182930e-01   -7.82212000e-01
    5.40071100e-02    9.89878000e-01
    2.25785900e-02   -5.00460000e-02
12  1
    4.43852060e+01   -5.06570000e-02
    2.38582246e+01    2.55538000e-01
    1.27350715e+01   -7.43902000e-01
    6.00842867e+00    1.31434300e+00
    3.96301478e+00    2.28530400e+00
    2.13751474e+00   -7.24882000e+00
    1.20712576e+00    6.85399600e+00
    6.20001940e-01   -2.36538500e+00
    3.09000570e-01   -1.02876400e+00
    1.29182930e-01    2.03450000e+00
    5.40071100e-02   -1.25279800e+00
    2.25785900e-02    6.57090000e-02
1  1
    2.25785900e-02    1.00000000e+00
1  1
    9.43936000e-03    1.00000000e+00
10  2
    2.93146600e+01   -5.19000000e-04
    1.36306754e+01   -7.18600000e-03
    8.04907964e+00    9.54410000e-02
    3.25682476e+00    1.70565000e-01
    1.47405400e+00    2.78820000e-01
    6.61412890e-01    3.24798000e-01
    2.96736380e-01    2.80135000e-01
    1.34560870e-01    1.72066000e-01
    6.09566600e-02    5.82370000e-02
    2.78453100e-02    4.58800000e-03
10  2
    2.93146600e+01    2.79600000e-03
    1.36306754e+01   -6.39900000e-03
    8.04907964e+00   -6.11320000e-02
    3.25682476e+00   -2.57807000e-01
    1.47405400e+00   -4.91130000e-01
    6.61412890e-01    1.49860000e-02
    2.96736380e-01    3.53750000e-01
    1.34560870e-01    3.81340000e-01
    6.09566600e-02    1.72336000e-01
    2.78453100e-02    1.71390000e-02
10  2
    2.93146600e+01    7.52700000e-03
    1.36306754e+01   -3.65270000e-02
    8.04907964e+00    8.06000000e-03
    3.25682476e+00   -5.79631000e-01
    1.47405400e+00   -2.06687000e-01
    6.61412890e-01    8.73007000e-01
    2.96736380e-01    1.69503000e-01
    1.34560870e-01   -4.35216000e-01
    6.09566600e-02   -3.45166000e-01
    2.78453100e-02   -3.14190000e-02
10  2
    2.93146600e+01   -2.18900000e-03
    1.36306754e+01    2.92990000e-02
    8.04907964e+00   -2.69754000e-01
    3.25682476e+00   -9.66362000e-01
    1.47405400e+00    1.32364000e+00
    6.61412890e-01    2.25560000e-02
    2.96736380e-01   -9.28366000e-01
    1.34560870e-01    3.15614000e-01
    6.09566600e-02    3.73341000e-01
    2.78453100e-02    5.64510000e-02
10  2
    2.93146600e+01    5.53560000e-02
    1.36306754e+01   -3.58972000e-01
    8.04907964e+00    1.06160300e+00
    3.25682476e+00   -1.28808000e-01
    1.47405400e+00   -1.44752500e+00
    6.61412890e-01    2.22250000e+00
    2.96736380e-01   -1.54137900e+00
    1.34560870e-01    4.28570000e-02
    6.09566600e-02    4.97997000e-01
    2.78453100e-02    1.03995000e-01
1  2
    2.78453100e-02    1.00000000e+00
1  2
    1.27198700e-02    1.00000000e+00
1  3
    3.36906000e+00    1.00000000e+00
1  3
    1.37167500e+00    1.00000000e+00
1  3
    5.58462000e-01    1.00000000e+00
1  3
    2.27371000e-01    1.00000000e+00
1  3
    9.25713300e-02    1.00000000e+00
1  4
    3.52699900e+00    1.00000000e+00
1  4
    1.49880100e+00    1.00000000e+00
1  4
    6.36916000e-01    1.00000000e+00
1  4
    2.70657670e-01    1.00000000e+00
1  5
    3.54800000e+00    1.00000000e+00
1  5
    1.46124300e+00    1.00000000e+00
1  5
    6.01812590e-01    1.00000000e+00
1  6
    2.84248700e+00    1.00000000e+00
1  6
    1.17067761e+00    1.00000000e+00
