29
12  0
    3.71394666e+01    2.41100000e-03
    1.16606173e+01   -5.75963000e-01
    8.97511530e+00    2.64594800e+00
    7.67011905e+00   -2.36287600e+00
    3.44923714e+00   -5.98420000e-02
    1.58705441e+00    2.44002000e-01
    9.53874320e-01    5.85930000e-01
    4.73005370e-01    3.78609000e-01
    2.20304100e-01    3.10990000e-02
    1.03495340e-01    4.60200000e-03
    4.82206900e-02    6.09000000e-04
    2.26639000e-02    1.04400000e-03
12  0
    3.71394666e+01   -3.63000000e-04
    1.16606173e+01    1.29591000e-01
    8.97511530e+00   -6.25086000e-01
    7.67011905e+00    5.72499000e-01
    3.44923714e+00    1.66520000e-02
    1.58705441e+00   -7.30520000e-02
    9.53874320e-01   -2.03234000e-01
    4.73005370e-01   -2.51131000e-01
    2.20304100e-01   -4.46190000e-02
    1.03495340e-01    3.89050000e-01
    4.82206900e-02    5.91401000e-01
    2.26639000e-02    2.08165000e-01
12  0
    3.71394666e+01   -1.11500000e-03
    1.16606173e+01    5.19670000e-01
    8.97511530e+00   -2.65729400e+00
    7.67011905e+00    2.53323800e+00
    3.44923714e+00    2.47740000e-02
    1.58705441e+00   -1.19557700e+00
    9.53874320e-01   -3.55978000e-01
    4.73005370e-01    5.18177000e-01
    2.20304100e-01    9.14245000e-01
    1.03495340e-01    3.48281000e-01
    4.82206900e-02   -5.66441000e-01
    2.26639000e-02   -3.89331000e-01
12  0
    3.71394666e+01   -2.32900000e-03
    1.16606173e+01    7.99099000e-01
    8.97511530e+00   -4.20093200e+00
    7.67011905e+00    4.13210600e+00
    3.44923714e+00   -3.27220000e-01
    1.58705441e+00   -2.56793200e+00
    9.53874320e-01    1.12585600e+00
    4.73005370e-01    2.15536600e+00
    2.20304100e-01   -7.43551000e-01
    1.03495340e-01   -1.57937100e+00
    4.82206900e-02    5.15995000e-01
    2.26639000e-02    6.99247000e-01
12  0
    3.71394666e+01    6.06400000e-03
    1.16606173e+01   -1.64215700e+00
    8.97511530e+00    9.19655000e+00
    7.67011905e+00   -9.63006400e+00
    3.44923714e+00    3.37661100e+00
    1.58705441e+00    2.28673900e+00
    9.53874320e-01   -6.16542300e+00
    4.73005370e-01    2.65628300e+00
    2.20304100e-01    1.91851400e+00
    1.03495340e-01   -2.20213200e+00
    4.82206900e-02   -2.93714000e-01
    2.26639000e-02    9.61713000e-01
1  0
    2.26639000e-02    1.00000000e+00
1  0
    1.06521100e-02    1.00000000e+00
12  1
    4.43852060e+01    5.57000000e-04
    2.38582246e+01   -4.85700000e-03
    1.27350715e+01    2.74480000e-02
    6.00842867e+00   -1.50306000e-01
    3.96301478e+00    9.22030000e-02
    2.13751474e+00    2.10744000e-01
    1.20712576e+00    3.97756000e-01
    6.20001940e-01    3.54359000e-01
    3.09000570e-01    1.30823000e-01
    1.29182930e-01    1.29520000e-02
    5.40071100e-02   -1.25000000e-04
    2.25785900e-02    2.45000000e-04
12  1
    4.43852060e+01   -7.70000000e-05
    2.38582246e+01    9.06000000e-04
    1.27350715e+01   -6.12600000e-03
    6.00842867e+00    3.82850000e-02
    3.96301478e+00   -2.73560000e-02
    2.13751474e+00   -5.96650000e-02
    1.20712576e+00   -1.15513000e-01
    6.20001940e-01   -1.30421000e-01
    3.09000570e-01    2.53580000e-02
    1.29182930e-01    3.94962000e-01
    5.40071100e-02    5.48310000e-01
    2.25785900e-02    1.69017000e-01
12  1
    4.43852060e+01    2.89000000e-04
    2.38582246e+01   -4.06800000e-03
    1.27350715e+01    3.11820000e-02
    6.00842867e+00   -2.42448000e-01
    3.96301478e+00    1.98909000e-01
    2.13751474e+00    7.20192000e-01
    1.20712576e+00    1.62963000e-01
    6.20001940e-01   -7.88053000e-01
    3.09000570e-01   -4.56042000e-01
    1.29182930e-01    5.94094000e-01
    5.40071100e-02    3.21239000e-01
    2.25785900e-02   -2.28200000e-03
12  1
    4.43852060e+01    3.22000000e-04
    2.38582246e+01   -6.29300000e-03
    1.27350715e+01    6.14330000e-02
    6.00842867e+00   -7.09428000e-01
    3.96301478e+00    1.23054600e+00
    2.13751474e+00    1.09959100e+00
    1.20712576e+00   -1.80149000e+00
    6.20001940e-01   -6.80724000e-01
    3.09000570e-01    1.66503600e+00
    1.29182930e-01   -1.94409000e-01
    5.40071100e-02   -6.05253000e-01
    2.25785900e-02    2.02320000e-02
12  1
    4.43852060e+01   -6.43100000e-03
    2.38582246e+01    2.84100000e-02
    1.27350715e+01   -3.84930000e-02
    6.00842867e+00   -7.26428000e-01
    3.96301478e+00    2.46021100e+00
    2.13751474e+00   -1.50235300e+00
    1.20712576e+00   -1.40476100e+00
    6.20001940e-01    2.49750900e+00
    3.09000570e-01   -1.02921700e+00
    1.29182930e-01   -6.11426000e-01
    5.40071100e-02    7.50291000e-01
    2.25785900e-02   -3.87830000e-02
1  1
    2.25785900e-02    1.00000000e+00
1  1
    9.43936000e-03    1.00000000e+00
10  2
    2.93146600e+01   -5.19000000e-04
    1.36306754e+01   -7.18600000e-03
    8.04907964e+00    9.54410000e-02
    3.25682476e+00    1.70565000e-01
    1.47405400e+00    2.78820000e-01
    6.61412890e-01    3.24798000e-01
    2.96736380e-01    2.80135000e-01
    1.34560870e-01    1.72066000e-01
    6.09566600e-02    5.82370000e-02
    2.78453100e-02    4.58800000e-03
10  2
    2.93146600e+01    2.81000000e-03
    1.36306754e+01   -6.47900000e-03
    8.04907964e+00   -6.09880000e-02
    3.25682476e+00   -2.58291000e-01
    1.47405400e+00   -4.90090000e-01
    6.61412890e-01    1.45540000e-02
    2.96736380e-01    3.52182000e-01
    1.34560870e-01    3.82358000e-01
    6.09566600e-02    1.72767000e-01
    2.78453100e-02    1.73660000e-02
10  2
    2.93146600e+01    7.74400000e-03
    1.36306754e+01   -3.76390000e-02
    8.04907964e+00    9.87900000e-03
    3.25682476e+00   -5.74581000e-01
    1.47405400e+00   -2.15187000e-01
    6.61412890e-01    8.74455000e-01
    2.96736380e-01    1.74962000e-01
    1.34560870e-01   -4.39503000e-01
    6.09566600e-02   -3.44031000e-01
    2.78453100e-02   -3.18510000e-02
10  2
    2.93146600e+01   -1.94500000e-03
    1.36306754e+01    2.90010000e-02
    8.04907964e+00   -2.76270000e-01
    3.25682476e+00   -9.46826000e-01
    1.47405400e+00    1.28698000e+00
    6.61412890e-01    6.55290000e-02
    2.96736380e-01   -9.57094000e-01
    1.34560870e-01    3.25461000e-01
    6.09566600e-02    3.69531000e-01
    2.78453100e-02    5.85540000e-02
1  2
    2.78453100e-02    1.00000000e+00
1  2
    1.27198700e-02    1.00000000e+00
1  3
    2.75020700e+00    1.00000000e+00
1  3
    9.66241000e-01    1.00000000e+00
1  3
    3.39471000e-01    1.00000000e+00
1  3
    1.19266880e-01    1.00000000e+00
1  4
    2.80785700e+00    1.00000000e+00
1  4
    1.01806400e+00    1.00000000e+00
1  4
    3.69126440e-01    1.00000000e+00
1  5
    2.38805700e+00    1.00000000e+00
1  5
    8.65854200e-01    1.00000000e+00
