41
22  0
    9.31703400e+06    1.96788400e-06
    1.39497100e+06    1.53019800e-05
    3.17453100e+05    8.05040300e-05
    8.99210000e+04    3.40030200e-04
    2.93381600e+04    1.23834900e-03
    1.05926600e+04    4.02847500e-03
    4.13205600e+03    1.19250800e-02
    1.71423500e+03    3.21560100e-02
    7.47915100e+02    7.77862000e-02
    3.40199100e+02    1.61203000e-01
    1.60206000e+02    2.61882600e-01
    7.75885100e+01    2.76654100e-01
    3.80448900e+01    1.44296800e-01
    1.73536200e+01    6.99313100e-02
    8.64206200e+00    1.25944900e-01
    4.30440400e+00    9.02583000e-02
    1.93771800e+00    1.20040100e-02
    9.36594000e-01   -3.97616800e-04
    4.32624000e-01    1.42544400e-04
    1.07352000e-01   -4.19666400e-05
    5.20340000e-02    4.82421300e-05
    2.40380000e-02   -4.67689800e-06
22  0
    9.31703400e+06   -1.13000700e-06
    1.39497100e+06   -8.78941600e-06
    3.17453100e+05   -4.62262300e-05
    8.99210000e+04   -1.95404700e-04
    2.93381600e+04   -7.11700000e-04
    1.05926600e+04   -2.32175500e-03
    4.13205600e+03   -6.89951100e-03
    1.71423500e+03   -1.88376500e-02
    7.47915100e+02   -4.66397600e-02
    3.40199100e+02   -1.02076400e-01
    1.60206000e+02   -1.84869300e-01
    7.75885100e+01   -2.47960100e-01
    3.80448900e+01   -1.63486300e-01
    1.73536200e+01    1.77914700e-01
    8.64206200e+00    5.35173800e-01
    4.30440400e+00    3.75282200e-01
    1.93771800e+00    5.21703800e-02
    9.36594000e-01   -3.86319200e-03
    4.32624000e-01    2.84537400e-04
    1.07352000e-01   -3.50041400e-04
    5.20340000e-02    3.19290600e-04
    2.40380000e-02   -5.61397000e-05
22  0
    9.31703400e+06    2.25273500e-07
    1.39497100e+06    1.75363100e-06
    3.17453100e+05    9.21305200e-06
    8.99210000e+04    3.90124200e-05
    2.93381600e+04    1.41918400e-04
    1.05926600e+04    4.64863500e-04
    4.13205600e+03    1.38354400e-03
    1.71423500e+03    3.82735400e-03
    7.47915100e+02    9.63919100e-03
    3.40199100e+02    2.21171900e-02
    1.60206000e+02    4.31495400e-02
    7.75885100e+01    6.70348100e-02
    3.80448900e+01    4.94642400e-02
    1.73536200e+01   -8.33345600e-02
    8.64206200e+00   -3.38443500e-01
    4.30440400e+00   -3.67406900e-01
    1.93771800e+00    2.24705600e-01
    9.36594000e-01    6.87881500e-01
    4.32624000e-01    3.59443500e-01
    1.07352000e-01    1.93369500e-02
    5.20340000e-02   -5.99781900e-03
    2.40380000e-02    2.82806400e-03
22  0
    9.31703400e+06   -5.31843300e-08
    1.39497100e+06   -4.13985500e-07
    3.17453100e+05   -2.17515300e-06
    8.99210000e+04   -9.20956700e-06
    2.93381600e+04   -3.35076100e-05
    1.05926600e+04   -1.09739300e-04
    4.13205600e+03   -3.26700600e-04
    1.71423500e+03   -9.03656700e-04
    7.47915100e+02   -2.27725700e-03
    3.40199100e+02   -5.22675600e-03
    1.60206000e+02   -1.02170700e-02
    7.75885100e+01   -1.59146800e-02
    3.80448900e+01   -1.18281400e-02
    1.73536200e+01    2.01199900e-02
    8.64206200e+00    8.52658400e-02
    4.30440400e+00    9.69348900e-02
    1.93771800e+00   -7.08267200e-02
    9.36594000e-01   -2.35974000e-01
    4.32624000e-01   -2.62961300e-01
    1.07352000e-01    3.01121400e-01
    5.20340000e-02    6.12507400e-01
    2.40380000e-02    2.57136800e-01
22  0
    9.31703400e+06   -9.71187200e-08
    1.39497100e+06   -7.73397000e-07
    3.17453100e+05   -3.93105200e-06
    8.99210000e+04   -1.73832300e-05
    2.93381600e+04   -5.98653600e-05
    1.05926600e+04   -2.09585300e-04
    4.13205600e+03   -5.75648200e-04
    1.71423500e+03   -1.75159500e-03
    7.47915100e+02   -3.93512000e-03
    3.40199100e+02   -1.03849000e-02
    1.60206000e+02   -1.69110000e-02
    7.75885100e+01   -3.41098900e-02
    3.80448900e+01   -1.22043700e-02
    1.73536200e+01    1.39753500e-02
    8.64206200e+00    2.17621200e-01
    4.30440400e+00    9.53270800e-02
    1.93771800e+00    1.78252400e-02
    9.36594000e-01   -1.01634200e+00
    4.32624000e-01    3.10702600e-01
    1.07352000e-01    1.99178600e+00
    5.20340000e-02   -1.14295500e+00
    2.40380000e-02   -6.20692300e-01
22  0
    9.31703400e+06   -1.53364400e-07
    1.39497100e+06   -1.23429500e-06
    3.17453100e+05   -6.17718800e-06
    8.99210000e+04   -2.78725300e-05
    2.93381600e+04   -9.35519900e-05
    1.05926600e+04   -3.37835200e-04
    4.13205600e+03   -8.93547500e-04
    1.71423500e+03   -2.84235300e-03
    7.47915100e+02   -6.05233200e-03
    3.40199100e+02   -1.70469000e-02
    1.60206000e+02   -2.54980600e-02
    7.75885100e+01   -5.79114900e-02
    3.80448900e+01   -1.27179100e-02
    1.73536200e+01    6.26076200e-03
    8.64206200e+00    4.08030600e-01
    4.30440400e+00    1.28425800e-01
    1.93771800e+00   -1.23128600e-01
    9.36594000e-01   -2.26733100e+00
    4.32624000e-01    2.80750700e+00
    1.07352000e-01   -3.02800900e-01
    5.20340000e-02   -2.07122700e+00
    2.40380000e-02    1.80362500e+00
22  0
    9.31703400e+06   -1.76452600e-07
    1.39497100e+06   -1.31440100e-06
    3.17453100e+05   -7.35546400e-06
    8.99210000e+04   -2.86376200e-05
    2.93381600e+04   -1.15655100e-04
    1.05926600e+04   -3.33073200e-04
    4.13205600e+03   -1.15515600e-03
    1.71423500e+03   -2.65983200e-03
    7.47915100e+02   -8.33203600e-03
    3.40199100e+02   -1.46261100e-02
    1.60206000e+02   -4.03089000e-02
    7.75885100e+01   -3.74584200e-02
    3.80448900e+01   -7.37595900e-02
    1.73536200e+01    1.44326800e-01
    8.64206200e+00    2.11903100e-01
    4.30440400e+00    7.47418700e-01
    1.93771800e+00   -2.03108000e+00
    9.36594000e-01    1.92269300e-01
    4.32624000e-01    2.28776800e+00
    1.07352000e-01   -5.16813500e+00
    5.20340000e-02    6.46032300e+00
    2.40380000e-02   -2.91555100e+00
1  0
    2.40380000e-02    1.00000000e+00
1  0
    4.02630000e+00    1.00000000e+00
1  0
    1.04570000e+00    1.00000000e+00
1  0
    1.11000000e-02    1.00000000e+00
18  1
    2.55373300e+04    1.20000000e-05
    6.04224300e+03    1.04000000e-04
    1.96265300e+03    6.07000000e-04
    7.51733800e+02    2.75100000e-03
    3.19883300e+02    1.02660000e-02
    1.46430000e+02    3.21800000e-02
    7.07486100e+01    8.44860000e-02
    3.55908800e+01    1.78332000e-01
    1.83689300e+01    2.88574000e-01
    9.65865500e+00    3.28758000e-01
    5.13673000e+00    2.11541000e-01
    2.69887200e+00    5.55190000e-02
    1.38970300e+00    2.02000000e-03
    7.03163000e-01   -1.42900000e-03
    3.44123000e-01   -9.41000000e-04
    1.41361000e-01   -5.30000000e-05
    6.08630000e-02   -1.70000000e-05
    2.59070000e-02    3.00000000e-06
18  1
    2.55373300e+04   -4.00000000e-06
    6.04224300e+03   -3.50000000e-05
    1.96265300e+03   -2.03000000e-04
    7.51733800e+02   -9.25000000e-04
    3.19883300e+02   -3.47000000e-03
    1.46430000e+02   -1.10200000e-02
    7.07486100e+01   -2.95770000e-02
    3.55908800e+01   -6.45740000e-02
    1.83689300e+01   -1.08458000e-01
    9.65865500e+00   -1.31910000e-01
    5.13673000e+00   -5.30890000e-02
    2.69887200e+00    1.78125000e-01
    1.38970300e+00    3.95701000e-01
    7.03163000e-01    3.92728000e-01
    3.44123000e-01    1.74477000e-01
    1.41361000e-01    1.89460000e-02
    6.08630000e-02   -3.28000000e-04
    2.59070000e-02    3.76000000e-04
18  1
    2.55373300e+04    1.00000000e-06
    6.04224300e+03    8.00000000e-06
    1.96265300e+03    4.90000000e-05
    7.51733800e+02    2.21000000e-04
    3.19883300e+02    8.36000000e-04
    1.46430000e+02    2.64100000e-03
    7.07486100e+01    7.15100000e-03
    3.55908800e+01    1.55300000e-02
    1.83689300e+01    2.64790000e-02
    9.65865500e+00    3.19800000e-02
    5.13673000e+00    1.25610000e-02
    2.69887200e+00   -5.29940000e-02
    1.38970300e+00   -1.13039000e-01
    7.03163000e-01   -1.43698000e-01
    3.44123000e-01   -1.03360000e-02
    1.41361000e-01    3.54736000e-01
    6.08630000e-02    5.48101000e-01
    2.59070000e-02    2.25296000e-01
18  1
    2.55373300e+04    1.00000000e-06
    6.04224300e+03    1.00000000e-05
    1.96265300e+03    6.10000000e-05
    7.51733800e+02    2.75000000e-04
    3.19883300e+02    1.03400000e-03
    1.46430000e+02    3.28300000e-03
    7.07486100e+01    8.82900000e-03
    3.55908800e+01    1.93080000e-02
    1.83689300e+01    3.26120000e-02
    9.65865500e+00    3.99770000e-02
    5.13673000e+00    1.52990000e-02
    2.69887200e+00   -6.26200000e-02
    1.38970300e+00   -1.38288000e-01
    7.03163000e-01   -1.76348000e-01
    3.44123000e-01   -5.54040000e-02
    1.41361000e-01    5.59291000e-01
    6.08630000e-02    5.33115000e-01
    2.59070000e-02    3.81720000e-02
18  1
    2.55373300e+04    2.00000000e-06
    6.04224300e+03    2.00000000e-05
    1.96265300e+03    1.26000000e-04
    7.51733800e+02    5.26000000e-04
    3.19883300e+02    2.15100000e-03
    1.46430000e+02    6.25700000e-03
    7.07486100e+01    1.84550000e-02
    3.55908800e+01    3.62470000e-02
    1.83689300e+01    7.09200000e-02
    9.65865500e+00    7.18270000e-02
    5.13673000e+00    5.92010000e-02
    2.69887200e+00   -1.84272000e-01
    1.38970300e+00   -3.29653000e-01
    7.03163000e-01   -5.45764000e-01
    3.44123000e-01    1.14543100e+00
    1.41361000e-01    5.52625000e-01
    6.08630000e-02   -9.64260000e-01
    2.59070000e-02   -8.82400000e-02
18  1
    2.55373300e+04   -3.00000000e-06
    6.04224300e+03   -2.80000000e-05
    1.96265300e+03   -1.34000000e-04
    7.51733800e+02   -7.36000000e-04
    3.19883300e+02   -2.29300000e-03
    1.46430000e+02   -8.75200000e-03
    7.07486100e+01   -1.92260000e-02
    3.55908800e+01   -5.25890000e-02
    1.83689300e+01   -6.58940000e-02
    9.65865500e+00   -1.48112000e-01
    5.13673000e+00   -2.41240000e-02
    2.69887200e+00    1.76979000e-01
    1.38970300e+00    1.15842800e+00
    7.03163000e-01   -9.63458000e-01
    3.44123000e-01   -1.32450800e+00
    1.41361000e-01    2.29137300e+00
    6.08630000e-02   -1.11293200e+00
    2.59070000e-02   -2.15631000e-01
1  1
    2.59070000e-02    1.00000000e+00
1  1
    4.81400000e+00    1.00000000e+00
1  1
    1.21660000e+00    1.00000000e+00
1  1
    1.10300000e-02    1.00000000e+00
11  2
    1.96949000e+02    3.82000000e-04
    5.88372000e+01    3.36800000e-03
    2.25654000e+01    1.62420000e-02
    9.57566000e+00    5.23770000e-02
    4.31859000e+00    1.29928000e-01
    2.02327000e+00    2.31233000e-01
    9.46778000e-01    3.03561000e-01
    4.33876000e-01    3.09268000e-01
    1.92274000e-01    2.31644000e-01
    8.15020000e-02    1.01540000e-01
    3.22850000e-02    1.16840000e-02
11  2
    1.96949000e+02   -3.88000000e-04
    5.88372000e+01   -3.42800000e-03
    2.25654000e+01   -1.65980000e-02
    9.57566000e+00   -5.41720000e-02
    4.31859000e+00   -1.36660000e-01
    2.02327000e+00   -2.29449000e-01
    9.46778000e-01   -2.54995000e-01
    4.33876000e-01   -4.76610000e-02
    1.92274000e-01    3.94880000e-01
    8.15020000e-02    4.96453000e-01
    3.22850000e-02    1.25756000e-01
11  2
    1.96949000e+02   -6.22000000e-04
    5.88372000e+01   -5.49300000e-03
    2.25654000e+01   -2.69680000e-02
    9.57566000e+00   -8.95330000e-02
    4.31859000e+00   -2.28374000e-01
    2.02327000e+00   -3.31258000e-01
    9.46778000e-01   -1.06349000e-01
    4.33876000e-01    6.31036000e-01
    1.92274000e-01    3.96621000e-01
    8.15020000e-02   -6.18009000e-01
    3.22850000e-02   -2.69592000e-01
11  2
    1.96949000e+02   -6.96000000e-04
    5.88372000e+01   -7.08900000e-03
    2.25654000e+01   -3.10130000e-02
    9.57566000e+00   -1.20055000e-01
    4.31859000e+00   -2.78910000e-01
    2.02327000e+00   -3.78961000e-01
    9.46778000e-01    5.73743000e-01
    4.33876000e-01    7.27950000e-01
    1.92274000e-01   -1.29765600e+00
    8.15020000e-02    3.20376000e-01
    3.22850000e-02    5.23010000e-01
1  2
    3.22850000e-02    1.00000000e+00
1  2
    2.79050000e+00    1.00000000e+00
1  2
    1.37650000e+00    1.00000000e+00
1  2
    1.27900000e-02    1.00000000e+00
1  3
    3.73810000e+00    1.00000000e+00
1  3
    1.49570000e+00    1.00000000e+00
1  3
    5.98500000e-01    1.00000000e+00
1  3
    1.82100000e-01    1.00000000e+00
1  3
    5.54100000e-02    1.00000000e+00
1  4
    3.21850000e+00    1.00000000e+00
1  4
    1.27460000e+00    1.00000000e+00
1  4
    4.00200000e-01    1.00000000e+00
1  4
    1.25660000e-01    1.00000000e+00
1  5
    2.79190000e+00    1.00000000e+00
1  5
    8.72100000e-01    1.00000000e+00
1  5
    2.72420000e-01    1.00000000e+00
