22
12  0
    3.71394666e+01    2.41100000e-03
    1.16606173e+01   -5.75963000e-01
    8.97511530e+00    2.64594800e+00
    7.67011905e+00   -2.36287600e+00
    3.44923714e+00   -5.98420000e-02
    1.58705441e+00    2.44002000e-01
    9.53874320e-01    5.85930000e-01
    4.73005370e-01    3.78609000e-01
    2.20304100e-01    3.10990000e-02
    1.03495340e-01    4.60200000e-03
    4.82206900e-02    6.09000000e-04
    2.26639000e-02    1.04400000e-03
12  0
    3.71394666e+01   -3.63000000e-04
    1.16606173e+01    1.29591000e-01
    8.97511530e+00   -6.25086000e-01
    7.67011905e+00    5.72499000e-01
    3.44923714e+00    1.66520000e-02
    1.58705441e+00   -7.30520000e-02
    9.53874320e-01   -2.03234000e-01
    4.73005370e-01   -2.51131000e-01
    2.20304100e-01   -4.46190000e-02
    1.03495340e-01    3.89050000e-01
    4.82206900e-02    5.91401000e-01
    2.26639000e-02    2.08165000e-01
12  0
    3.71394666e+01   -1.04800000e-03
    1.16606173e+01    5.13626000e-01
    8.97511530e+00   -2.62990000e+00
    7.67011905e+00    2.50692700e+00
    3.44923714e+00    3.43630000e-02
    1.58705441e+00   -1.19987600e+00
    9.53874320e-01   -3.60111000e-01
    4.73005370e-01    5.26538000e-01
    2.20304100e-01    9.06119000e-01
    1.03495340e-01    3.54604000e-01
    4.82206900e-02   -5.69496000e-01
    2.26639000e-02   -3.88471000e-01
12  0
    3.71394666e+01   -2.12600000e-03
    1.16606173e+01    7.77822000e-01
    8.97511530e+00   -4.10199700e+00
    7.67011905e+00    4.03700400e+00
    3.44923714e+00   -3.01669000e-01
    1.58705441e+00   -2.54426800e+00
    9.53874320e-01    1.06749800e+00
    4.73005370e-01    2.18809200e+00
    2.20304100e-01   -7.37717000e-01
    1.03495340e-01   -1.59559400e+00
    4.82206900e-02    5.19723000e-01
    2.26639000e-02    7.02092000e-01
1  0
    2.26639000e-02    1.00000000e+00
1  0
    1.06521100e-02    1.00000000e+00
12  1
    4.43852060e+01    5.57000000e-04
    2.38582246e+01   -4.85700000e-03
    1.27350715e+01    2.74480000e-02
    6.00842867e+00   -1.50306000e-01
    3.96301478e+00    9.22030000e-02
    2.13751474e+00    2.10744000e-01
    1.20712576e+00    3.97756000e-01
    6.20001940e-01    3.54359000e-01
    3.09000570e-01    1.30823000e-01
    1.29182930e-01    1.29520000e-02
    5.40071100e-02   -1.25000000e-04
    2.25785900e-02    2.45000000e-04
12  1
    4.43852060e+01   -7.70000000e-05
    2.38582246e+01    9.06000000e-04
    1.27350715e+01   -6.12600000e-03
    6.00842867e+00    3.82850000e-02
    3.96301478e+00   -2.73560000e-02
    2.13751474e+00   -5.96650000e-02
    1.20712576e+00   -1.15513000e-01
    6.20001940e-01   -1.30421000e-01
    3.09000570e-01    2.53580000e-02
    1.29182930e-01    3.94962000e-01
    5.40071100e-02    5.48310000e-01
    2.25785900e-02    1.69017000e-01
12  1
    4.43852060e+01    2.57000000e-04
    2.38582246e+01   -4.27300000e-03
    1.27350715e+01    3.43070000e-02
    6.00842867e+00   -2.67580000e-01
    3.96301478e+00    2.15700000e-01
    2.13751474e+00    8.06890000e-01
    1.20712576e+00    1.94864000e-01
    6.20001940e-01   -8.80260000e-01
    3.09000570e-01   -5.30792000e-01
    1.29182930e-01    6.64296000e-01
    5.40071100e-02    3.79472000e-01
    2.25785900e-02   -3.17400000e-03
12  1
    4.43852060e+01    1.17000000e-04
    2.38582246e+01   -5.20100000e-03
    1.27350715e+01    5.75410000e-02
    6.00842867e+00   -6.90259000e-01
    3.96301478e+00    1.21697000e+00
    2.13751474e+00    1.01798900e+00
    1.20712576e+00   -1.67455600e+00
    6.20001940e-01   -7.22613000e-01
    3.09000570e-01    1.62951500e+00
    1.29182930e-01   -1.72012000e-01
    5.40071100e-02   -5.94627000e-01
    2.25785900e-02    1.92290000e-02
1  1
    2.25785900e-02    1.00000000e+00
1  1
    9.43936000e-03    1.00000000e+00
10  2
    2.93146600e+01   -5.19000000e-04
    1.36306754e+01   -7.18600000e-03
    8.04907964e+00    9.54410000e-02
    3.25682476e+00    1.70565000e-01
    1.47405400e+00    2.78820000e-01
    6.61412890e-01    3.24798000e-01
    2.96736380e-01    2.80135000e-01
    1.34560870e-01    1.72066000e-01
    6.09566600e-02    5.82370000e-02
    2.78453100e-02    4.58800000e-03
10  2
    2.93146600e+01    2.82300000e-03
    1.36306754e+01   -6.52700000e-03
    8.04907964e+00   -6.12610000e-02
    3.25682476e+00   -2.57858000e-01
    1.47405400e+00   -4.89583000e-01
    6.61412890e-01    1.45630000e-02
    2.96736380e-01    3.49211000e-01
    1.34560870e-01    3.82975000e-01
    6.09566600e-02    1.75115000e-01
    2.78453100e-02    1.76450000e-02
10  2
    2.93146600e+01    7.27900000e-03
    1.36306754e+01   -3.49000000e-02
    8.04907964e+00    5.12700000e-03
    3.25682476e+00   -5.47554000e-01
    1.47405400e+00   -2.49327000e-01
    6.61412890e-01    8.83201000e-01
    2.96736380e-01    1.85008000e-01
    1.34560870e-01   -4.39752000e-01
    6.09566600e-02   -3.51350000e-01
    2.78453100e-02   -3.28920000e-02
1  2
    2.78453100e-02    1.00000000e+00
1  2
    1.27198700e-02    1.00000000e+00
1  3
    2.22659300e+00    1.00000000e+00
1  3
    6.30802000e-01    1.00000000e+00
1  3
    1.78708520e-01    1.00000000e+00
1  4
    2.04343400e+00    1.00000000e+00
1  4
    5.78912370e-01    1.00000000e+00
