72
1  0
    2.45708000e+02    1.00000000e+00
1  0
    1.19829000e+02    1.00000000e+00
1  0
    5.75570000e+01    1.00000000e+00
1  0
    2.43454000e+01    1.00000000e+00
1  0
    9.32316000e+00    1.00000000e+00
1  0
    3.10035000e+00    1.00000000e+00
1  0
    1.76494000e+00    1.00000000e+00
1  0
    8.78333000e-01    1.00000000e+00
1  0
    5.15595000e-01    1.00000000e+00
1  0
    2.69547000e-01    1.00000000e+00
1  0
    1.42214000e-01    1.00000000e+00
1  0
    7.56380000e-02    1.00000000e+00
1  0
    4.43810000e-02    1.00000000e+00
1  1
    9.36120000e+01    1.00000000e+00
1  1
    4.35094000e+01    1.00000000e+00
1  1
    1.88788000e+01    1.00000000e+00
1  1
    7.81553000e+00    1.00000000e+00
1  1
    2.75717000e+00    1.00000000e+00
1  1
    1.50391000e+00    1.00000000e+00
1  1
    9.22223000e-01    1.00000000e+00
1  1
    6.66105000e-01    1.00000000e+00
1  1
    3.94275000e-01    1.00000000e+00
1  1
    2.02556000e-01    1.00000000e+00
1  1
    1.13119000e-01    1.00000000e+00
1  1
    5.44830000e-02    1.00000000e+00
1  2
    3.13895000e+01    1.00000000e+00
1  2
    1.44215000e+01    1.00000000e+00
1  2
    5.94735000e+00    1.00000000e+00
1  2
    2.60839000e+00    1.00000000e+00
1  2
    1.86128000e+00    1.00000000e+00
1  2
    7.95781000e-01    1.00000000e+00
1  2
    4.12931000e-01    1.00000000e+00
1  2
    2.42461000e-01    1.00000000e+00
1  2
    1.25581000e-01    1.00000000e+00
1  2
    6.52700000e-02    1.00000000e+00
1  2
    2.76990000e-02    1.00000000e+00
1  3
    2.73085000e+01    1.00000000e+00
1  3
    1.18592000e+01    1.00000000e+00
1  3
    5.50237000e+00    1.00000000e+00
1  3
    3.49989000e+00    1.00000000e+00
1  3
    1.75257000e+00    1.00000000e+00
1  3
    1.04799000e+00    1.00000000e+00
1  3
    5.14833000e-01    1.00000000e+00
1  3
    2.78349000e-01    1.00000000e+00
1  3
    1.62701000e-01    1.00000000e+00
1  3
    8.45540000e-02    1.00000000e+00
1  4
    1.66899000e+01    1.00000000e+00
1  4
    6.59759000e+00    1.00000000e+00
1  4
    3.29631000e+00    1.00000000e+00
1  4
    1.99628000e+00    1.00000000e+00
1  4
    1.03612000e+00    1.00000000e+00
1  4
    5.90593000e-01    1.00000000e+00
1  4
    3.12072000e-01    1.00000000e+00
1  4
    1.44734000e-01    1.00000000e+00
1  4
    9.29420000e-02    1.00000000e+00
1  5
    9.05917000e+00    1.00000000e+00
1  5
    4.83837000e+00    1.00000000e+00
1  5
    2.16688000e+00    1.00000000e+00
1  5
    1.14459000e+00    1.00000000e+00
1  5
    6.25381000e-01    1.00000000e+00
1  5
    2.58316000e-01    1.00000000e+00
1  6
    7.14987000e+00    1.00000000e+00
1  6
    3.70166000e+00    1.00000000e+00
1  6
    1.80097000e+00    1.00000000e+00
1  6
    1.11420000e+00    1.00000000e+00
1  6
    4.42324000e-01    1.00000000e+00
1  7
    4.64111000e+00    1.00000000e+00
1  7
    2.55773000e+00    1.00000000e+00
1  7
    1.38645000e+00    1.00000000e+00
1  7
    7.43042000e-01    1.00000000e+00
1  8
    2.77945000e+00    1.00000000e+00
1  8
    1.40693000e+00    1.00000000e+00
