26
11  0
    3.07054887e+06    8.69540166e-06
    4.60777886e+05    6.74527377e-05
    1.04901229e+05    3.54772930e-04
    2.96958612e+04    1.49775256e-03
    9.67888927e+03    5.43099121e-03
    3.49018779e+03    1.74393605e-02
    1.35922176e+03    4.98356346e-02
    5.62427212e+02    1.23796339e-01
    2.44222962e+02    2.50574909e-01
    1.10166687e+02    3.59346090e-01
    5.08819034e+01    2.75942427e-01
4  0
    9.65954308e+02    4.17739278e-03
    2.99270721e+02    4.02771486e-02
    1.14837729e+02    1.78986868e-01
    4.94775790e+01    3.17830435e-01
1  0
    2.29828400e+01    1.00000000e+00
1  0
    1.05183050e+01    1.00000000e+00
1  0
    4.97743906e+00    1.00000000e+00
1  0
    2.13398468e+00    1.00000000e+00
1  0
    1.03424573e+00    1.00000000e+00
1  0
    4.61997750e-01    1.00000000e+00
1  0
    1.06212642e-01    1.00000000e+00
1  0
    5.43403474e-02    1.00000000e+00
1  0
    2.51102174e-02    1.00000000e+00
9  1
    5.16967554e+03    1.88025236e-04
    1.22509616e+03    1.64734588e-03
    3.97600519e+02    9.11045543e-03
    1.51361547e+02    3.69874509e-02
    6.36133218e+01    1.13763296e-01
    2.85145603e+01    2.53452086e-01
    1.32480033e+01    3.80194027e-01
    6.30488078e+00    3.09891363e-01
    2.94935258e+00    8.74189440e-02
5  1
    4.07387722e+01   -7.32337933e-03
    1.40623585e+01   -3.42825911e-02
    2.74606810e+00    3.56550093e-01
    1.27136881e+00    7.61120354e-01
    5.76100155e-01    6.27167432e-01
1  1
    2.39818207e-01    1.00000000e+00
1  1
    1.10000000e-01    1.00000000e+00
1  1
    5.00000000e-02    1.00000000e+00
1  1
    2.30000000e-02    1.00000000e+00
5  2
    8.95898801e+01    2.12230300e-03
    2.65914130e+01    1.59118199e-02
    9.77397157e+00    6.28752431e-02
    3.96250837e+00    1.71441708e-01
    1.68905327e+00    3.05655066e-01
1  2
    7.15397715e-01    1.00000000e+00
1  2
    2.93666777e-01    1.00000000e+00
1  2
    1.10790949e-01    1.00000000e+00
1  2
    4.50000000e-02    1.00000000e+00
1  3
    2.09300000e+00    1.00000000e+00
1  3
    5.62000000e-01    1.00000000e+00
1  3
    1.91000000e-01    1.00000000e+00
1  4
    6.34000000e-01    1.00000000e+00
