20
1  0
    2.80000000e+04    1.00000000e+00
1  0
    5.60000000e+03    1.00000000e+00
1  0
    1.40000000e+03    1.00000000e+00
1  0
    3.48000000e+02    1.00000000e+00
1  0
    8.70000000e+01    1.00000000e+00
1  0
    2.72000000e+01    1.00000000e+00
1  1
    2.72000000e+01    1.00000000e+00
1  0
    5.44000000e+00    1.00000000e+00
1  1
    5.44000000e+00    1.00000000e+00
1  0
    1.36000000e+00    1.00000000e+00
1  1
    1.36000000e+00    1.00000000e+00
1  0
    3.40000000e-01    1.00000000e+00
1  1
    3.40000000e-01    1.00000000e+00
1  0
    8.40000000e-02    1.00000000e+00
1  1
    8.40000000e-02    1.00000000e+00
1  2
    2.72000000e+01    1.00000000e+00
1  2
    5.44000000e+00    1.00000000e+00
1  2
    1.36000000e+00    1.00000000e+00
1  2
    3.40000000e-01    1.00000000e+00
1  2
    8.40000000e-02    1.00000000e+00
