15
6  0
    4.31217000e+04    1.89506000e-03
    6.47542000e+03    1.45199000e-02
    1.47365000e+03    7.18831000e-02
    4.15993000e+02    2.48339000e-01
    1.35027000e+02    5.00000000e-01
    4.62319000e+01    3.82871000e-01
4  0
    8.91494000e+01   -8.23932000e-02
    1.03668000e+01    5.00000000e-01
    4.55092000e+00    4.35267000e-01
    1.46251000e+00    4.94971000e-02
2  0
    1.04144000e+00    5.00000000e-01
    4.05984000e-01    2.07833000e-01
1  0
    8.17618000e-02    1.00000000e+00
1  0
    3.09338000e-02    1.00000000e+00
5  1
    5.84924000e+03    2.72949000e-04
    8.99883000e+02    5.31296000e-03
    2.12100000e+02    4.41028000e-02
    6.76246000e+01    1.91766000e-01
    2.48990000e+01    5.00000000e-01
1  1
    9.79624000e+00    1.00000000e+00
1  1
    3.97530000e+00    1.00000000e+00
1  1
    1.39508000e+00    1.00000000e+00
1  1
    4.68151000e-01    1.00000000e+00
1  1
    9.00000000e-02    1.00000000e+00
4  2
    3.62238000e+01    1.60786000e-02
    1.02124000e+01    9.67203000e-02
    3.43925000e+00    2.98113000e-01
    1.24897000e+00    5.00000000e-01
1  2
    4.29924000e-01    1.00000000e+00
1  2
    1.31721000e-01    1.00000000e+00
1  3
    1.02500000e+00    1.00000000e+00
