21
10  0
    8.79065000e+05    5.69222000e-05
    1.31712000e+05    4.42220000e-04
    2.99827000e+04    2.31958000e-03
    8.49373000e+03    9.71291000e-03
    2.77098000e+03    3.44680000e-02
    1.00020000e+03    1.04576000e-01
    3.90333000e+02    2.58918000e-01
    1.59406000e+02    4.84947000e-01
    6.76457000e+01    5.00000000e-01
    2.94455000e+01    1.79242000e-01
4  0
    2.39536000e+02   -2.13008000e-02
    7.27215000e+01   -1.02736000e-01
    1.10897000e+01    5.00000000e-01
    4.54562000e+00    5.03853000e-01
2  0
    7.02256000e+00   -1.49807000e-01
    1.12070000e+00    5.00000000e-01
1  0
    4.70222000e-01    1.00000000e+00
1  0
    1.03560000e-01    1.00000000e+00
1  0
    3.79535000e-02    1.00000000e+00
5  1
    1.55564000e+04    1.49203000e-04
    2.39329000e+03    2.99484000e-03
    5.67473000e+02    2.65607000e-02
    1.82637000e+02    1.39786000e-01
    6.85365000e+01    5.00000000e-01
1  1
    2.82683000e+01    1.00000000e+00
1  1
    1.21977000e+01    1.00000000e+00
1  1
    5.33570000e+00    1.00000000e+00
1  1
    2.17806000e+00    1.00000000e+00
1  1
    8.96533000e-01    1.00000000e+00
1  1
    3.42749000e-01    1.00000000e+00
1  1
    7.40000000e-02    1.00000000e+00
5  2
    8.67152000e+01    3.68368000e-03
    2.56907000e+01    2.69930000e-02
    9.48176000e+00    1.10589000e-01
    3.72458000e+00    2.99300000e-01
    1.55439000e+00    5.00000000e-01
1  2
    6.34201000e-01    1.00000000e+00
1  2
    2.45141000e-01    1.00000000e+00
1  2
    8.57681000e-02    1.00000000e+00
1  3
    2.42600000e+00    1.00000000e+00
1  3
    5.39000000e-01    1.00000000e+00
1  4
    1.22900000e+00    1.00000000e+00
