11
5  0
    1.78293000e+04    5.50959000e-03
    2.68202000e+03    4.13470000e-02
    6.09722000e+02    1.88150000e-01
    1.70888000e+02    5.00000000e-01
    5.41927000e+01    4.76130000e-01
2  0
    8.29865000e+00    5.00000000e-01
    3.00772000e+00    1.77523000e-01
2  0
    1.05621000e+00    5.00000000e-01
    4.13871000e-01    2.31514000e-01
1  0
    8.35851000e-02    1.00000000e+00
1  0
    3.35901000e-02    1.00000000e+00
5  1
    2.00124000e+03    1.22296000e-03
    3.07883000e+02    2.19483000e-02
    7.20268000e+01    1.48763000e-01
    2.20847000e+01    4.39779000e-01
    7.43460000e+00    5.00000000e-01
1  1
    2.08126000e+00    1.00000000e+00
1  1
    6.32641000e-01    1.00000000e+00
1  1
    1.18900000e-01    1.00000000e+00
3  2
    1.28531000e+01    6.94569000e-02
    3.28824000e+00    2.88291000e-01
    9.52819000e-01    5.00000000e-01
1  2
    2.42696000e-01    1.00000000e+00
