39
15  0
    1.81999000e+07    1.42996000e-06
    2.78324000e+06    1.07776000e-05
    6.47687000e+05    5.48899000e-05
    1.87849000e+05    2.24710000e-04
    6.26946000e+04    7.96067000e-04
    2.31232000e+04    2.53153000e-03
    9.21601000e+03    7.35214000e-03
    3.91816000e+03    1.96277000e-02
    1.76009000e+03    4.82548000e-02
    8.24313000e+02    1.08972000e-01
    4.01107000e+02    2.17817000e-01
    1.97987000e+02    3.85376000e-01
    9.74838000e+01    5.00000000e-01
    4.82278000e+01    3.69220000e-01
    2.35485000e+01    9.56354000e-02
7  0
    1.07766000e+03   -1.10696000e-03
    3.33832000e+02   -1.10202000e-02
    1.29798000e+02   -4.77285000e-02
    5.75883000e+01   -9.72968000e-02
    1.32809000e+01    3.35157000e-01
    6.92466000e+00    5.00000000e-01
    3.70277000e+00    2.94605000e-01
5  0
    4.52667000e+01    5.58261000e-03
    1.23300000e+01   -1.09349000e-01
    5.63287000e+00   -3.56392000e-01
    3.43530000e+00   -1.69327000e-01
    1.91435000e+00    5.00000000e-01
1  0
    9.47138000e-01    1.00000000e+00
1  0
    4.33475000e-01    1.00000000e+00
1  0
    1.29277000e-01    1.00000000e+00
1  0
    6.10662000e-02    1.00000000e+00
1  0
    2.59817000e-02    1.00000000e+00
7  1
    1.46463000e+05    1.05908000e-05
    2.25327000e+04    2.12274000e-04
    5.41919000e+03    1.92088000e-03
    1.78765000e+03    1.08368000e-02
    6.94907000e+02    4.77261000e-02
    3.02326000e+02    1.66683000e-01
    1.43696000e+02    5.00000000e-01
1  1
    7.02072000e+01    1.00000000e+00
1  1
    3.55656000e+01    1.00000000e+00
1  1
    1.86593000e+01    1.00000000e+00
1  1
    1.02967000e+01    1.00000000e+00
1  1
    5.72576000e+00    1.00000000e+00
1  1
    3.18326000e+00    1.00000000e+00
1  1
    1.63028000e+00    1.00000000e+00
1  1
    8.27529000e-01    1.00000000e+00
1  1
    4.12150000e-01    1.00000000e+00
1  1
    1.96303000e-01    1.00000000e+00
1  1
    6.10000000e-02    1.00000000e+00
5  2
    2.78054000e+02    1.68760000e-03
    8.58579000e+01    1.42003000e-02
    3.35116000e+01    7.47091000e-02
    1.45222000e+01    2.56858000e-01
    7.49333000e+00    5.00000000e-01
1  2
    3.92810000e+00    1.00000000e+00
1  2
    2.01175000e+00    1.00000000e+00
1  2
    1.01011000e+00    1.00000000e+00
1  2
    4.97405000e-01    1.00000000e+00
1  2
    2.38465000e-01    1.00000000e+00
1  2
    1.09524000e-01    1.00000000e+00
1  2
    4.67927000e-02    1.00000000e+00
1  3
    1.19800000e+01    1.00000000e+00
1  3
    3.74400000e+00    1.00000000e+00
1  3
    1.38700000e+00    1.00000000e+00
1  3
    5.78000000e-01    1.00000000e+00
1  3
    2.41000000e-01    1.00000000e+00
1  4
    6.47100000e+00    1.00000000e+00
1  4
    1.61800000e+00    1.00000000e+00
1  4
    4.04000000e-01    1.00000000e+00
1  5
    3.49400000e+00    1.00000000e+00
1  5
    7.76000000e-01    1.00000000e+00
1  6
    1.77000000e+00    1.00000000e+00
