29
12  0
    3.37203000e+06    1.12324000e-05
    5.05467000e+05    8.72045000e-05
    1.15164000e+05    4.57695000e-04
    3.26739000e+04    1.92587000e-03
    1.06772000e+04    6.96795000e-03
    3.86101000e+03    2.23565000e-02
    1.50945000e+03    6.38266000e-02
    6.25768000e+02    1.60954000e-01
    2.71339000e+02    3.33994000e-01
    1.22872000e+02    5.00000000e-01
    5.71171000e+01    4.37372000e-01
    2.64101000e+01    1.35603000e-01
7  0
    1.10621000e+03   -9.85534000e-04
    3.42177000e+02   -9.90027000e-03
    1.32734000e+02   -4.37080000e-02
    5.83692000e+01   -9.29474000e-02
    1.29605000e+01    3.43081000e-01
    6.37983000e+00    5.00000000e-01
    3.11339000e+00    2.10751000e-01
4  0
    1.04152000e+01   -8.72239000e-02
    4.84056000e+00   -2.31749000e-01
    1.61441000e+00    3.93381000e-01
    7.85147000e-01    5.00000000e-01
2  0
    9.34388000e-01    3.27103000e-01
    3.93337000e-01    5.00000000e-01
1  0
    1.46761000e-01    1.00000000e+00
1  0
    6.50521000e-02    1.00000000e+00
1  0
    2.69387000e-02    1.00000000e+00
6  1
    5.67371000e+04    3.28322000e-05
    8.72879000e+03    6.67987000e-04
    2.06936000e+03    6.16284000e-03
    6.71606000e+02    3.50389000e-02
    2.55244000e+02    1.51729000e-01
    1.08724000e+02    5.00000000e-01
1  1
    4.91287000e+01    1.00000000e+00
1  1
    2.32512000e+01    1.00000000e+00
1  1
    1.13184000e+01    1.00000000e+00
1  1
    5.50699000e+00    1.00000000e+00
1  1
    2.62298000e+00    1.00000000e+00
1  1
    1.25689000e+00    1.00000000e+00
1  1
    5.79876000e-01    1.00000000e+00
1  1
    2.51268000e-01    1.00000000e+00
1  1
    7.10000000e-02    1.00000000e+00
5  2
    1.55319000e+02    2.07459000e-03
    4.59696000e+01    1.75457000e-02
    1.75542000e+01    7.65412000e-02
    7.84948000e+00    2.12081000e-01
    3.57728000e+00    5.00000000e-01
1  2
    1.67271000e+00    1.00000000e+00
1  2
    7.71465000e-01    1.00000000e+00
1  2
    3.45317000e-01    1.00000000e+00
1  2
    1.48504000e-01    1.00000000e+00
1  2
    5.88752000e-02    1.00000000e+00
1  3
    4.36800000e+00    1.00000000e+00
1  3
    1.21300000e+00    1.00000000e+00
1  3
    3.37000000e-01    1.00000000e+00
1  4
    2.91200000e+00    1.00000000e+00
1  4
    6.47000000e-01    1.00000000e+00
1  5
    1.47500000e+00    1.00000000e+00
