36
1  0
    5.67143333e+04    1.00000000e+00
1  0
    2.17276902e+04    1.00000000e+00
1  0
    8.59252227e+03    1.00000000e+00
1  0
    3.50420758e+03    1.00000000e+00
1  0
    1.47211749e+03    1.00000000e+00
1  0
    6.36273282e+02    1.00000000e+00
1  0
    2.82553403e+02    1.00000000e+00
1  0
    1.28724446e+02    1.00000000e+00
1  0
    6.00639218e+01    1.00000000e+00
1  0
    2.86541790e+01    1.00000000e+00
1  0
    1.39494016e+01    1.00000000e+00
1  0
    6.91564459e+00    1.00000000e+00
1  0
    3.48403998e+00    1.00000000e+00
1  0
    1.77960196e+00    1.00000000e+00
1  0
    9.19443690e-01    1.00000000e+00
1  0
    4.79321290e-01    1.00000000e+00
1  0
    2.51498340e-01    1.00000000e+00
1  0
    1.32475740e-01    1.00000000e+00
1  0
    6.98720300e-02    1.00000000e+00
1  1
    1.67078840e+01    1.00000000e+00
1  1
    4.41545110e+00    1.00000000e+00
1  1
    1.23952260e+00    1.00000000e+00
1  1
    3.61463800e-01    1.00000000e+00
1  1
    1.06789400e-01    1.00000000e+00
1  2
    1.07607651e+01    1.00000000e+00
1  2
    3.63926800e+00    1.00000000e+00
1  2
    1.36951240e+00    1.00000000e+00
1  2
    5.93177200e-01    1.00000000e+00
1  2
    2.56923000e-01    1.00000000e+00
1  3
    3.17247940e+00    1.00000000e+00
1  3
    1.11370390e+00    1.00000000e+00
1  3
    3.88524000e-01    1.00000000e+00
1  4
    1.28138309e+01    1.00000000e+00
1  4
    4.23785101e+00    1.00000000e+00
1  4
    1.51037319e+00    1.00000000e+00
1  4
    5.52598530e-01    1.00000000e+00
