12
6  0
    3.61096000e+01    2.29790000e-02
    2.25732000e+01   -1.72897000e-01
    1.41144000e+01    4.80703000e-01
    6.15976000e+00   -9.53214000e-01
    1.57069000e+00    9.60867000e-01
    7.45961000e-01    4.31972000e-01
6  0
    3.61096000e+01    5.90100000e-03
    2.25732000e+01   -5.44410000e-02
    1.41144000e+01    1.70912000e-01
    6.15976000e+00   -3.86806000e-01
    1.57069000e+00    5.71753000e-01
    7.45961000e-01    2.89558000e-01
1  0
    1.95884000e-01    1.00000000e+00
1  0
    7.10030000e-02    1.00000000e+00
1  0
    2.06000000e-02    1.00000000e+00
5  1
    1.03856000e+01    1.62117000e-01
    7.00939000e+00   -4.04695000e-01
    1.77688000e+00    6.94978000e-01
    7.47942000e-01    4.66496000e-01
    1.76808000e-01    2.80130000e-02
5  1
    1.03856000e+01   -3.91990000e-02
    7.00939000e+00    1.01726000e-01
    1.77688000e+00   -2.19942000e-01
    7.47942000e-01   -1.19450000e-01
    1.76808000e-01    4.59768000e-01
1  1
    5.15320000e-02    1.00000000e+00
1  1
    1.30000000e-02    1.00000000e+00
5  2
    1.09087000e+01    2.17120000e-02
    6.83649000e+00   -8.32690000e-02
    1.99749000e+00    3.41807000e-01
    9.14472000e-01    4.83316000e-01
    3.89518000e-01    3.04755000e-01
1  2
    1.50100000e-01    1.00000000e+00
1  2
    4.37000000e-02    1.00000000e+00
