25
11  0
    2.47792000e+04    2.00000000e-06
    4.29159000e+03    1.40000000e-05
    1.10056000e+03    6.40000000e-05
    3.01315000e+02    2.19000000e-04
    3.36611000e+01    2.16670000e-02
    2.10398000e+01   -1.98152000e-01
    1.31518000e+01    6.90262000e-01
    8.22049000e+00   -6.24226000e-01
    4.89601000e+00   -6.02863000e-01
    2.01880000e+00    5.82917000e-01
    1.16474000e+00    6.74460000e-01
11  0
    2.47792000e+04    1.00000000e-06
    4.29159000e+03    6.00000000e-06
    1.10056000e+03    2.40000000e-05
    3.01315000e+02    1.00000000e-04
    3.36611000e+01    7.47400000e-03
    2.10398000e+01   -7.32470000e-02
    1.31518000e+01    2.72554000e-01
    8.22049000e+00   -2.75131000e-01
    4.89601000e+00   -2.30346000e-01
    2.01880000e+00    3.04412000e-01
    1.16474000e+00    4.27689000e-01
1  0
    6.40248000e-01    1.00000000e+00
1  0
    3.29266000e-01    1.00000000e+00
1  0
    1.68509000e-01    1.00000000e+00
1  0
    8.36670000e-02    1.00000000e+00
1  0
    3.97310000e-02    1.00000000e+00
8  1
    2.38816000e+02    5.50000000e-05
    3.37189000e+01    3.16000000e-03
    2.10738000e+01   -2.78660000e-02
    1.31714000e+01    1.25963000e-01
    6.92984000e+00   -3.21146000e-01
    4.33112000e+00   -5.66560000e-02
    2.14904000e+00    4.49992000e-01
    1.15607000e+00    5.21345000e-01
8  1
    2.38816000e+02   -1.60000000e-05
    3.37189000e+01   -6.41000000e-04
    2.10738000e+01    6.21200000e-03
    1.31714000e+01   -3.06000000e-02
    6.92984000e+00    8.56170000e-02
    4.33112000e+00    6.49700000e-03
    2.14904000e+00   -1.29520000e-01
    1.15607000e+00   -1.65447000e-01
1  1
    5.95519000e-01    1.00000000e+00
1  1
    2.68923000e-01    1.00000000e+00
1  1
    1.21744000e-01    1.00000000e+00
1  1
    5.41370000e-02    1.00000000e+00
1  1
    2.38510000e-02    1.00000000e+00
8  2
    3.59920000e+02    4.00000000e-06
    1.41701000e+02    2.80000000e-05
    5.13298000e+01    2.06000000e-04
    1.05875000e+01    1.97440000e-02
    6.45436000e+00   -9.05470000e-02
    2.40501000e+00    1.82624000e-01
    1.44724000e+00    2.88917000e-01
    8.69819000e-01    3.04784000e-01
1  2
    5.05227000e-01    1.00000000e+00
1  2
    2.78303000e-01    1.00000000e+00
1  2
    1.43817000e-01    1.00000000e+00
1  2
    6.20000000e-02    1.00000000e+00
1  3
    5.08000000e-01    1.00000000e+00
1  3
    2.51800000e-01    1.00000000e+00
1  3
    1.24800000e-01    1.00000000e+00
1  4
    5.12400000e-01    1.00000000e+00
1  4
    2.42000000e-01    1.00000000e+00
1  5
    4.58300000e-01    1.00000000e+00
