33
1  0
    6.66915000e+00    1.00000000e+00
1  0
    4.57324000e+00    1.00000000e+00
1  0
    2.94572000e+00    1.00000000e+00
1  0
    1.47043000e+00    1.00000000e+00
1  0
    5.74769000e-01    1.00000000e+00
1  0
    3.31230000e-01    1.00000000e+00
1  0
    1.73772000e-01    1.00000000e+00
1  0
    9.32268000e-02    1.00000000e+00
1  1
    7.75356000e+00    1.00000000e+00
1  1
    5.66761000e+00    1.00000000e+00
1  1
    3.70184000e+00    1.00000000e+00
1  1
    1.63480000e+00    1.00000000e+00
1  1
    6.20032000e-01    1.00000000e+00
1  1
    3.51007000e-01    1.00000000e+00
1  1
    2.15705000e-01    1.00000000e+00
1  1
    1.14667000e-01    1.00000000e+00
1  2
    5.01154000e+00    1.00000000e+00
1  2
    3.37780000e+00    1.00000000e+00
1  2
    1.67246000e+00    1.00000000e+00
1  2
    8.22959000e-01    1.00000000e+00
1  2
    3.99724000e-01    1.00000000e+00
1  2
    1.83875000e-01    1.00000000e+00
1  2
    9.81124000e-02    1.00000000e+00
1  3
    6.54492000e+00    1.00000000e+00
1  3
    3.10600000e+00    1.00000000e+00
1  3
    9.27465000e-01    1.00000000e+00
1  3
    4.35391000e-01    1.00000000e+00
1  3
    1.53699000e-01    1.00000000e+00
1  4
    2.61572000e+00    1.00000000e+00
1  4
    7.78850000e-01    1.00000000e+00
1  4
    4.08501000e-01    1.00000000e+00
1  5
    1.57404000e+00    1.00000000e+00
1  5
    6.75106000e-01    1.00000000e+00
