19
10  0
    9.67555000e+03    8.00000000e-06
    1.47148000e+03    5.70000000e-05
    3.23648000e+02    2.27000000e-04
    3.38079000e+01    2.16660000e-02
    2.11316000e+01   -1.95897000e-01
    1.32091000e+01    6.73620000e-01
    8.25611000e+00   -5.71676000e-01
    5.10014000e+00   -6.12344000e-01
    1.81943000e+00    7.59544000e-01
    9.66985000e-01    6.10806000e-01
10  0
    9.67555000e+03    3.00000000e-06
    1.47148000e+03    2.30000000e-05
    3.23648000e+02    1.00000000e-04
    3.38079000e+01    7.69400000e-03
    2.11316000e+01   -7.35260000e-02
    1.32091000e+01    2.69076000e-01
    8.25611000e+00   -2.59463000e-01
    5.10014000e+00   -2.29105000e-01
    1.81943000e+00    4.06168000e-01
    9.66985000e-01    4.37373000e-01
1  0
    4.66351000e-01    1.00000000e+00
1  0
    2.29518000e-01    1.00000000e+00
1  0
    1.04071000e-01    1.00000000e+00
1  0
    4.61250000e-02    1.00000000e+00
7  1
    4.25240000e+01    1.60500000e-03
    2.13957000e+01   -2.31590000e-02
    1.33737000e+01    1.11738000e-01
    6.61337000e+00   -3.46472000e-01
    2.04217000e+00    4.75073000e-01
    1.11449000e+00    4.86335000e-01
    5.98006000e-01    2.05139000e-01
7  1
    4.25240000e+01   -1.30000000e-04
    2.13957000e+01    3.85500000e-03
    1.33737000e+01   -2.41430000e-02
    6.61337000e+00    8.57080000e-02
    2.04217000e+00   -1.47133000e-01
    1.11449000e+00   -1.42005000e-01
    5.98006000e-01   -7.47340000e-02
1  1
    3.00337000e-01    1.00000000e+00
1  1
    1.29777000e-01    1.00000000e+00
1  1
    5.64350000e-02    1.00000000e+00
1  1
    2.44930000e-02    1.00000000e+00
8  2
    1.85919000e+02    2.40000000e-05
    5.32156000e+01    2.10000000e-04
    1.05972000e+01    1.97150000e-02
    6.45694000e+00   -9.03940000e-02
    2.39234000e+00    1.87564000e-01
    1.41945000e+00    3.01620000e-01
    8.39093000e-01    3.07883000e-01
    4.87330000e-01    2.36408000e-01
1  2
    2.76316000e-01    1.00000000e+00
1  2
    1.52266000e-01    1.00000000e+00
1  2
    6.77000000e-02    1.00000000e+00
1  3
    4.26300000e-01    1.00000000e+00
1  3
    1.69000000e-01    1.00000000e+00
1  4
    3.69300000e-01    1.00000000e+00
