23
1  0
    6.65732000e+00    1.00000000e+00
1  0
    4.76352000e+00    1.00000000e+00
1  0
    2.91384000e+00    1.00000000e+00
1  0
    1.30026000e+00    1.00000000e+00
1  0
    3.68332000e-01    1.00000000e+00
1  0
    1.64066000e-01    1.00000000e+00
1  0
    1.08895000e-01    1.00000000e+00
1  1
    3.69925000e+00    1.00000000e+00
1  1
    2.69768000e+00    1.00000000e+00
1  1
    1.67599000e+00    1.00000000e+00
1  1
    7.11678000e-01    1.00000000e+00
1  1
    2.84414000e-01    1.00000000e+00
1  1
    1.42427000e-01    1.00000000e+00
1  2
    4.42429000e+00    1.00000000e+00
1  2
    2.70029000e+00    1.00000000e+00
1  2
    1.11681000e+00    1.00000000e+00
1  2
    2.83346000e-01    1.00000000e+00
1  2
    1.33870000e-01    1.00000000e+00
1  3
    2.71080000e+00    1.00000000e+00
1  3
    7.80584000e-01    1.00000000e+00
1  3
    2.42601000e-01    1.00000000e+00
1  4
    2.53152000e+00    1.00000000e+00
1  4
    4.65345000e-01    1.00000000e+00
