61
1  0
    4.38501000e+01    1.00000000e+00
1  0
    2.90864000e+01    1.00000000e+00
1  0
    1.55853000e+01    1.00000000e+00
1  0
    7.98458000e+00    1.00000000e+00
1  0
    5.60153000e+00    1.00000000e+00
1  0
    3.07464000e+00    1.00000000e+00
1  0
    1.48336000e+00    1.00000000e+00
1  0
    7.79302000e-01    1.00000000e+00
1  0
    4.73846000e-01    1.00000000e+00
1  0
    2.79669000e-01    1.00000000e+00
1  0
    1.98688000e-01    1.00000000e+00
1  0
    1.03215000e-01    1.00000000e+00
1  0
    5.08313000e-02    1.00000000e+00
1  1
    2.54477000e+01    1.00000000e+00
1  1
    1.12566000e+01    1.00000000e+00
1  1
    8.10122000e+00    1.00000000e+00
1  1
    6.35210000e+00    1.00000000e+00
1  1
    3.38829000e+00    1.00000000e+00
1  1
    1.87516000e+00    1.00000000e+00
1  1
    1.01273000e+00    1.00000000e+00
1  1
    6.26835000e-01    1.00000000e+00
1  1
    4.10630000e-01    1.00000000e+00
1  1
    2.33459000e-01    1.00000000e+00
1  1
    1.25077000e-01    1.00000000e+00
1  1
    7.06370000e-02    1.00000000e+00
1  2
    2.33269000e+01    1.00000000e+00
1  2
    1.13656000e+01    1.00000000e+00
1  2
    7.37424000e+00    1.00000000e+00
1  2
    3.60233000e+00    1.00000000e+00
1  2
    2.06441000e+00    1.00000000e+00
1  2
    1.09728000e+00    1.00000000e+00
1  2
    6.73901000e-01    1.00000000e+00
1  2
    4.15699000e-01    1.00000000e+00
1  2
    2.30276000e-01    1.00000000e+00
1  2
    1.26996000e-01    1.00000000e+00
1  2
    7.32830000e-02    1.00000000e+00
1  3
    1.49447000e+01    1.00000000e+00
1  3
    6.51253000e+00    1.00000000e+00
1  3
    3.62598000e+00    1.00000000e+00
1  3
    2.42118000e+00    1.00000000e+00
1  3
    1.00502000e+00    1.00000000e+00
1  3
    8.55643000e-01    1.00000000e+00
1  3
    3.07569000e-01    1.00000000e+00
1  3
    2.33699000e-01    1.00000000e+00
1  3
    1.04033000e-01    1.00000000e+00
1  4
    7.45445000e+00    1.00000000e+00
1  4
    3.31694000e+00    1.00000000e+00
1  4
    1.89521000e+00    1.00000000e+00
1  4
    9.78036000e-01    1.00000000e+00
1  4
    6.43479000e-01    1.00000000e+00
1  4
    3.46729000e-01    1.00000000e+00
1  4
    1.70749000e-01    1.00000000e+00
1  5
    5.28867000e+00    1.00000000e+00
1  5
    1.97698000e+00    1.00000000e+00
1  5
    1.04430000e+00    1.00000000e+00
1  5
    5.73750000e-01    1.00000000e+00
1  5
    3.26970000e-01    1.00000000e+00
1  6
    1.81865000e+00    1.00000000e+00
1  6
    9.58193000e-01    1.00000000e+00
1  6
    5.16117000e-01    1.00000000e+00
1  7
    1.01255000e+00    1.00000000e+00
