22
3  0
    1.34329241e+01    1.60502525e-01
    1.11269567e+01   -2.58271130e-01
    2.03511293e+00    5.25700884e-01
9  0
    9.67555000e+03    8.00000000e-06
    1.47148000e+03    5.70000000e-05
    3.23648000e+02    2.27000000e-04
    3.38079000e+01    2.16660000e-02
    2.11316000e+01   -1.95897000e-01
    1.32091000e+01    6.73620000e-01
    8.25611000e+00   -5.71676000e-01
    5.10014000e+00   -6.12344000e-01
    1.81943000e+00    7.59544000e-01
1  0
    9.68046102e-01    1.00000000e+00
1  0
    4.72880270e-01    1.00000000e+00
1  0
    2.17032418e-01    1.00000000e+00
1  0
    9.95516643e-02    1.00000000e+00
1  0
    4.46744752e-02    1.00000000e+00
3  1
    9.05570320e+00   -5.73767127e-02
    3.94247739e+00    2.73058023e-01
    1.23821594e+00    7.22550785e-01
7  1
    4.25240000e+01    1.60500000e-03
    2.13957000e+01   -2.31590000e-02
    1.33737000e+01    1.11738000e-01
    6.61337000e+00   -3.46472000e-01
    2.04217000e+00    4.75073000e-01
    1.11449000e+00    4.86335000e-01
    5.98006000e-01    2.05139000e-01
1  1
    2.99432607e-01    1.00000000e+00
1  1
    1.42501824e-01    1.00000000e+00
1  1
    6.16550725e-02    1.00000000e+00
1  1
    2.60548705e-02    1.00000000e+00
7  2
    6.37921494e+01    1.95390286e-04
    1.08540997e+01    1.77758483e-02
    6.38852806e+00   -8.92136575e-02
    2.41208750e+00    1.84244062e-01
    1.42461707e+00    3.06597220e-01
    8.34965488e-01    3.10189616e-01
    4.86343204e-01    2.32156481e-01
1  2
    2.75921117e-01    1.00000000e+00
1  2
    1.47372441e-01    1.00000000e+00
1  2
    6.77000000e-02    1.00000000e+00
1  3
    2.30837045e+00    1.00000000e+00
1  3
    1.08481000e+00    1.00000000e+00
1  3
    4.26300000e-01    1.00000000e+00
1  3
    1.69000000e-01    1.00000000e+00
1  4
    3.69300000e-01    1.00000000e+00
