16
4  0
    7.29650381e+02    1.36728298e-04
    4.66655487e+01    6.04434400e-03
    2.09704487e+01   -2.00220667e-01
    1.41495887e+01    4.08016785e-01
2  0
    2.07301343e+01   -7.18611359e-02
    6.15276313e+00    9.80575084e-01
1  0
    1.57573245e+00    1.00000000e+00
1  0
    7.49801695e-01    1.00000000e+00
1  0
    1.95368162e-01    1.00000000e+00
1  0
    7.08787673e-02    1.00000000e+00
3  1
    1.53838526e+01    6.17179492e-01
    1.48149295e+01   -7.28592352e-01
    6.72612537e+00    4.04381954e-01
3  1
    1.96261821e+00    4.31576612e-01
    1.03318579e+00    3.92304039e-01
    5.38374460e-01    1.40074068e-01
1  1
    2.44466117e-01    1.00000000e+00
1  1
    9.07853773e-02    1.00000000e+00
1  1
    3.34013215e-02    1.00000000e+00
6  2
    5.76068199e+01    1.60548111e-04
    9.73688667e+00    2.44565625e-02
    6.92562017e+00   -6.99147750e-02
    2.13962307e+00    1.94962695e-01
    1.08361871e+00    2.97316297e-01
    5.23562982e-01    2.37287081e-01
1  2
    2.38423094e-01    1.00000000e+00
1  2
    9.50000000e-02    1.00000000e+00
1  3
    9.50000000e-01    1.00000000e+00
1  3
    2.84350000e-01    1.00000000e+00
