48
1  0
    2.21429361e+07    1.00000000e+00
1  0
    1.01075535e+07    1.00000000e+00
1  0
    4.68868491e+06    1.00000000e+00
1  0
    2.20971988e+06    1.00000000e+00
1  0
    1.05775314e+06    1.00000000e+00
1  0
    5.14120198e+05    1.00000000e+00
1  0
    2.53654756e+05    1.00000000e+00
1  0
    1.26992015e+05    1.00000000e+00
1  0
    6.44932303e+04    1.00000000e+00
1  0
    3.32121907e+04    1.00000000e+00
1  0
    1.73364429e+04    1.00000000e+00
1  0
    9.16910491e+03    1.00000000e+00
1  0
    4.91151807e+03    1.00000000e+00
1  0
    2.66339622e+03    1.00000000e+00
1  0
    1.46146508e+03    1.00000000e+00
1  0
    8.11086643e+02    1.00000000e+00
1  0
    4.55048740e+02    1.00000000e+00
1  0
    2.57951769e+02    1.00000000e+00
1  0
    1.47665698e+02    1.00000000e+00
1  0
    8.53187691e+01    1.00000000e+00
1  0
    4.97267058e+01    1.00000000e+00
1  0
    2.92189443e+01    1.00000000e+00
1  0
    1.72986507e+01    1.00000000e+00
1  0
    1.03126413e+01    1.00000000e+00
1  0
    6.18684166e+00    1.00000000e+00
1  0
    3.73280822e+00    1.00000000e+00
1  0
    2.26355653e+00    1.00000000e+00
1  0
    1.37864707e+00    1.00000000e+00
1  0
    8.42818900e-01    1.00000000e+00
1  0
    5.16826650e-01    1.00000000e+00
1  0
    3.17681840e-01    1.00000000e+00
1  0
    1.95605930e-01    1.00000000e+00
1  0
    1.20563970e-01    1.00000000e+00
1  0
    7.43364400e-02    1.00000000e+00
1  1
    3.10786070e+00    1.00000000e+00
1  1
    1.25416190e+00    1.00000000e+00
1  1
    4.99002600e-01    1.00000000e+00
1  1
    1.96882700e-01    1.00000000e+00
1  1
    7.74648000e-02    1.00000000e+00
1  2
    2.52741262e+00    1.00000000e+00
1  2
    1.33265942e+00    1.00000000e+00
1  2
    6.06080560e-01    1.00000000e+00
1  2
    2.54634920e-01    1.00000000e+00
1  2
    1.04330620e-01    1.00000000e+00
1  3
    1.05818900e+00    1.00000000e+00
1  3
    4.30210700e-01    1.00000000e+00
1  3
    1.74760000e-01    1.00000000e+00
1  4
    5.62302400e-01    1.00000000e+00
