37
12  0
    3.35116810e+01    6.84500000e-03
    1.53853262e+01   -2.14557000e-01
    9.96227367e+00    1.39242500e+00
    8.05943355e+00   -1.48592900e+00
    3.69603340e+00   -2.67250000e-02
    1.49220279e+00    4.57681000e-01
    8.46222530e-01    5.06886000e-01
    4.38550310e-01    2.49453000e-01
    2.10238800e-01    7.10900000e-03
    1.02242200e-01    7.05500000e-03
    4.83246200e-02   -4.43000000e-04
    2.40685500e-02    1.27800000e-03
12  0
    3.35116810e+01   -1.21100000e-03
    1.53853262e+01    4.69700000e-02
    9.96227367e+00   -3.29808000e-01
    8.05943355e+00    3.63635000e-01
    3.69603340e+00    5.98500000e-03
    1.49220279e+00   -1.40857000e-01
    8.46222530e-01   -2.03846000e-01
    4.38550310e-01   -2.00776000e-01
    2.10238800e-01    2.20810000e-02
    1.02242200e-01    4.29765000e-01
    4.83246200e-02    5.34383000e-01
    2.40685500e-02    1.87984000e-01
12  0
    3.35116810e+01   -7.30900000e-03
    1.53853262e+01    2.37283000e-01
    9.96227367e+00   -1.71817500e+00
    8.05943355e+00    1.99363900e+00
    3.69603340e+00   -2.36044000e-01
    1.49220279e+00   -1.56043700e+00
    8.46222530e-01    3.11597000e-01
    4.38550310e-01    5.59744000e-01
    2.10238800e-01    8.68708000e-01
    1.02242200e-01    7.07530000e-02
    4.83246200e-02   -4.98495000e-01
    2.40685500e-02   -3.29472000e-01
12  0
    3.35116810e+01   -1.47890000e-02
    1.53853262e+01    3.88539000e-01
    9.96227367e+00   -2.78564200e+00
    8.05943355e+00    3.33927300e+00
    3.69603340e+00   -9.57505000e-01
    1.49220279e+00   -2.39495400e+00
    8.46222530e-01    2.35655300e+00
    4.38550310e-01    1.19084900e+00
    2.10238800e-01   -1.12925700e+00
    1.02242200e-01   -1.21496900e+00
    4.83246200e-02    5.77630000e-01
    2.40685500e-02    6.49389000e-01
12  0
    3.35116810e+01    2.60890000e-02
    1.53853262e+01   -6.88475000e-01
    9.96227367e+00    5.44240800e+00
    8.05943355e+00   -7.07257100e+00
    3.69603340e+00    4.39976400e+00
    1.49220279e+00   -6.59988000e-01
    8.46222530e-01   -4.27956600e+00
    4.38550310e-01    3.99901900e+00
    2.10238800e-01    3.83595000e-01
    1.02242200e-01   -1.81513400e+00
    4.83246200e-02   -1.88830000e-01
    2.40685500e-02    9.34591000e-01
12  0
    3.35116810e+01    5.25700000e-02
    1.53853262e+01   -5.52272000e-01
    9.96227367e+00    3.57032000e-01
    8.05943355e+00    1.62648400e+00
    3.69603340e+00   -5.01982200e+00
    1.49220279e+00    8.36664100e+00
    8.46222530e-01   -6.13517200e+00
    4.38550310e-01   -1.16014100e+00
    2.10238800e-01    4.39033900e+00
    1.02242200e-01   -2.15964300e+00
    4.83246200e-02   -1.30685900e+00
    2.40685500e-02    1.43441100e+00
1  0
    2.40685500e-02    1.00000000e+00
1  0
    1.19875700e-02    1.00000000e+00
12  1
    4.98377970e+01    4.13000000e-04
    2.56037092e+01   -3.44200000e-03
    1.04098244e+01    9.71530000e-02
    7.71483683e+00   -2.06888000e-01
    4.49868206e+00    8.32810000e-02
    2.48212838e+00    1.86621000e-01
    1.43870190e+00    3.95144000e-01
    7.20903620e-01    3.77883000e-01
    3.44330200e-01    1.34629000e-01
    1.31628280e-01    1.10740000e-02
    5.28496800e-02   -4.26000000e-04
    2.12195100e-02    2.56000000e-04
12  1
    4.98377970e+01   -2.90000000e-05
    2.56037092e+01    5.02000000e-04
    1.04098244e+01   -2.09340000e-02
    7.71483683e+00    4.74310000e-02
    4.49868206e+00   -2.07010000e-02
    2.48212838e+00   -5.75830000e-02
    1.43870190e+00   -1.06451000e-01
    7.20903620e-01   -1.40229000e-01
    3.44330200e-01    4.32570000e-02
    1.31628280e-01    4.38687000e-01
    5.28496800e-02    5.36785000e-01
    2.12195100e-02    1.25460000e-01
12  1
    4.98377970e+01    1.71000000e-04
    2.56037092e+01   -2.74100000e-03
    1.04098244e+01    1.32443000e-01
    7.71483683e+00   -3.37743000e-01
    4.49868206e+00    2.08605000e-01
    2.48212838e+00    7.25440000e-01
    1.43870190e+00    2.71246000e-01
    7.20903620e-01   -9.25779000e-01
    3.44330200e-01   -4.61122000e-01
    1.31628280e-01    7.32400000e-01
    5.28496800e-02    2.95791000e-01
    2.12195100e-02   -7.07200000e-03
12  1
    4.98377970e+01   -9.80000000e-05
    2.56037092e+01   -2.54700000e-03
    1.04098244e+01    2.52704000e-01
    7.71483683e+00   -7.76214000e-01
    4.49868206e+00    1.06178000e+00
    2.48212838e+00    1.19174400e+00
    1.43870190e+00   -1.74667700e+00
    7.20903620e-01   -7.58620000e-01
    3.44330200e-01    1.65272700e+00
    1.31628280e-01   -2.94678000e-01
    5.28496800e-02   -5.36159000e-01
    2.12195100e-02    3.75340000e-02
12  1
    4.98377970e+01   -4.80700000e-03
    2.56037092e+01    2.12370000e-02
    1.04098244e+01    5.09650000e-02
    7.71483683e+00   -7.78844000e-01
    4.49868206e+00    2.76784400e+00
    2.48212838e+00   -1.32547300e+00
    1.43870190e+00   -2.47073500e+00
    7.20903620e-01    3.44930600e+00
    3.44330200e-01   -1.43641000e+00
    1.31628280e-01   -6.43765000e-01
    5.28496800e-02    9.67167000e-01
    2.12195100e-02   -9.60130000e-02
12  1
    4.98377970e+01   -2.38260000e-02
    2.56037092e+01    1.24710000e-01
    1.04098244e+01   -1.58769700e+00
    7.71483683e+00    2.16179300e+00
    4.49868206e+00    2.58853400e+00
    2.48212838e+00   -7.52730800e+00
    1.43870190e+00    6.50389300e+00
    7.20903620e-01   -1.77919600e+00
    3.44330200e-01   -1.07810700e+00
    1.31628280e-01    1.90608300e+00
    5.28496800e-02   -1.32024800e+00
    2.12195100e-02    1.45433000e-01
1  1
    2.12195100e-02    1.00000000e+00
1  1
    8.51977000e-03    1.00000000e+00
10  2
    3.42750405e+01    6.78000000e-04
    1.61241818e+01   -1.78580000e-02
    9.59474528e+00    1.07867000e-01
    3.86908610e+00    1.73949000e-01
    1.82728072e+00    2.68830000e-01
    8.57994570e-01    3.21303000e-01
    3.80350780e-01    3.00128000e-01
    1.55330870e-01    1.70792000e-01
    6.31816700e-02    3.51480000e-02
    3.73439700e-02    3.54900000e-03
10  2
    3.42750405e+01    7.53000000e-04
    1.61241818e+01    9.42600000e-03
    9.59474528e+00   -8.92350000e-02
    3.86908610e+00   -2.29809000e-01
    1.82728072e+00   -4.21740000e-01
    8.57994570e-01   -6.79320000e-02
    3.80350780e-01    3.40317000e-01
    1.55330870e-01    4.64743000e-01
    6.31816700e-02    1.71700000e-01
    3.73439700e-02    1.10950000e-02
10  2
    3.42750405e+01    4.42100000e-03
    1.61241818e+01   -1.26750000e-02
    9.59474528e+00   -4.61250000e-02
    3.86908610e+00   -4.69833000e-01
    1.82728072e+00   -3.45282000e-01
    8.57994570e-01    7.54295000e-01
    3.80350780e-01    3.76153000e-01
    1.55330870e-01   -4.88999000e-01
    6.31816700e-02   -3.59837000e-01
    3.73439700e-02   -7.13400000e-03
10  2
    3.42750405e+01   -1.59300000e-03
    1.61241818e+01    3.63560000e-02
    9.59474528e+00   -2.69223000e-01
    3.86908610e+00   -9.72124000e-01
    1.82728072e+00    1.14390100e+00
    8.57994570e-01    3.48166000e-01
    3.80350780e-01   -9.88399000e-01
    1.55330870e-01    2.23393000e-01
    6.31816700e-02    4.09362000e-01
    3.73439700e-02    5.88900000e-03
10  2
    3.42750405e+01    4.53730000e-02
    1.61241818e+01   -3.11032000e-01
    9.59474528e+00    9.54853000e-01
    3.86908610e+00    1.17337000e-01
    1.82728072e+00   -1.80836300e+00
    8.57994570e-01    2.26504200e+00
    3.80350780e-01   -1.18469700e+00
    1.55330870e-01   -2.23103000e-01
    6.31816700e-02    6.42629000e-01
    3.73439700e-02   -1.27590000e-02
1  2
    3.73439700e-02    1.00000000e+00
1  2
    2.20724100e-02    1.00000000e+00
1  3
    4.06526900e+00    1.00000000e+00
1  3
    1.64509200e+00    1.00000000e+00
1  3
    6.65716000e-01    1.00000000e+00
1  3
    2.69393000e-01    1.00000000e+00
1  3
    1.09014330e-01    1.00000000e+00
1  4
    4.10870500e+00    1.00000000e+00
1  4
    1.71925800e+00    1.00000000e+00
1  4
    7.19409000e-01    1.00000000e+00
1  4
    3.01030620e-01    1.00000000e+00
1  5
    4.03009700e+00    1.00000000e+00
1  5
    1.63631600e+00    1.00000000e+00
1  5
    6.64383510e-01    1.00000000e+00
1  6
    3.16564600e+00    1.00000000e+00
1  6
    1.28532815e+00    1.00000000e+00
