22
12  0
    3.35116810e+01    6.84500000e-03
    1.53853262e+01   -2.14557000e-01
    9.96227367e+00    1.39242500e+00
    8.05943355e+00   -1.48592900e+00
    3.69603340e+00   -2.67250000e-02
    1.49220279e+00    4.57681000e-01
    8.46222530e-01    5.06886000e-01
    4.38550310e-01    2.49453000e-01
    2.10238800e-01    7.10900000e-03
    1.02242200e-01    7.05500000e-03
    4.83246200e-02   -4.43000000e-04
    2.40685500e-02    1.27800000e-03
12  0
    3.35116810e+01   -1.21100000e-03
    1.53853262e+01    4.69700000e-02
    9.96227367e+00   -3.29808000e-01
    8.05943355e+00    3.63635000e-01
    3.69603340e+00    5.98500000e-03
    1.49220279e+00   -1.40857000e-01
    8.46222530e-01   -2.03846000e-01
    4.38550310e-01   -2.00776000e-01
    2.10238800e-01    2.20810000e-02
    1.02242200e-01    4.29765000e-01
    4.83246200e-02    5.34383000e-01
    2.40685500e-02    1.87984000e-01
12  0
    3.35116810e+01   -7.11100000e-03
    1.53853262e+01    2.33807000e-01
    9.96227367e+00   -1.69649000e+00
    8.05943355e+00    1.96756200e+00
    3.69603340e+00   -2.21986000e-01
    1.49220279e+00   -1.56684800e+00
    8.46222530e-01    3.14532000e-01
    4.38550310e-01    5.52762000e-01
    2.10238800e-01    8.74830000e-01
    1.02242200e-01    7.30610000e-02
    4.83246200e-02   -5.02940000e-01
    2.40685500e-02   -3.28304000e-01
12  0
    3.35116810e+01   -1.38610000e-02
    1.53853262e+01    3.72746000e-01
    9.96227367e+00   -2.69004700e+00
    8.05943355e+00    3.22562900e+00
    3.69603340e+00   -8.92796000e-01
    1.49220279e+00   -2.43752600e+00
    8.46222530e-01    2.34776700e+00
    4.38550310e-01    1.22351400e+00
    2.10238800e-01   -1.13153700e+00
    1.02242200e-01   -1.23128700e+00
    4.83246200e-02    5.86808000e-01
    2.40685500e-02    6.48032000e-01
1  0
    2.40685500e-02    1.00000000e+00
1  0
    1.19875700e-02    1.00000000e+00
12  1
    4.98377970e+01    4.13000000e-04
    2.56037092e+01   -3.44200000e-03
    1.04098244e+01    9.71530000e-02
    7.71483683e+00   -2.06888000e-01
    4.49868206e+00    8.32810000e-02
    2.48212838e+00    1.86621000e-01
    1.43870190e+00    3.95144000e-01
    7.20903620e-01    3.77883000e-01
    3.44330200e-01    1.34629000e-01
    1.31628280e-01    1.10740000e-02
    5.28496800e-02   -4.26000000e-04
    2.12195100e-02    2.56000000e-04
12  1
    4.98377970e+01   -2.90000000e-05
    2.56037092e+01    5.02000000e-04
    1.04098244e+01   -2.09340000e-02
    7.71483683e+00    4.74310000e-02
    4.49868206e+00   -2.07010000e-02
    2.48212838e+00   -5.75830000e-02
    1.43870190e+00   -1.06451000e-01
    7.20903620e-01   -1.40229000e-01
    3.44330200e-01    4.32570000e-02
    1.31628280e-01    4.38687000e-01
    5.28496800e-02    5.36785000e-01
    2.12195100e-02    1.25460000e-01
12  1
    4.98377970e+01    4.20000000e-05
    2.56037092e+01   -2.12000000e-03
    1.04098244e+01    1.23342000e-01
    7.71483683e+00   -3.18471000e-01
    4.49868206e+00    1.88642000e-01
    2.48212838e+00    7.26079000e-01
    1.43870190e+00    2.73545000e-01
    7.20903620e-01   -9.06715000e-01
    3.44330200e-01   -4.78781000e-01
    1.31628280e-01    7.23888000e-01
    5.28496800e-02    3.10191000e-01
    2.12195100e-02   -8.13000000e-03
12  1
    4.98377970e+01    2.99000000e-04
    2.56037092e+01    3.09000000e-04
    1.04098244e+01   -1.31422000e-01
    7.71483683e+00    4.19354000e-01
    4.49868206e+00   -5.85162000e-01
    2.48212838e+00   -6.99409000e-01
    1.43870190e+00    9.52990000e-01
    7.20903620e-01    5.32068000e-01
    3.44330200e-01   -9.99183000e-01
    1.31628280e-01    1.52364000e-01
    5.28496800e-02    3.34676000e-01
    2.12195100e-02   -2.32130000e-02
1  1
    2.12195100e-02    1.00000000e+00
1  1
    8.51977000e-03    1.00000000e+00
10  2
    3.42750405e+01    6.78000000e-04
    1.61241818e+01   -1.78580000e-02
    9.59474528e+00    1.07867000e-01
    3.86908610e+00    1.73949000e-01
    1.82728072e+00    2.68830000e-01
    8.57994570e-01    3.21303000e-01
    3.80350780e-01    3.00128000e-01
    1.55330870e-01    1.70792000e-01
    6.31816700e-02    3.51480000e-02
    3.73439700e-02    3.54900000e-03
10  2
    3.42750405e+01    5.84000000e-04
    1.61241818e+01    1.06340000e-02
    9.59474528e+00   -9.42710000e-02
    3.86908610e+00   -2.28668000e-01
    1.82728072e+00   -3.97823000e-01
    8.57994570e-01   -7.61820000e-02
    3.80350780e-01    3.13255000e-01
    1.55330870e-01    4.72762000e-01
    6.31816700e-02    1.96314000e-01
    3.73439700e-02    1.59960000e-02
10  2
    3.42750405e+01    3.58800000e-03
    1.61241818e+01   -7.28500000e-03
    9.59474528e+00   -6.01760000e-02
    3.86908610e+00   -4.18946000e-01
    1.82728072e+00   -3.86440000e-01
    8.57994570e-01    6.91971000e-01
    3.80350780e-01    4.44732000e-01
    1.55330870e-01   -4.54572000e-01
    6.31816700e-02   -3.98790000e-01
    3.73439700e-02   -1.91850000e-02
1  2
    3.73439700e-02    1.00000000e+00
1  2
    2.20724100e-02    1.00000000e+00
1  3
    2.57858300e+00    1.00000000e+00
1  3
    7.25076000e-01    1.00000000e+00
1  3
    2.03885300e-01    1.00000000e+00
1  4
    2.32633900e+00    1.00000000e+00
1  4
    6.54147070e-01    1.00000000e+00
