29
12  0
    3.35116810e+01    6.84500000e-03
    1.53853262e+01   -2.14557000e-01
    9.96227367e+00    1.39242500e+00
    8.05943355e+00   -1.48592900e+00
    3.69603340e+00   -2.67250000e-02
    1.49220279e+00    4.57681000e-01
    8.46222530e-01    5.06886000e-01
    4.38550310e-01    2.49453000e-01
    2.10238800e-01    7.10900000e-03
    1.02242200e-01    7.05500000e-03
    4.83246200e-02   -4.43000000e-04
    2.40685500e-02    1.27800000e-03
12  0
    3.35116810e+01   -1.21100000e-03
    1.53853262e+01    4.69700000e-02
    9.96227367e+00   -3.29808000e-01
    8.05943355e+00    3.63635000e-01
    3.69603340e+00    5.98500000e-03
    1.49220279e+00   -1.40857000e-01
    8.46222530e-01   -2.03846000e-01
    4.38550310e-01   -2.00776000e-01
    2.10238800e-01    2.20810000e-02
    1.02242200e-01    4.29765000e-01
    4.83246200e-02    5.34383000e-01
    2.40685500e-02    1.87984000e-01
12  0
    3.35116810e+01   -7.39000000e-03
    1.53853262e+01    2.38491000e-01
    9.96227367e+00   -1.72409100e+00
    8.05943355e+00    1.99964700e+00
    3.69603340e+00   -2.38256000e-01
    1.49220279e+00   -1.55696300e+00
    8.46222530e-01    3.09646000e-01
    4.38550310e-01    5.56155000e-01
    2.10238800e-01    8.75210000e-01
    1.02242200e-01    6.65630000e-02
    4.83246200e-02   -4.98018000e-01
    2.40685500e-02   -3.28938000e-01
12  0
    3.35116810e+01   -1.48120000e-02
    1.53853262e+01    3.88493000e-01
    9.96227367e+00   -2.78127000e+00
    8.05943355e+00    3.33075800e+00
    3.69603340e+00   -9.44620000e-01
    1.49220279e+00   -2.42351200e+00
    8.46222530e-01    2.39035400e+00
    4.38550310e-01    1.17332100e+00
    2.10238800e-01   -1.12632400e+00
    1.02242200e-01   -1.21378000e+00
    4.83246200e-02    5.78957000e-01
    2.40685500e-02    6.47397000e-01
12  0
    3.35116810e+01    2.43100000e-02
    1.53853262e+01   -6.54708000e-01
    9.96227367e+00    5.22023300e+00
    8.05943355e+00   -6.79877600e+00
    3.69603340e+00    4.21725900e+00
    1.49220279e+00   -4.10754000e-01
    8.46222530e-01   -4.49965100e+00
    4.38550310e-01    4.05621000e+00
    2.10238800e-01    4.22256000e-01
    1.02242200e-01   -1.84939200e+00
    4.83246200e-02   -1.98025000e-01
    2.40685500e-02    9.51472000e-01
1  0
    2.40685500e-02    1.00000000e+00
1  0
    1.19875700e-02    1.00000000e+00
12  1
    4.98377970e+01    4.13000000e-04
    2.56037092e+01   -3.44200000e-03
    1.04098244e+01    9.71530000e-02
    7.71483683e+00   -2.06888000e-01
    4.49868206e+00    8.32810000e-02
    2.48212838e+00    1.86621000e-01
    1.43870190e+00    3.95144000e-01
    7.20903620e-01    3.77883000e-01
    3.44330200e-01    1.34629000e-01
    1.31628280e-01    1.10740000e-02
    5.28496800e-02   -4.26000000e-04
    2.12195100e-02    2.56000000e-04
12  1
    4.98377970e+01   -2.90000000e-05
    2.56037092e+01    5.02000000e-04
    1.04098244e+01   -2.09340000e-02
    7.71483683e+00    4.74310000e-02
    4.49868206e+00   -2.07010000e-02
    2.48212838e+00   -5.75830000e-02
    1.43870190e+00   -1.06451000e-01
    7.20903620e-01   -1.40229000e-01
    3.44330200e-01    4.32570000e-02
    1.31628280e-01    4.38687000e-01
    5.28496800e-02    5.36785000e-01
    2.12195100e-02    1.25460000e-01
12  1
    4.98377970e+01    1.25000000e-04
    2.56037092e+01   -2.51700000e-03
    1.04098244e+01    1.29205000e-01
    7.71483683e+00   -3.31116000e-01
    4.49868206e+00    1.99683000e-01
    2.48212838e+00    7.36477000e-01
    1.43870190e+00    2.63863000e-01
    7.20903620e-01   -9.26674000e-01
    3.44330200e-01   -4.57633000e-01
    1.31628280e-01    7.32362000e-01
    5.28496800e-02    2.94964000e-01
    2.12195100e-02   -6.72800000e-03
12  1
    4.98377970e+01   -4.21000000e-04
    2.56037092e+01   -8.96000000e-04
    1.04098244e+01    2.23292000e-01
    7.71483683e+00   -7.06699000e-01
    4.49868206e+00    9.69782000e-01
    2.48212838e+00    1.23461000e+00
    1.43870190e+00   -1.70705400e+00
    7.20903620e-01   -8.18959000e-01
    3.44330200e-01    1.67791500e+00
    1.31628280e-01   -2.84846000e-01
    5.28496800e-02   -5.53275000e-01
    2.12195100e-02    3.86620000e-02
12  1
    4.98377970e+01   -5.40900000e-03
    2.56037092e+01    2.43600000e-02
    1.04098244e+01    4.81700000e-03
    7.71483683e+00   -6.91264000e-01
    4.49868206e+00    2.71401100e+00
    2.48212838e+00   -1.34248600e+00
    1.43870190e+00   -2.36892900e+00
    7.20903620e-01    3.30549200e+00
    3.44330200e-01   -1.33411300e+00
    1.31628280e-01   -6.70775000e-01
    5.28496800e-02    9.61376000e-01
    2.12195100e-02   -9.57920000e-02
1  1
    2.12195100e-02    1.00000000e+00
1  1
    8.51977000e-03    1.00000000e+00
10  2
    3.42750405e+01    6.78000000e-04
    1.61241818e+01   -1.78580000e-02
    9.59474528e+00    1.07867000e-01
    3.86908610e+00    1.73949000e-01
    1.82728072e+00    2.68830000e-01
    8.57994570e-01    3.21303000e-01
    3.80350780e-01    3.00128000e-01
    1.55330870e-01    1.70792000e-01
    6.31816700e-02    3.51480000e-02
    3.73439700e-02    3.54900000e-03
10  2
    3.42750405e+01    5.82000000e-04
    1.61241818e+01    1.06260000e-02
    9.59474528e+00   -9.40810000e-02
    3.86908610e+00   -2.29152000e-01
    1.82728072e+00   -3.98003000e-01
    8.57994570e-01   -7.70600000e-02
    3.80350780e-01    3.16419000e-01
    1.55330870e-01    4.72310000e-01
    6.31816700e-02    1.93995000e-01
    3.73439700e-02    1.58130000e-02
10  2
    3.42750405e+01    3.94200000e-03
    1.61241818e+01   -9.29000000e-03
    9.59474528e+00   -5.65730000e-02
    3.86908610e+00   -4.37279000e-01
    1.82728072e+00   -3.66316000e-01
    8.57994570e-01    6.92165000e-01
    3.80350780e-01    4.36052000e-01
    1.55330870e-01   -4.56610000e-01
    6.31816700e-02   -3.93393000e-01
    3.73439700e-02   -1.85970000e-02
10  2
    3.42750405e+01   -1.10900000e-03
    1.61241818e+01    3.43900000e-02
    9.59474528e+00   -2.70394000e-01
    3.86908610e+00   -9.36233000e-01
    1.82728072e+00    1.03109200e+00
    8.57994570e-01    4.69932000e-01
    3.80350780e-01   -9.90908000e-01
    1.55330870e-01    1.47863000e-01
    6.31816700e-02    4.22386000e-01
    3.73439700e-02    2.01350000e-02
1  2
    3.73439700e-02    1.00000000e+00
1  2
    2.20724100e-02    1.00000000e+00
1  3
    3.23539000e+00    1.00000000e+00
1  3
    1.12887900e+00    1.00000000e+00
1  3
    3.93882000e-01    1.00000000e+00
1  3
    1.37431050e-01    1.00000000e+00
1  4
    3.23225900e+00    1.00000000e+00
1  4
    1.15406500e+00    1.00000000e+00
1  4
    4.12054230e-01    1.00000000e+00
1  5
    2.69487800e+00    1.00000000e+00
1  5
    9.62195270e-01    1.00000000e+00
