26
21  0
    1.02517800e+07    1.96629100e-06
    1.53492000e+06    1.52896700e-05
    3.49300900e+05    8.04393200e-05
    9.89420500e+04    3.39761700e-04
    3.22813600e+04    1.23740500e-03
    1.16552700e+04    4.02574000e-03
    4.54654800e+03    1.19191200e-02
    1.88618500e+03    3.21543100e-02
    8.22941700e+02    7.78545200e-02
    3.74343900e+02    1.61636700e-01
    1.76306900e+02    2.63419400e-01
    8.54066100e+01    2.79998600e-01
    4.19043500e+01    1.47347400e-01
    1.91552500e+01    6.82640500e-02
    9.57161700e+00    1.19443600e-01
    4.78008600e+00    8.50758200e-02
    2.16186000e+00    1.12581400e-02
    1.04271100e+00   -3.35352100e-04
    4.80282000e-01    1.07057100e-04
    1.17638000e-01   -2.97962200e-05
    5.61740000e-02    4.67281600e-05
21  0
    1.02517800e+07   -1.10092300e-06
    1.53492000e+06   -8.56325000e-06
    3.49300900e+05   -4.50367800e-05
    9.89420500e+04   -1.90380800e-04
    3.22813600e+04   -6.93428400e-04
    1.16552700e+04   -2.26242900e-03
    4.54654800e+03   -6.72499100e-03
    1.88618500e+03   -1.83732500e-02
    8.22941700e+02   -4.55526000e-02
    3.74343900e+02   -9.99696900e-02
    1.76306900e+02   -1.81911100e-01
    8.54066100e+01   -2.45874400e-01
    4.19043500e+01   -1.63808900e-01
    1.91552500e+01    1.79584300e-01
    9.57161700e+00    5.38954700e-01
    4.78008600e+00    3.74909800e-01
    2.16186000e+00    5.20026900e-02
    1.04271100e+00   -3.77587300e-03
    4.80282000e-01    1.68688800e-04
    1.17638000e-01   -3.06380200e-04
    5.61740000e-02    3.23809600e-04
21  0
    1.02517800e+07    2.27885400e-07
    1.53492000e+06    1.77394200e-06
    3.49300900e+05    9.31999200e-06
    9.89420500e+04    3.94644900e-05
    3.22813600e+04    1.43572000e-04
    1.16552700e+04    4.70291100e-04
    4.54654800e+03    1.39999800e-03
    1.88618500e+03    3.87411100e-03
    8.22941700e+02    9.76594200e-03
    3.74343900e+02    2.24417900e-02
    1.76306900e+02    4.39009100e-02
    8.54066100e+01    6.84346200e-02
    4.19043500e+01    5.09650000e-02
    1.91552500e+01   -8.53594000e-02
    9.57161700e+00   -3.47480400e-01
    4.78008600e+00   -3.67236800e-01
    2.16186000e+00    2.38540800e-01
    1.04271100e+00    6.88817800e-01
    4.80282000e-01    3.50991900e-01
    1.17638000e-01    1.82614400e-02
    5.61740000e-02   -5.54113400e-03
21  0
    1.02517800e+07   -5.27594800e-08
    1.53492000e+06   -4.10712900e-07
    3.49300900e+05   -2.15771100e-06
    9.89420500e+04   -9.13722000e-06
    3.22813600e+04   -3.32388500e-05
    1.16552700e+04   -1.08892500e-04
    4.54654800e+03   -3.24140700e-04
    1.88618500e+03   -8.97231900e-04
    8.22941700e+02   -2.26210500e-03
    3.74343900e+02   -5.20306800e-03
    1.76306900e+02   -1.01912300e-02
    8.54066100e+01   -1.59482000e-02
    4.19043500e+01   -1.19358800e-02
    1.91552500e+01    2.01834400e-02
    9.57161700e+00    8.61007100e-02
    4.78008600e+00    9.48791700e-02
    2.16186000e+00   -7.30975300e-02
    1.04271100e+00   -2.34963200e-01
    4.80282000e-01   -2.50029700e-01
    1.17638000e-01    3.02609600e-01
    5.61740000e-02    6.06163500e-01
21  0
    1.02517800e+07   -1.00347900e-07
    1.53492000e+06   -7.99706100e-07
    3.49300900e+05   -4.06039700e-06
    9.89420500e+04   -1.79807000e-05
    3.22813600e+04   -6.18137000e-05
    1.16552700e+04   -2.16891500e-04
    4.54654800e+03   -5.94241700e-04
    1.88618500e+03   -1.81450600e-03
    8.22941700e+02   -4.06480700e-03
    3.74343900e+02   -1.07922300e-02
    1.76306900e+02   -1.75226400e-02
    8.54066100e+01   -3.57387300e-02
    4.19043500e+01   -1.26307900e-02
    1.91552500e+01    1.39349400e-02
    9.57161700e+00    2.30504600e-01
    4.78008600e+00    9.36574000e-02
    2.16186000e+00    7.82896000e-03
    1.04271100e+00   -1.05385400e+00
    4.80282000e-01    3.86559100e-01
    1.17638000e-01    1.92578300e+00
    5.61740000e-02   -1.14642900e+00
21  0
    1.02517800e+07   -1.59214800e-07
    1.53492000e+06   -1.27830500e-06
    3.49300900e+05   -6.42009700e-06
    9.89420500e+04   -2.88363300e-05
    3.22813600e+04   -9.73589000e-05
    1.16552700e+04   -3.49140200e-04
    4.54654800e+03   -9.31619400e-04
    1.88618500e+03   -2.93495900e-03
    8.22941700e+02   -6.33370300e-03
    3.74343900e+02   -1.76069800e-02
    1.76306900e+02   -2.69684800e-02
    8.54066100e+01   -5.98207900e-02
    4.19043500e+01   -1.54561300e-02
    1.91552500e+01    1.10300100e-02
    9.57161700e+00    4.23400600e-01
    4.78008600e+00    1.45408800e-01
    2.16186000e+00   -2.19714000e-01
    1.04271100e+00   -2.19432900e+00
    4.80282000e-01    2.85744100e+00
    1.17638000e-01   -5.83247500e-01
    5.61740000e-02   -1.69284500e+00
21  0
    1.02517800e+07   -1.88519900e-07
    1.53492000e+06   -1.39455000e-06
    3.49300900e+05   -7.88151900e-06
    9.89420500e+04   -3.02798100e-05
    3.22813600e+04   -1.24316000e-04
    1.16552700e+04   -3.50723100e-04
    4.54654800e+03   -1.24644000e-03
    1.88618500e+03   -2.78742000e-03
    8.22941700e+02   -9.04561800e-03
    3.74343900e+02   -1.52296700e-02
    1.76306900e+02   -4.43749600e-02
    8.54066100e+01   -3.79350700e-02
    4.19043500e+01   -8.56421600e-02
    1.91552500e+01    1.71563500e-01
    9.57161700e+00    2.19237400e-01
    4.78008600e+00    8.19039300e-01
    2.16186000e+00   -2.43969800e+00
    1.04271100e+00    9.04868500e-01
    4.80282000e-01    1.70692300e+00
    1.17638000e-01   -4.67581400e+00
    5.61740000e-02    6.04873400e+00
1  0
    2.56610000e-02    1.00000000e+00
17  1
    2.85633200e+04    1.10000000e-05
    6.75719100e+03    1.01000000e-04
    2.19465200e+03    5.92000000e-04
    8.40525700e+02    2.69000000e-03
    3.57666600e+02    1.00630000e-02
    1.63753400e+02    3.16540000e-02
    7.91446600e+01    8.34780000e-02
    3.98385800e+01    1.77226000e-01
    2.05853600e+01    2.88398000e-01
    1.08430700e+01    3.29432000e-01
    5.77796900e+00    2.12130000e-01
    3.04317000e+00    5.58820000e-02
    1.57023900e+00    2.09700000e-03
    7.94975000e-01   -1.47100000e-03
    3.88980000e-01   -9.48000000e-04
    1.57327000e-01   -5.50000000e-05
    6.65660000e-02   -1.30000000e-05
17  1
    2.85633200e+04   -4.00000000e-06
    6.75719100e+03   -3.40000000e-05
    2.19465200e+03   -2.02000000e-04
    8.40525700e+02   -9.20000000e-04
    3.57666600e+02   -3.45900000e-03
    1.63753400e+02   -1.10250000e-02
    7.91446600e+01   -2.97320000e-02
    3.98385800e+01   -6.53490000e-02
    2.05853600e+01   -1.10527000e-01
    1.08430700e+01   -1.34537000e-01
    5.77796900e+00   -5.24370000e-02
    3.04317000e+00    1.82216000e-01
    1.57023900e+00    3.98018000e-01
    7.94975000e-01    3.89153000e-01
    3.88980000e-01    1.72717000e-01
    1.57327000e-01    1.87460000e-02
    6.65660000e-02   -5.94000000e-04
17  1
    2.85633200e+04    1.00000000e-06
    6.75719100e+03    8.00000000e-06
    2.19465200e+03    4.90000000e-05
    8.40525700e+02    2.21000000e-04
    3.57666600e+02    8.38000000e-04
    1.63753400e+02    2.65600000e-03
    7.91446600e+01    7.23300000e-03
    3.98385800e+01    1.58080000e-02
    2.05853600e+01    2.71720000e-02
    1.08430700e+01    3.28010000e-02
    5.77796900e+00    1.23380000e-02
    3.04317000e+00   -5.54180000e-02
    1.57023900e+00   -1.15604000e-01
    7.94975000e-01   -1.39092000e-01
    3.88980000e-01    6.82000000e-04
    1.57327000e-01    3.52009000e-01
    6.65660000e-02    5.42205000e-01
17  1
    2.85633200e+04    1.00000000e-06
    6.75719100e+03    1.00000000e-05
    2.19465200e+03    6.00000000e-05
    8.40525700e+02    2.75000000e-04
    3.57666600e+02    1.03300000e-03
    1.63753400e+02    3.29600000e-03
    7.91446600e+01    8.89600000e-03
    3.98385800e+01    1.96130000e-02
    2.05853600e+01    3.33180000e-02
    1.08430700e+01    4.10090000e-02
    5.77796900e+00    1.49590000e-02
    3.04317000e+00   -6.42560000e-02
    1.57023900e+00   -1.41817000e-01
    7.94975000e-01   -1.73966000e-01
    3.88980000e-01   -4.11320000e-02
    1.57327000e-01    5.63995000e-01
    6.65660000e-02    5.23896000e-01
17  1
    2.85633200e+04    2.00000000e-06
    6.75719100e+03    2.00000000e-05
    2.19465200e+03    1.29000000e-04
    8.40525700e+02    5.36000000e-04
    3.57666600e+02    2.20300000e-03
    1.63753400e+02    6.42800000e-03
    7.91446600e+01    1.90710000e-02
    3.98385800e+01    3.77120000e-02
    2.05853600e+01    7.42670000e-02
    1.08430700e+01    7.52600000e-02
    5.77796900e+00    6.09980000e-02
    3.04317000e+00   -2.00976000e-01
    1.57023900e+00   -3.45343000e-01
    7.94975000e-01   -5.01835000e-01
    3.88980000e-01    1.14363100e+00
    1.57327000e-01    5.04487000e-01
    6.65660000e-02   -9.44103000e-01
17  1
    2.85633200e+04   -3.00000000e-06
    6.75719100e+03   -2.90000000e-05
    2.19465200e+03   -1.41000000e-04
    8.40525700e+02   -7.73000000e-04
    3.57666600e+02   -2.42200000e-03
    1.63753400e+02   -9.26700000e-03
    7.91446600e+01   -2.05550000e-02
    3.98385800e+01   -5.64850000e-02
    2.05853600e+01   -7.14930000e-02
    1.08430700e+01   -1.57791000e-01
    5.77796900e+00   -2.15520000e-02
    3.04317000e+00    2.37950000e-01
    1.57023900e+00    1.13183700e+00
    7.94975000e-01   -1.08918000e+00
    3.88980000e-01   -1.12577300e+00
    1.57327000e-01    2.16818900e+00
    6.65660000e-02   -1.11026300e+00
1  1
    2.78610000e-02    1.00000000e+00
10  2
    2.38009000e+02    3.50000000e-04
    7.11896000e+01    3.13000000e-03
    2.73946000e+01    1.54780000e-02
    1.17173000e+01    5.08290000e-02
    5.32480000e+00    1.27548000e-01
    2.51698000e+00    2.30447000e-01
    1.19075000e+00    3.04058000e-01
    5.51809000e-01    3.08366000e-01
    2.46926000e-01    2.29022000e-01
    1.05100000e-01    1.01360000e-01
10  2
    2.38009000e+02   -3.70000000e-04
    7.11896000e+01   -3.31700000e-03
    2.73946000e+01   -1.64740000e-02
    1.17173000e+01   -5.48390000e-02
    5.32480000e+00   -1.40839000e-01
    2.51698000e+00   -2.39553000e-01
    1.19075000e+00   -2.51910000e-01
    5.51809000e-01   -2.61060000e-02
    2.46926000e-01    3.87770000e-01
    1.05100000e-01    4.86724000e-01
10  2
    2.38009000e+02   -5.75000000e-04
    7.11896000e+01   -5.15700000e-03
    2.73946000e+01   -2.59290000e-02
    1.17173000e+01   -8.80590000e-02
    5.32480000e+00   -2.31179000e-01
    2.51698000e+00   -3.38352000e-01
    1.19075000e+00   -8.50300000e-02
    5.51809000e-01    6.26799000e-01
    2.46926000e-01    3.83473000e-01
    1.05100000e-01   -6.10262000e-01
10  2
    2.38009000e+02    7.34000000e-04
    7.11896000e+01    7.25800000e-03
    2.73946000e+01    3.39580000e-02
    1.17173000e+01    1.29855000e-01
    5.32480000e+00    3.31648000e-01
    2.51698000e+00    3.56983000e-01
    1.19075000e+00   -6.93439000e-01
    5.51809000e-01   -5.76850000e-01
    2.46926000e-01    1.22802900e+00
    1.05100000e-01   -3.16741000e-01
1  2
    4.13930000e-02    1.00000000e+00
1  3
    3.06480000e+00    1.00000000e+00
1  3
    8.84000000e-01    1.00000000e+00
1  3
    2.55000000e-01    1.00000000e+00
1  4
    2.15380000e+00    1.00000000e+00
1  4
    5.64500000e-01    1.00000000e+00
1  5
    1.31650000e+00    1.00000000e+00
