62
1  0
    2.86933000e+02    1.00000000e+00
1  0
    1.57747000e+02    1.00000000e+00
1  0
    6.91582000e+01    1.00000000e+00
1  0
    2.85322000e+01    1.00000000e+00
1  0
    1.12122000e+01    1.00000000e+00
1  0
    6.19210000e+00    1.00000000e+00
1  0
    3.24335000e+00    1.00000000e+00
1  0
    1.88426000e+00    1.00000000e+00
1  0
    9.05066000e-01    1.00000000e+00
1  0
    5.43584000e-01    1.00000000e+00
1  0
    2.23561000e-01    1.00000000e+00
1  0
    8.90980000e-02    1.00000000e+00
1  0
    6.42670000e-02    1.00000000e+00
1  1
    1.24277000e+02    1.00000000e+00
1  1
    5.23316000e+01    1.00000000e+00
1  1
    2.17522000e+01    1.00000000e+00
1  1
    9.83307000e+00    1.00000000e+00
1  1
    5.29529000e+00    1.00000000e+00
1  1
    2.57039000e+00    1.00000000e+00
1  1
    1.01706000e+00    1.00000000e+00
1  1
    7.86465000e-01    1.00000000e+00
1  1
    5.75013000e-01    1.00000000e+00
1  1
    2.17535000e-01    1.00000000e+00
1  1
    1.17189000e-01    1.00000000e+00
1  1
    6.26040000e-02    1.00000000e+00
1  2
    5.02711000e+01    1.00000000e+00
1  2
    1.67760000e+01    1.00000000e+00
1  2
    8.17915000e+00    1.00000000e+00
1  2
    3.52730000e+00    1.00000000e+00
1  2
    2.11115000e+00    1.00000000e+00
1  2
    8.96862000e-01    1.00000000e+00
1  2
    6.76253000e-01    1.00000000e+00
1  2
    3.02195000e-01    1.00000000e+00
1  2
    1.58075000e-01    1.00000000e+00
1  2
    7.94760000e-02    1.00000000e+00
1  3
    2.98687000e+01    1.00000000e+00
1  3
    9.56447000e+00    1.00000000e+00
1  3
    4.65389000e+00    1.00000000e+00
1  3
    2.39231000e+00    1.00000000e+00
1  3
    1.39701000e+00    1.00000000e+00
1  3
    7.89297000e-01    1.00000000e+00
1  3
    3.94003000e-01    1.00000000e+00
1  3
    2.46809000e-01    1.00000000e+00
1  3
    1.26530000e-01    1.00000000e+00
1  4
    1.91913000e+01    1.00000000e+00
1  4
    6.76244000e+00    1.00000000e+00
1  4
    2.76518000e+00    1.00000000e+00
1  4
    1.49810000e+00    1.00000000e+00
1  4
    6.83804000e-01    1.00000000e+00
1  4
    4.42103000e-01    1.00000000e+00
1  4
    1.50466000e-01    1.00000000e+00
1  5
    9.61075000e+00    1.00000000e+00
1  5
    4.57977000e+00    1.00000000e+00
1  5
    2.19089000e+00    1.00000000e+00
1  5
    1.33958000e+00    1.00000000e+00
1  5
    5.42198000e-01    1.00000000e+00
1  6
    5.94932000e+00    1.00000000e+00
1  6
    3.17403000e+00    1.00000000e+00
1  6
    1.80535000e+00    1.00000000e+00
1  6
    9.25337000e-01    1.00000000e+00
1  7
    3.77832000e+00    1.00000000e+00
1  7
    1.92976000e+00    1.00000000e+00
