26
11  0
    3.36038004e+06    8.70278407e-06
    5.02646732e+05    6.77860250e-05
    1.14247229e+05    3.56992291e-04
    3.23219726e+04    1.50755074e-03
    1.05329473e+04    5.46643775e-03
    3.79830044e+03    1.75473108e-02
    1.47960947e+03    5.01065948e-02
    6.12574055e+02    1.24312961e-01
    2.66221033e+02    2.51170269e-01
    1.20219801e+02    3.59260159e-01
    5.55911808e+01    2.75050757e-01
4  0
    1.08247686e+03    3.93268477e-03
    3.34944621e+02    3.82984780e-02
    1.28315590e+02    1.72599088e-01
    5.53115896e+01    3.12874239e-01
1  0
    2.51083830e+01    1.00000000e+00
1  0
    1.16675532e+01    1.00000000e+00
1  0
    5.53720733e+00    1.00000000e+00
1  0
    2.37810076e+00    1.00000000e+00
1  0
    1.15069473e+00    1.00000000e+00
1  0
    5.12839910e-01    1.00000000e+00
1  0
    1.16257114e-01    1.00000000e+00
1  0
    5.82727856e-02    1.00000000e+00
1  0
    2.66623122e-02    1.00000000e+00
9  1
    5.78280350e+03    1.83447430e-04
    1.36993923e+03    1.60952175e-03
    4.44531471e+02    8.92422687e-03
    1.69256176e+02    3.63751824e-02
    7.11687300e+01    1.12468033e-01
    3.19333584e+01    2.52261078e-01
    1.48653368e+01    3.80396950e-01
    7.09217401e+00    3.10687973e-01
    3.32811578e+00    8.81412005e-02
5  1
    4.58429060e+01   -5.66613919e-03
    1.59403390e+01   -2.67189794e-02
    3.12571550e+00    2.73546327e-01
    1.44858676e+00    5.79728831e-01
    6.55779028e-01    4.76011105e-01
1  1
    2.73116266e-01    1.00000000e+00
1  1
    1.22000000e-01    1.00000000e+00
1  1
    5.50000000e-02    1.00000000e+00
1  1
    2.50000000e-02    1.00000000e+00
5  2
    1.03950474e+02    2.10071588e-03
    3.09016887e+01    1.60152449e-02
    1.14203211e+01    6.41274569e-02
    4.65732723e+00    1.74889057e-01
    1.99636826e+00    3.10037780e-01
1  2
    8.49672495e-01    1.00000000e+00
1  2
    3.49532219e-01    1.00000000e+00
1  2
    1.31655882e-01    1.00000000e+00
1  2
    5.20000000e-02    1.00000000e+00
1  3
    2.93300000e+00    1.00000000e+00
1  3
    8.31000000e-01    1.00000000e+00
1  3
    2.57000000e-01    1.00000000e+00
1  4
    1.00900000e+00    1.00000000e+00
