20
1  0
    3.31000000e+04    1.00000000e+00
1  0
    6.62000000e+03    1.00000000e+00
1  0
    1.65000000e+03    1.00000000e+00
1  0
    4.14000000e+02    1.00000000e+00
1  0
    1.03000000e+02    1.00000000e+00
1  0
    3.20000000e+01    1.00000000e+00
1  1
    3.20000000e+01    1.00000000e+00
1  0
    6.46000000e+00    1.00000000e+00
1  1
    6.46000000e+00    1.00000000e+00
1  0
    1.61000000e+00    1.00000000e+00
1  1
    1.61000000e+00    1.00000000e+00
1  0
    4.04000000e-01    1.00000000e+00
1  1
    4.04000000e-01    1.00000000e+00
1  0
    1.01000000e-01    1.00000000e+00
1  1
    1.01000000e-01    1.00000000e+00
1  2
    3.20000000e+01    1.00000000e+00
1  2
    6.46000000e+00    1.00000000e+00
1  2
    1.61000000e+00    1.00000000e+00
1  2
    4.04000000e-01    1.00000000e+00
1  2
    1.01000000e-01    1.00000000e+00
