39
15  0
    1.95330000e+07    1.47252000e-06
    2.98271000e+06    1.11004000e-05
    6.93884000e+05    5.66446000e-05
    2.00684000e+05    2.33160000e-04
    6.67272000e+04    8.29610000e-04
    2.45785000e+04    2.63321000e-03
    9.80901000e+03    7.62534000e-03
    4.17163000e+03    2.03893000e-02
    1.87352000e+03    4.99487000e-02
    8.81120000e+02    1.11250000e-01
    4.32226000e+02    2.19290000e-01
    2.14989000e+02    3.85894000e-01
    1.06374000e+02    5.00000000e-01
    5.28236000e+01    3.69188000e-01
    2.58819000e+01    9.61083000e-02
7  0
    1.18303000e+03   -1.10773000e-03
    3.66454000e+02   -1.10476000e-02
    1.42393000e+02   -4.80853000e-02
    6.32000000e+01   -9.77953000e-02
    1.46273000e+01    3.39294000e-01
    7.61673000e+00    5.00000000e-01
    4.07694000e+00    2.83244000e-01
5  0
    5.00596000e+01    5.40830000e-03
    1.40934000e+01   -9.19547000e-02
    6.59746000e+00   -3.16376000e-01
    3.85407000e+00   -1.88152000e-01
    2.13523000e+00    5.00000000e-01
1  0
    1.04459000e+00    1.00000000e+00
1  0
    4.79077000e-01    1.00000000e+00
1  0
    1.47609000e-01    1.00000000e+00
1  0
    6.78090000e-02    1.00000000e+00
1  0
    2.81996000e-02    1.00000000e+00
7  1
    1.67958000e+05    1.04415000e-05
    2.58397000e+04    2.09934000e-04
    6.20235000e+03    1.90539000e-03
    2.04668000e+03    1.07240000e-02
    7.98076000e+02    4.69417000e-02
    3.48725000e+02    1.63701000e-01
    1.65506000e+02    5.00000000e-01
1  1
    8.07281000e+01    1.00000000e+00
1  1
    4.08634000e+01    1.00000000e+00
1  1
    2.14060000e+01    1.00000000e+00
1  1
    1.17421000e+01    1.00000000e+00
1  1
    6.48653000e+00    1.00000000e+00
1  1
    3.58655000e+00    1.00000000e+00
1  1
    1.84179000e+00    1.00000000e+00
1  1
    9.34960000e-01    1.00000000e+00
1  1
    4.65730000e-01    1.00000000e+00
1  1
    2.21427000e-01    1.00000000e+00
1  1
    6.90000000e-02    1.00000000e+00
5  2
    3.38225000e+02    1.34662000e-03
    1.03993000e+02    1.17171000e-02
    4.01917000e+01    6.43554000e-02
    1.73250000e+01    2.29847000e-01
    8.68744000e+00    5.00000000e-01
1  2
    4.44239000e+00    1.00000000e+00
1  2
    2.27477000e+00    1.00000000e+00
1  2
    1.15226000e+00    1.00000000e+00
1  2
    5.73457000e-01    1.00000000e+00
1  2
    2.77016000e-01    1.00000000e+00
1  2
    1.28059000e-01    1.00000000e+00
1  2
    5.50464000e-02    1.00000000e+00
1  3
    1.31780000e+01    1.00000000e+00
1  3
    4.11800000e+00    1.00000000e+00
1  3
    1.52500000e+00    1.00000000e+00
1  3
    6.36000000e-01    1.00000000e+00
1  3
    2.65000000e-01    1.00000000e+00
1  4
    7.11800000e+00    1.00000000e+00
1  4
    1.77900000e+00    1.00000000e+00
1  4
    4.45000000e-01    1.00000000e+00
1  5
    3.84400000e+00    1.00000000e+00
1  5
    8.54000000e-01    1.00000000e+00
1  6
    1.94700000e+00    1.00000000e+00
