11
5  0
    1.95680000e+04    5.48910000e-03
    2.94351000e+03    4.12037000e-02
    6.69186000e+02    1.87701000e-01
    1.87620000e+02    5.00000000e-01
    5.95805000e+01    4.78032000e-01
2  0
    9.17059000e+00    5.00000000e-01
    3.31072000e+00    1.72487000e-01
2  0
    1.20220000e+00    5.00000000e-01
    4.71780000e-01    2.39678000e-01
1  0
    9.36120000e-02    1.00000000e+00
1  0
    3.71979000e-02    1.00000000e+00
5  1
    2.23049000e+03    1.19905000e-03
    3.43152000e+02    2.15872000e-02
    8.03523000e+01    1.47229000e-01
    2.46975000e+01    4.38615000e-01
    8.35585000e+00    5.00000000e-01
1  1
    2.36697000e+00    1.00000000e+00
1  1
    7.19084000e-01    1.00000000e+00
1  1
    1.35000000e-01    1.00000000e+00
3  2
    1.51030000e+01    6.94154000e-02
    3.90778000e+00    2.89985000e-01
    1.14551000e+00    5.00000000e-01
1  2
    2.94800000e-01    1.00000000e+00
