15
6  0
    4.73311000e+04    1.88778000e-03
    7.10748000e+03    1.44653000e-02
    1.61748000e+03    7.16446000e-02
    4.56627000e+02    2.47846000e-01
    1.48287000e+02    5.00000000e-01
    5.08244000e+01    3.84471000e-01
4  0
    9.79091000e+01   -8.20959000e-02
    1.14388000e+01    5.00000000e-01
    5.04667000e+00    4.25986000e-01
    1.64987000e+00    4.85597000e-02
2  0
    1.18471000e+00    5.00000000e-01
    4.62699000e-01    2.15291000e-01
1  0
    9.13843000e-02    1.00000000e+00
1  0
    3.44918000e-02    1.00000000e+00
5  1
    6.48113000e+03    2.69547000e-04
    9.97097000e+02    5.25218000e-03
    2.35102000e+02    4.36911000e-02
    7.50203000e+01    1.90852000e-01
    2.76582000e+01    5.00000000e-01
1  1
    1.09102000e+01    1.00000000e+00
1  1
    4.44252000e+00    1.00000000e+00
1  1
    1.57227000e+00    1.00000000e+00
1  1
    5.28990000e-01    1.00000000e+00
1  1
    1.01000000e-01    1.00000000e+00
4  2
    4.21982000e+01    1.58371000e-02
    1.19617000e+01    9.68211000e-02
    4.06721000e+00    2.99226000e-01
    1.48987000e+00    5.00000000e-01
1  2
    5.17599000e-01    1.00000000e+00
1  2
    1.58984000e-01    1.00000000e+00
1  3
    1.12700000e+00    1.00000000e+00
