29
12  0
    3.72479000e+06    1.11024000e-05
    5.58719000e+05    8.61115000e-05
    1.27340000e+05    4.51968000e-04
    3.61085000e+04    1.90443000e-03
    1.17872000e+04    6.90297000e-03
    4.25609000e+03    2.22041000e-02
    1.66139000e+03    6.35233000e-02
    6.88092000e+02    1.60397000e-01
    2.98338000e+02    3.33172000e-01
    1.35154000e+02    5.00000000e-01
    6.28621000e+01    4.39410000e-01
    2.90857000e+01    1.37071000e-01
7  0
    1.20677000e+03   -1.00003000e-03
    3.73452000e+02   -1.00345000e-02
    1.44970000e+02   -4.42371000e-02
    6.39299000e+01   -9.33364000e-02
    1.43046000e+01    3.45840000e-01
    7.04841000e+00    5.00000000e-01
    3.44789000e+00    2.05628000e-01
4  0
    1.16351000e+01   -8.29198000e-02
    5.53118000e+00   -2.19784000e-01
    1.75906000e+00    4.10086000e-01
    8.48691000e-01    5.00000000e-01
2  0
    1.04159000e+00    3.12007000e-01
    4.26498000e-01    5.00000000e-01
1  0
    1.78410000e-01    1.00000000e+00
1  0
    7.40725000e-02    1.00000000e+00
1  0
    2.97731000e-02    1.00000000e+00
6  1
    6.46321000e+04    3.21296000e-05
    9.94340000e+03    6.54203000e-04
    2.35625000e+03    6.04546000e-03
    7.64256000e+02    3.44894000e-02
    2.90459000e+02    1.49877000e-01
    1.23621000e+02    5.00000000e-01
1  1
    5.57678000e+01    1.00000000e+00
1  1
    2.63701000e+01    1.00000000e+00
1  1
    1.28390000e+01    1.00000000e+00
1  1
    6.26005000e+00    1.00000000e+00
1  1
    2.99316000e+00    1.00000000e+00
1  1
    1.43355000e+00    1.00000000e+00
1  1
    6.60122000e-01    1.00000000e+00
1  1
    2.85359000e-01    1.00000000e+00
1  1
    8.10000000e-02    1.00000000e+00
5  2
    1.92797000e+02    1.80915000e-03
    5.74300000e+01    1.54120000e-02
    2.22656000e+01    6.81180000e-02
    9.91847000e+00    2.06466000e-01
    4.46382000e+00    5.00000000e-01
1  2
    2.08610000e+00    1.00000000e+00
1  2
    9.63627000e-01    1.00000000e+00
1  2
    4.32269000e-01    1.00000000e+00
1  2
    1.85267000e-01    1.00000000e+00
1  2
    7.26840000e-02    1.00000000e+00
1  3
    4.80400000e+00    1.00000000e+00
1  3
    1.33500000e+00    1.00000000e+00
1  3
    3.71000000e-01    1.00000000e+00
1  4
    3.20300000e+00    1.00000000e+00
1  4
    7.12000000e-01    1.00000000e+00
1  5
    1.62300000e+00    1.00000000e+00
