8
3  0
    1.13076252e+03    1.54328967e-01
    2.05969804e+02    5.35328142e-01
    5.57434671e+01    4.44634542e-01
3  0
    8.37838501e+01   -9.99672292e-02
    1.94695649e+01    3.99512826e-01
    6.33210678e+00    7.00115469e-01
3  1
    8.37838501e+01    1.55916275e-01
    1.94695649e+01    6.07683719e-01
    6.33210678e+00    3.91957393e-01
3  0
    6.14115128e+00   -2.27763502e-01
    1.87324688e+00    2.17543604e-01
    7.22756883e-01    9.16676961e-01
3  1
    6.14115128e+00    4.95151120e-03
    1.87324688e+00    5.77766469e-01
    7.22756883e-01    4.84646037e-01
3  0
    7.12264025e-01   -3.08844122e-01
    2.62870220e-01    1.96064117e-02
    1.16086261e-01    1.13103444e+00
3  1
    7.12264025e-01   -1.21546860e-01
    2.62870220e-01    5.71522760e-01
    1.16086261e-01    5.49894947e-01
3  2
    2.96481793e+00    2.19767951e-01
    9.04363968e-01    6.55547363e-01
    3.48931734e-01    2.86573259e-01
