36
1  0
    5.24404474e+04    1.00000000e+00
1  0
    2.10412867e+04    1.00000000e+00
1  0
    8.66326003e+03    1.00000000e+00
1  0
    3.65665958e+03    1.00000000e+00
1  0
    1.58064466e+03    1.00000000e+00
1  0
    6.98946105e+02    1.00000000e+00
1  0
    3.15781368e+02    1.00000000e+00
1  0
    1.45578371e+02    1.00000000e+00
1  0
    6.83864313e+01    1.00000000e+00
1  0
    3.26860864e+01    1.00000000e+00
1  0
    1.58707122e+01    1.00000000e+00
1  0
    7.81549427e+00    1.00000000e+00
1  0
    3.89669997e+00    1.00000000e+00
1  0
    1.96355404e+00    1.00000000e+00
1  0
    9.98144570e-01    1.00000000e+00
1  0
    5.10888890e-01    1.00000000e+00
1  0
    2.62786100e-01    1.00000000e+00
1  0
    1.35571740e-01    1.00000000e+00
1  0
    7.00111300e-02    1.00000000e+00
1  1
    1.67130979e+01    1.00000000e+00
1  1
    4.74540370e+00    1.00000000e+00
1  1
    1.38899980e+00    1.00000000e+00
1  1
    4.14244000e-01    1.00000000e+00
1  1
    1.24323400e-01    1.00000000e+00
1  2
    7.71432250e+00    1.00000000e+00
1  2
    3.11707310e+00    1.00000000e+00
1  2
    1.27679500e+00    1.00000000e+00
1  2
    5.27338600e-01    1.00000000e+00
1  2
    2.18405000e-01    1.00000000e+00
1  3
    3.13093440e+00    1.00000000e+00
1  3
    1.04197800e+00    1.00000000e+00
1  3
    3.55904400e-01    1.00000000e+00
1  4
    1.17289483e+01    1.00000000e+00
1  4
    3.88407510e+00    1.00000000e+00
1  4
    1.38834215e+00    1.00000000e+00
1  4
    5.09745975e-01    1.00000000e+00
