16
7  0
    3.11844000e+01    2.68990000e-02
    1.95385000e+01   -1.89238000e-01
    1.22602000e+01    4.33965000e-01
    4.72037000e+00   -8.04372000e-01
    1.00957000e+00    9.01540000e-01
    4.63456000e-01    4.10195000e-01
    1.13792000e-01    1.10440000e-02
7  0
    3.11844000e+01   -8.63300000e-03
    1.95385000e+01    6.09770000e-02
    1.22602000e+01   -1.41864000e-01
    4.72037000e+00    2.79732000e-01
    1.00957000e+00   -4.28505000e-01
    4.63456000e-01   -3.05015000e-01
    1.13792000e-01    6.71304000e-01
7  0
    3.11844000e+01    3.14780000e-02
    1.95385000e+01   -1.67699000e-01
    1.22602000e+01    3.28292000e-01
    4.72037000e+00   -5.86525000e-01
    1.00957000e+00    1.41544900e+00
    4.63456000e-01   -6.48827000e-01
    1.13792000e-01   -1.68925300e+00
1  0
    4.16420000e-02    1.00000000e+00
1  0
    1.52000000e-02    1.00000000e+00
6  1
    7.78738000e+00    1.85209000e-01
    5.04930000e+00   -5.28312000e-01
    3.18602000e+00    1.87158000e-01
    1.05937000e+00    6.56013000e-01
    4.49106000e-01    4.17925000e-01
    1.27625000e-01    4.09650000e-02
6  1
    7.78738000e+00   -5.35080000e-02
    5.04930000e+00    1.54679000e-01
    3.18602000e+00   -5.04270000e-02
    1.05937000e+00   -2.60450000e-01
    4.49106000e-01   -1.38405000e-01
    1.27625000e-01    5.45901000e-01
6  1
    7.78738000e+00   -7.49390000e-02
    5.04930000e+00    2.12022000e-01
    3.18602000e+00   -4.24460000e-02
    1.05937000e+00   -4.79375000e-01
    4.49106000e-01   -7.66750000e-02
    1.27625000e-01    9.47796000e-01
1  1
    4.27440000e-02    1.00000000e+00
1  1
    1.43000000e-02    1.00000000e+00
5  2
    8.30983000e+00    2.19490000e-02
    5.22463000e+00   -7.73760000e-02
    1.29529000e+00    2.63241000e-01
    5.39761000e-01    4.59546000e-01
    2.08927000e-01    3.92212000e-01
5  2
    8.30983000e+00   -2.63810000e-02
    5.22463000e+00    9.52520000e-02
    1.29529000e+00   -3.96052000e-01
    5.39761000e-01   -5.07996000e-01
    2.08927000e-01    5.23600000e-01
1  2
    7.31130000e-02    1.00000000e+00
1  2
    2.56000000e-02    1.00000000e+00
1  3
    4.76900000e-01    1.00000000e+00
1  3
    1.76800000e-01    1.00000000e+00
