22
9  0
    2.83881000e+01    2.86980000e-02
    1.77568000e+01   -2.41037000e-01
    1.11120000e+01    7.15218000e-01
    6.94934000e+00   -5.71330000e-01
    3.81506000e+00   -5.07256000e-01
    1.11249000e+00    8.12876000e-01
    5.25401000e-01    5.25241000e-01
    1.61529000e-01    3.46380000e-02
    7.64090000e-02   -1.29350000e-02
9  0
    2.83881000e+01   -8.48400000e-03
    1.77568000e+01    7.45440000e-02
    1.11120000e+01   -2.28518000e-01
    6.94934000e+00    1.87440000e-01
    3.81506000e+00    1.80612000e-01
    1.11249000e+00   -3.61562000e-01
    5.25401000e-01   -3.87363000e-01
    1.61529000e-01    2.48077000e-01
    7.64090000e-02    6.82862000e-01
9  0
    2.83881000e+01   -1.80800000e-03
    1.77568000e+01    6.39220000e-02
    1.11120000e+01   -2.42183000e-01
    6.94934000e+00    1.23988000e-01
    3.81506000e+00    5.00309000e-01
    1.11249000e+00   -1.12256500e+00
    5.25401000e-01   -1.99308000e-01
    1.61529000e-01    2.36077900e+00
    7.64090000e-02   -1.10235000e+00
9  0
    2.83881000e+01    1.38380000e-02
    1.77568000e+01    2.02260000e-02
    1.11120000e+01   -2.09372000e-01
    6.94934000e+00   -1.30360000e-02
    3.81506000e+00    1.04613200e+00
    1.11249000e+00   -3.44151700e+00
    5.25401000e-01    3.35122900e+00
    1.61529000e-01    1.36463000e-01
    7.64090000e-02   -2.60807500e+00
1  0
    3.26700000e-02    1.00000000e+00
1  0
    1.40000000e-02    1.00000000e+00
8  1
    1.65554000e+01   -2.52630000e-02
    1.03744000e+01    1.40961000e-01
    5.52190000e+00   -3.29916000e-01
    1.28902000e+00    5.01720000e-01
    6.35596000e-01    4.80566000e-01
    3.09645000e-01    1.68905000e-01
    1.37012000e-01    1.57270000e-02
    5.99380000e-02    1.46900000e-03
8  1
    1.65554000e+01    7.12900000e-03
    1.03744000e+01   -4.11130000e-02
    5.52190000e+00    9.96190000e-02
    1.28902000e+00   -1.76057000e-01
    6.35596000e-01   -2.16741000e-01
    3.09645000e-01   -1.14300000e-03
    1.37012000e-01    3.92897000e-01
    5.99380000e-02    5.40625000e-01
8  1
    1.65554000e+01    1.09680000e-02
    1.03744000e+01   -6.40750000e-02
    5.52190000e+00    1.56478000e-01
    1.28902000e+00   -2.79020000e-01
    6.35596000e-01   -3.89703000e-01
    3.09645000e-01    1.56628000e-01
    1.37012000e-01    7.68758000e-01
    5.99380000e-02    2.65537000e-01
8  1
    1.65554000e+01    2.21780000e-02
    1.03744000e+01   -1.23055000e-01
    5.52190000e+00    2.99573000e-01
    1.28902000e+00   -7.58051000e-01
    6.35596000e-01   -4.98053000e-01
    3.09645000e-01    1.71769900e+00
    1.37012000e-01   -2.46729000e-01
    5.99380000e-02   -8.20479000e-01
1  1
    2.58750000e-02    1.00000000e+00
1  1
    1.12000000e-02    1.00000000e+00
7  2
    1.36383000e+01   -2.60600000e-03
    8.51734000e+00    2.90880000e-02
    5.32328000e+00   -8.31780000e-02
    1.39319000e+00    2.10505000e-01
    6.54307000e-01    3.79449000e-01
    2.94390000e-01    3.82538000e-01
    1.25722000e-01    2.27906000e-01
7  2
    1.36383000e+01    2.57400000e-03
    8.51734000e+00   -3.33260000e-02
    5.32328000e+00    1.00662000e-01
    1.39319000e+00   -3.11789000e-01
    6.54307000e-01   -5.10102000e-01
    2.94390000e-01    1.04321000e-01
    1.25722000e-01    6.64793000e-01
7  2
    1.36383000e+01    6.81200000e-03
    8.51734000e+00   -5.94810000e-02
    5.32328000e+00    1.65964000e-01
    1.39319000e+00   -7.07381000e-01
    6.54307000e-01   -2.54890000e-01
    2.94390000e-01    1.26511800e+00
    1.25722000e-01   -4.50699000e-01
1  2
    4.97170000e-02    1.00000000e+00
1  2
    1.97000000e-02    1.00000000e+00
1  3
    8.26600000e-01    1.00000000e+00
1  3
    2.56000000e-01    1.00000000e+00
1  3
    9.13000000e-02    1.00000000e+00
1  4
    6.20500000e-01    1.00000000e+00
1  4
    2.28600000e-01    1.00000000e+00
