30
15  0
    1.28021000e+02   -2.13000000e-04
    7.97690000e+01    1.81300000e-03
    4.85622000e+01   -1.16240000e-02
    3.01989000e+01    6.76740000e-02
    1.88517000e+01   -2.99956000e-01
    1.17614000e+01    7.04635000e-01
    7.32982000e+00   -4.66369000e-01
    3.87670000e+00   -5.91492000e-01
    1.94927000e+00    2.62780000e-02
    1.21444000e+00    5.86822000e-01
    7.06390000e-01    5.43065000e-01
    4.09433000e-01    2.03733000e-01
    2.30424000e-01    2.45590000e-02
    1.12074000e-01   -9.15000000e-04
    5.45930000e-02   -2.71400000e-03
15  0
    1.28021000e+02    2.10000000e-05
    7.97690000e+01   -3.04000000e-04
    4.85622000e+01    2.70700000e-03
    3.01989000e+01   -1.89610000e-02
    1.88517000e+01    9.15990000e-02
    1.17614000e+01   -2.24973000e-01
    7.32982000e+00    1.54661000e-01
    3.87670000e+00    2.05556000e-01
    1.94927000e+00   -3.99800000e-03
    1.21444000e+00   -2.57466000e-01
    7.06390000e-01   -3.08404000e-01
    4.09433000e-01   -2.15045000e-01
    2.30424000e-01    9.78160000e-02
    1.12074000e-01    4.93453000e-01
    5.45930000e-02    5.30983000e-01
15  0
    1.28021000e+02    5.50000000e-05
    7.97690000e+01   -6.13000000e-04
    4.85622000e+01    4.91000000e-03
    3.01989000e+01   -3.32520000e-02
    1.88517000e+01    1.60224000e-01
    1.17614000e+01   -3.96383000e-01
    7.32982000e+00    2.77341000e-01
    3.87670000e+00    3.62820000e-01
    1.94927000e+00    7.27200000e-02
    1.21444000e+00   -6.83410000e-01
    7.06390000e-01   -8.14144000e-01
    4.09433000e-01   -1.12342000e-01
    2.30424000e-01    1.70871500e+00
    1.12074000e-01    5.92535000e-01
    5.45930000e-02   -1.07974100e+00
15  0
    1.28021000e+02   -8.00000000e-05
    7.97690000e+01   -4.00000000e-06
    4.85622000e+01    4.24000000e-03
    3.01989000e+01   -4.25880000e-02
    1.88517000e+01    2.31729000e-01
    1.17614000e+01   -6.00662000e-01
    7.32982000e+00    4.22997000e-01
    3.87670000e+00    6.72740000e-01
    1.94927000e+00    5.46600000e-03
    1.21444000e+00   -1.87846500e+00
    7.06390000e-01   -1.21991000e+00
    4.09433000e-01    3.62648500e+00
    2.30424000e-01    4.86604000e-01
    1.12074000e-01   -3.06112300e+00
    5.45930000e-02    5.98456000e-01
15  0
    1.28021000e+02   -2.20000000e-04
    7.97690000e+01    7.93000000e-04
    4.85622000e+01    1.51100000e-03
    3.01989000e+01   -3.66030000e-02
    1.88517000e+01    2.25600000e-01
    1.17614000e+01   -5.94933000e-01
    7.32982000e+00    3.65804000e-01
    3.87670000e+00    8.68132000e-01
    1.94927000e+00    7.53998000e-01
    1.21444000e+00   -5.90393000e+00
    7.06390000e-01    3.95828800e+00
    4.09433000e-01    5.50545300e+00
    2.30424000e-01   -8.34954500e+00
    1.12074000e-01    2.67698200e+00
    5.45930000e-02    2.15624700e+00
15  0
    1.28021000e+02    7.62000000e-04
    7.97690000e+01   -3.58800000e-03
    4.85622000e+01    5.70200000e-03
    3.01989000e+01    3.67400000e-02
    1.88517000e+01   -3.17130000e-01
    1.17614000e+01    9.03269000e-01
    7.32982000e+00   -5.06801000e-01
    3.87670000e+00   -2.19856300e+00
    1.94927000e+00    2.36636500e+00
    1.21444000e+00    8.82861200e+00
    7.06390000e-01   -2.19615460e+01
    4.09433000e-01    1.95076120e+01
    2.30424000e-01   -5.60666500e+00
    1.12074000e-01   -4.42259200e+00
    5.45930000e-02    5.85391500e+00
1  0
    2.62100000e-02    1.00000000e+00
12  1
    4.48241000e+01   -5.63000000e-04
    2.79957000e+01    6.90700000e-03
    1.74892000e+01   -5.01680000e-02
    1.09261000e+01    1.87710000e-01
    6.82519000e+00   -2.16293000e-01
    4.18153000e+00   -1.69592000e-01
    1.56353000e+00    3.17137000e-01
    8.68966000e-01    4.78821000e-01
    4.66882000e-01    3.11983000e-01
    2.37620000e-01    8.05190000e-02
    1.12450000e-01    6.75400000e-03
    5.20670000e-02    9.72000000e-04
12  1
    4.48241000e+01    1.09000000e-04
    2.79957000e+01   -1.66300000e-03
    1.74892000e+01    1.33690000e-02
    1.09261000e+01   -5.23560000e-02
    6.82519000e+00    6.24070000e-02
    4.18153000e+00    4.87380000e-02
    1.56353000e+00   -1.01159000e-01
    8.68966000e-01   -1.80280000e-01
    4.66882000e-01   -1.36636000e-01
    2.37620000e-01    9.29390000e-02
    1.12450000e-01    4.06092000e-01
    5.20670000e-02    4.86521000e-01
12  1
    4.48241000e+01    1.43000000e-04
    2.79957000e+01   -2.55700000e-03
    1.74892000e+01    2.16370000e-02
    1.09261000e+01   -8.59840000e-02
    6.82519000e+00    1.02743000e-01
    4.18153000e+00    8.19860000e-02
    1.56353000e+00   -1.72380000e-01
    8.68966000e-01   -3.15966000e-01
    4.66882000e-01   -2.42893000e-01
    2.37620000e-01    4.14170000e-01
    1.12450000e-01    6.61840000e-01
    5.20670000e-02    1.64760000e-01
12  1
    4.48241000e+01    2.04000000e-04
    2.79957000e+01   -4.18000000e-03
    1.74892000e+01    3.72120000e-02
    1.09261000e+01   -1.51713000e-01
    6.82519000e+00    1.84899000e-01
    4.18153000e+00    1.53809000e-01
    1.56353000e+00   -3.82886000e-01
    8.68966000e-01   -9.13887000e-01
    4.66882000e-01    6.15834000e-01
    2.37620000e-01    1.35919000e+00
    1.12450000e-01   -7.71943000e-01
    5.20670000e-02   -5.29845000e-01
12  1
    4.48241000e+01   -1.88400000e-03
    2.79957000e+01    4.77400000e-03
    1.74892000e+01    2.93600000e-02
    1.09261000e+01   -1.96288000e-01
    6.82519000e+00    2.45885000e-01
    4.18153000e+00    3.54462000e-01
    1.56353000e+00   -1.49280900e+00
    8.68966000e-01   -4.96254000e-01
    4.66882000e-01    3.48389000e+00
    2.37620000e-01   -2.58607000e+00
    1.12450000e-01   -1.73289000e-01
    5.20670000e-02    9.39439000e-01
12  1
    4.48241000e+01   -8.53100000e-03
    2.79957000e+01    3.75330000e-02
    1.74892000e+01   -4.44050000e-02
    1.09261000e+01   -1.25094000e-01
    6.82519000e+00    1.83783000e-01
    4.18153000e+00    7.02987000e-01
    1.56353000e+00   -4.56501700e+00
    8.68966000e-01    6.77608700e+00
    4.66882000e-01   -3.48214900e+00
    2.37620000e-01   -1.07098600e+00
    1.12450000e-01    2.89601400e+00
    5.20670000e-02   -1.79569800e+00
1  1
    2.36130000e-02    1.00000000e+00
10  2
    3.56782000e+01    8.10000000e-05
    1.54233000e+01   -2.34300000e-03
    9.24385000e+00    2.00330000e-02
    5.03715000e+00   -7.76750000e-02
    1.54681000e+00    1.49104000e-01
    8.42200000e-01    2.70013000e-01
    4.58388000e-01    3.09412000e-01
    2.47542000e-01    2.70513000e-01
    1.30544000e-01    1.76877000e-01
    6.62290000e-02    6.62320000e-02
10  2
    3.56782000e+01   -1.00000000e-05
    1.54233000e+01    2.07000000e-03
    9.24385000e+00   -2.23950000e-02
    5.03715000e+00    9.42650000e-02
    1.54681000e+00   -2.15883000e-01
    8.42200000e-01   -4.05273000e-01
    4.58388000e-01   -2.65423000e-01
    2.47542000e-01    2.30315000e-01
    1.30544000e-01    4.90881000e-01
    6.62290000e-02    2.98900000e-01
10  2
    3.56782000e+01   -7.50000000e-05
    1.54233000e+01   -2.20600000e-03
    9.24385000e+00    3.08890000e-02
    5.03715000e+00   -1.41411000e-01
    1.54681000e+00    4.57630000e-01
    8.42200000e-01    6.27575000e-01
    4.58388000e-01   -5.60417000e-01
    2.47542000e-01   -8.19287000e-01
    1.30544000e-01    2.63616000e-01
    6.62290000e-02    5.84469000e-01
10  2
    3.56782000e+01   -9.50000000e-05
    1.54233000e+01   -2.80400000e-03
    9.24385000e+00    4.18880000e-02
    5.03715000e+00   -2.02801000e-01
    1.54681000e+00    9.97759000e-01
    8.42200000e-01    1.41866000e-01
    4.58388000e-01   -2.03036600e+00
    2.47542000e-01    1.23490000e+00
    1.30544000e-01    7.67651000e-01
    6.62290000e-02   -7.79946000e-01
10  2
    3.56782000e+01    3.90600000e-03
    1.54233000e+01   -2.36200000e-02
    9.24385000e+00    1.00100000e-03
    5.03715000e+00    2.56663000e-01
    1.54681000e+00   -2.44810500e+00
    8.42200000e-01    3.66252300e+00
    4.58388000e-01   -1.45399200e+00
    2.47542000e-01   -1.58802800e+00
    1.30544000e-01    2.23581100e+00
    6.62290000e-02   -7.06218000e-01
1  2
    3.13960000e-02    1.00000000e+00
1  3
    1.34950000e+00    1.00000000e+00
1  3
    6.18700000e-01    1.00000000e+00
1  3
    2.83600000e-01    1.00000000e+00
1  3
    1.30000000e-01    1.00000000e+00
1  4
    1.54060000e+00    1.00000000e+00
1  4
    6.16200000e-01    1.00000000e+00
1  4
    2.46500000e-01    1.00000000e+00
1  5
    1.17140000e+00    1.00000000e+00
1  5
    4.22200000e-01    1.00000000e+00
1  6
    8.04800000e-01    1.00000000e+00
