14
3  0
    3.00000000e+01    3.22464834e-01
    2.70000000e+01   -4.66922572e-01
    1.30780457e+01    4.26995638e-01
1  0
    4.81004497e+00    1.00000000e+00
1  0
    9.84978043e-01    1.00000000e+00
1  0
    4.49104853e-01    1.00000000e+00
1  0
    1.14483529e-01    1.00000000e+00
1  0
    4.17204220e-02    1.00000000e+00
4  1
    1.70000000e+01   -3.78177684e-02
    1.24319734e+01    1.09056738e-01
    5.15862177e+00   -2.93999550e-01
    1.28014548e+00    5.15607267e-01
1  1
    6.28567909e-01    1.00000000e+00
1  1
    2.93804236e-01    1.00000000e+00
1  1
    6.50000000e-02    1.00000000e+00
4  2
    7.40647373e+00    8.69939630e-02
    5.90262686e+00   -1.76675400e-01
    1.29847567e+00    5.51456970e-01
    5.71535085e-01    9.53135965e-01
1  2
    2.38455266e-01    1.00000000e+00
1  2
    9.11442673e-02    1.00000000e+00
1  3
    4.31990000e-01    1.00000000e+00
