W nelec 60
W ul
2      1.00000000             0.00000000       
W S
2     11.06379500           419.22759900       
2      8.21764100            41.19130700       
W P
2      9.33818800           107.34811000       
2      8.43044800           214.69956800       
4      9.49002000             0.02544200       
4      9.48994700             0.05189500       
2      1.88299700            -0.11718400       
2      1.90697200             0.29668900       
W D
2      6.20543300            58.88127900       
2      6.12215700            98.68355600       
4      6.27455600             0.01953700       
4      6.22637500             0.02195600       
2      1.96387500            -0.08857700       
2      1.88828700            -0.20972600       
W F
2      2.30795300             6.23247200       
2      2.27060900             8.31134500       
W G
2      3.58349100            -6.80294400       
2      3.56251500            -8.44323200       
Re nelec 60
