23
4  0
    2.33623178e+01    4.03325500e-01
    1.43384253e+01   -2.29693380e+00
    8.64734570e+00    5.49658310e+00
    5.29321300e+00   -4.32503650e+00
1  0
    3.11365460e+00    1.00000000e+00
1  0
    1.78173130e+00    1.00000000e+00
1  0
    1.07738910e+00    1.00000000e+00
1  0
    6.33758300e-01    1.00000000e+00
1  0
    3.72799000e-01    1.00000000e+00
1  0
    2.19293500e-01    1.00000000e+00
1  0
    1.08059700e-01    1.00000000e+00
1  1
    1.79027530e+00    1.00000000e+00
1  1
    8.32136800e-01    1.00000000e+00
1  1
    3.85247300e-01    1.00000000e+00
1  1
    1.77930300e-01    1.00000000e+00
1  1
    8.21137000e-02    1.00000000e+00
1  2
    2.40296010e+00    1.00000000e+00
1  2
    1.12193550e+00    1.00000000e+00
1  2
    5.16471500e-01    1.00000000e+00
1  2
    2.35765500e-01    1.00000000e+00
1  2
    1.07326300e-01    1.00000000e+00
2  3
    1.48015250e+00   -2.49226000e-02
    6.35203300e-01    1.49743000e-02
1  3
    2.76610700e-01    1.00000000e+00
1  4
    1.69634350e+00    1.00000000e+00
1  4
    6.69289000e-01    1.00000000e+00
1  4
    2.67144500e-01    1.00000000e+00
