12
6  0
    2.05832000e+03    9.38000000e-04
    3.07427000e+02    4.42000000e-03
    1.57815000e+01    3.54395000e-01
    9.54470000e+00   -8.88514000e-01
    2.22969000e+00    9.49624000e-01
    1.11200000e+00    3.81066000e-01
6  0
    2.05832000e+03   -4.38000000e-04
    3.07427000e+02   -2.27700000e-03
    1.57815000e+01   -1.55796000e-01
    9.54470000e+00    4.17578000e-01
    2.22969000e+00   -6.79325000e-01
    1.11200000e+00   -3.18309000e-01
1  0
    3.55430000e-01    1.00000000e+00
1  0
    1.37726000e-01    1.00000000e+00
1  0
    4.73000000e-02    1.00000000e+00
5  1
    2.01725000e+01    6.87400000e-02
    1.18122000e+01   -2.44614000e-01
    2.93460000e+00    6.67648000e-01
    1.31890000e+00    4.50180000e-01
    3.85816000e-01    2.86890000e-02
5  1
    2.01725000e+01   -2.29670000e-02
    1.18122000e+01    8.81150000e-02
    2.93460000e+00   -3.23311000e-01
    1.31890000e+00   -1.54228000e-01
    3.85816000e-01    6.22882000e-01
1  1
    1.26961000e-01    1.00000000e+00
1  1
    3.79000000e-02    1.00000000e+00
5  2
    5.26666000e+01    4.80700000e-03
    1.43464000e+01   -4.51700000e-03
    4.81597000e+00    3.01510000e-01
    2.21496000e+00    5.12037000e-01
    9.61128000e-01    2.99090000e-01
1  2
    3.41200000e-01    1.00000000e+00
1  2
    1.40400000e-01    1.00000000e+00
