17
9  0
    6.45640000e+03    2.50000000e-04
    9.74061000e+02    1.63000000e-03
    2.14429000e+02    4.73300000e-03
    3.13308000e+01   -3.36990000e-02
    1.96130000e+01    2.43931000e-01
    8.88609000e+00   -7.64653000e-01
    2.32508000e+00    9.00794000e-01
    1.18422000e+00    4.41513000e-01
    9.21780000e-02    8.51000000e-04
9  0
    6.45640000e+03   -1.30000000e-04
    9.74061000e+02   -8.85000000e-04
    2.14429000e+02   -2.35800000e-03
    3.13308000e+01    7.29100000e-03
    1.96130000e+01   -9.26390000e-02
    8.88609000e+00    3.53795000e-01
    2.32508000e+00   -6.15830000e-01
    1.18422000e+00   -4.13060000e-01
    9.21780000e-02    1.42337000e-01
1  0
    4.26854000e-01    1.00000000e+00
1  0
    2.01645000e-01    1.00000000e+00
1  0
    1.14300000e-01    1.00000000e+00
1  0
    4.76000000e-02    1.00000000e+00
9  1
    1.91170000e+02    7.65000000e-04
    2.25178000e+01    3.69520000e-02
    1.00604000e+01   -2.80688000e-01
    5.55762000e+00    1.42717000e-01
    2.69625000e+00    6.35654000e-01
    1.30764000e+00    3.93257000e-01
    5.30675000e-01    4.10560000e-02
    2.22461000e-01   -2.25100000e-03
    8.68810000e-02    7.74000000e-04
9  1
    1.91170000e+02   -3.29000000e-04
    2.25178000e+01   -1.27810000e-02
    1.00604000e+01    1.08274000e-01
    5.55762000e+00   -7.20510000e-02
    2.69625000e+00   -2.84580000e-01
    1.30764000e+00   -1.85205000e-01
    5.30675000e-01    3.58336000e-01
    2.22461000e-01    5.88394000e-01
    8.68810000e-02    2.57245000e-01
1  1
    6.95300000e-01    1.00000000e+00
1  1
    1.13500000e-01    1.00000000e+00
1  1
    4.20000000e-02    1.00000000e+00
7  2
    1.42971000e+02    7.36000000e-04
    4.13057000e+01    5.37200000e-03
    1.09222000e+01   -2.88270000e-02
    6.82408000e+00    1.19910000e-01
    3.66696000e+00    3.32464000e-01
    1.98289000e+00    3.89209000e-01
    1.05399000e+00    2.48359000e-01
1  2
    5.29903000e-01    1.00000000e+00
1  2
    2.19200000e-01    1.00000000e+00
1  2
    9.17000000e-02    1.00000000e+00
1  3
    4.77900000e-01    1.00000000e+00
1  3
    2.28700000e-01    1.00000000e+00
