31
11  0
    4.83217000e+04    2.10000000e-05
    7.24753000e+03    1.61000000e-04
    1.64782000e+03    7.77000000e-04
    4.63280000e+02    2.45100000e-03
    1.41252000e+02    4.32700000e-03
    3.03364000e+01   -5.20960000e-02
    1.89517000e+01    3.62370000e-01
    1.18390000e+01   -4.51131000e-01
    6.60226000e+00   -6.05500000e-01
    4.08611000e+00    3.22470000e-01
    2.16989000e+00    7.95959000e-01
11  0
    4.83217000e+04   -1.10000000e-05
    7.24753000e+03   -8.50000000e-05
    1.64782000e+03   -4.06000000e-04
    4.63280000e+02   -1.30500000e-03
    1.41252000e+02   -2.23000000e-03
    3.03364000e+01    2.13490000e-02
    1.89517000e+01   -1.66667000e-01
    1.18390000e+01    2.37481000e-01
    6.60226000e+00    2.62045000e-01
    4.08611000e+00   -1.70571000e-01
    2.16989000e+00   -5.27302000e-01
1  0
    1.20810000e+00    1.00000000e+00
1  0
    6.26552000e-01    1.00000000e+00
1  0
    3.29957000e-01    1.00000000e+00
1  0
    1.66501000e-01    1.00000000e+00
1  0
    8.05130000e-02    1.00000000e+00
1  0
    3.39000000e-02    1.00000000e+00
8  1
    6.06038000e+02    1.40000000e-04
    1.39795000e+02    8.69000000e-04
    1.93991000e+01    7.28320000e-02
    1.21272000e+01   -2.13217000e-01
    7.57805000e+00   -8.64450000e-02
    3.86983000e+00    3.51693000e-01
    2.20928000e+00    5.05577000e-01
    1.25188000e+00    2.78345000e-01
8  1
    6.06038000e+02   -5.10000000e-05
    1.39795000e+02   -3.60000000e-04
    1.93991000e+01   -2.76370000e-02
    1.21272000e+01    8.86670000e-02
    7.57805000e+00    1.62210000e-02
    3.86983000e+00   -1.47872000e-01
    2.20928000e+00   -2.38960000e-01
    1.25188000e+00   -1.38759000e-01
1  1
    6.81514000e-01    1.00000000e+00
1  1
    3.73010000e-01    1.00000000e+00
1  1
    1.98376000e-01    1.00000000e+00
1  1
    1.02823000e-01    1.00000000e+00
1  1
    5.09490000e-02    1.00000000e+00
1  1
    2.59000000e-02    1.00000000e+00
9  2
    6.59613000e+02    2.90000000e-05
    2.00728000e+02    2.67000000e-04
    7.87426000e+01    1.38400000e-03
    3.33455000e+01    5.86500000e-03
    1.26987000e+01   -2.29860000e-02
    7.83550000e+00    5.33760000e-02
    4.66949000e+00    2.15886000e-01
    2.78695000e+00    3.25090000e-01
    1.65164000e+00    3.08150000e-01
1  2
    9.63709000e-01    1.00000000e+00
1  2
    5.52186000e-01    1.00000000e+00
1  2
    3.12530000e-01    1.00000000e+00
1  2
    1.44600000e-01    1.00000000e+00
1  2
    6.11000000e-02    1.00000000e+00
1  3
    7.41800000e-01    1.00000000e+00
1  3
    4.23900000e-01    1.00000000e+00
1  3
    2.42300000e-01    1.00000000e+00
1  3
    1.30500000e-01    1.00000000e+00
1  4
    7.41800000e-01    1.00000000e+00
1  4
    3.59700000e-01    1.00000000e+00
1  4
    1.86100000e-01    1.00000000e+00
1  5
    6.57500000e-01    1.00000000e+00
1  5
    4.15900000e-01    1.00000000e+00
