19
10  0
    1.87743000e+04    6.80000000e-05
    2.82481000e+03    5.01000000e-04
    6.40088000e+02    2.09700000e-03
    1.72616000e+02    4.49300000e-03
    2.95169000e+01   -4.71510000e-02
    1.84448000e+01    3.74033000e-01
    1.15238000e+01   -5.12826000e-01
    6.61890000e+00   -4.78624000e-01
    2.99552000e+00    5.96471000e-01
    1.64937000e+00    7.15398000e-01
10  0
    1.87743000e+04    3.60000000e-05
    2.82481000e+03    2.62000000e-04
    6.40088000e+02    1.10900000e-03
    1.72616000e+02    2.34800000e-03
    2.95169000e+01   -1.87980000e-02
    1.84448000e+01    1.71389000e-01
    1.15238000e+01   -2.68223000e-01
    6.61890000e+00   -1.96055000e-01
    2.99552000e+00    3.35646000e-01
    1.64937000e+00    5.96828000e-01
1  0
    8.60679000e-01    1.00000000e+00
1  0
    4.42246000e-01    1.00000000e+00
1  0
    2.08182000e-01    1.00000000e+00
1  0
    9.48280000e-02    1.00000000e+00
7  1
    6.13331000e+02    1.38000000e-04
    1.41710000e+02    8.53000000e-04
    2.03106000e+01    5.50240000e-02
    1.10331000e+01   -2.52988000e-01
    6.89513000e+00    9.74600000e-03
    3.24166000e+00    5.26797000e-01
    1.66535000e+00    5.01832000e-01
7  1
    6.13331000e+02   -4.90000000e-05
    1.41710000e+02   -3.61000000e-04
    2.03106000e+01   -2.03090000e-02
    1.10331000e+01    1.02938000e-01
    6.89513000e+00   -2.30910000e-02
    3.24166000e+00   -2.23126000e-01
    1.66535000e+00   -2.61848000e-01
1  1
    8.19786000e-01    1.00000000e+00
1  1
    3.87304000e-01    1.00000000e+00
1  1
    1.71566000e-01    1.00000000e+00
1  1
    7.26410000e-02    1.00000000e+00
9  2
    6.27684000e+02    3.20000000e-05
    1.90613000e+02    2.98000000e-04
    7.43150000e+01    1.54100000e-03
    3.14406000e+01    6.48700000e-03
    1.45656000e+01   -1.48640000e-02
    6.13546000e+00    1.25940000e-01
    3.61670000e+00    2.98802000e-01
    2.08465000e+00    3.52262000e-01
    1.19518000e+00    2.48471000e-01
1  2
    6.81848000e-01    1.00000000e+00
1  2
    3.80727000e-01    1.00000000e+00
1  2
    1.67600000e-01    1.00000000e+00
1  3
    6.61900000e-01    1.00000000e+00
1  3
    2.97900000e-01    1.00000000e+00
1  4
    5.27800000e-01    1.00000000e+00
