32
1  0
    1.94798000e+01    1.00000000e+00
1  0
    1.17367000e+01    1.00000000e+00
1  0
    6.74762000e+00    1.00000000e+00
1  0
    4.00700000e+00    1.00000000e+00
1  0
    1.97594000e+00    1.00000000e+00
1  0
    8.19238000e-01    1.00000000e+00
1  0
    3.93003000e-01    1.00000000e+00
1  0
    2.08868000e-01    1.00000000e+00
1  1
    1.68461000e+01    1.00000000e+00
1  1
    1.05098000e+01    1.00000000e+00
1  1
    4.73999000e+00    1.00000000e+00
1  1
    2.47955000e+00    1.00000000e+00
1  1
    1.33020000e+00    1.00000000e+00
1  1
    6.32870000e-01    1.00000000e+00
1  1
    4.09217000e-01    1.00000000e+00
1  1
    2.22131000e-01    1.00000000e+00
1  2
    1.00001000e+01    1.00000000e+00
1  2
    5.66381000e+00    1.00000000e+00
1  2
    2.87610000e+00    1.00000000e+00
1  2
    1.42101000e+00    1.00000000e+00
1  2
    8.69427000e-01    1.00000000e+00
1  2
    4.41114000e-01    1.00000000e+00
1  2
    2.56837000e-01    1.00000000e+00
1  3
    1.90830000e+01    1.00000000e+00
1  3
    5.63911000e+00    1.00000000e+00
1  3
    2.19475000e+00    1.00000000e+00
1  3
    8.09462000e-01    1.00000000e+00
1  3
    4.04339000e-01    1.00000000e+00
1  4
    6.45313000e+00    1.00000000e+00
1  4
    1.73967000e+00    1.00000000e+00
1  4
    7.47295000e-01    1.00000000e+00
1  5
    1.80678000e+00    1.00000000e+00
