Xe nelec 28
Xe ul
2     20.88155700           -23.08929500       
2     20.78344300           -30.07447500       
2      5.25338900            -0.28822700       
2      5.36118800            -0.38692400       
Xe S
2     40.00518400            49.99796200       
2     17.81221400           281.01330300       
2      9.30415000            61.53825500       
2     20.88155700            23.08929500       
2     20.78344300            30.07447500       
2      5.25338900             0.28822700       
2      5.36118800             0.38692400       
Xe P
2     15.70177200            67.43914200       
2     15.25860800           134.87471100       
2      9.29218400            14.66330000       
2      8.55900300            29.35473000       
2     20.88155700            23.08929500       
2     20.78344300            30.07447500       
2      5.25338900             0.28822700       
2      5.36118800             0.38692400       
Xe D
2     15.18560000            35.43690800       
2     14.28450000            53.19577200       
2      7.12188900             9.04623200       
2      6.99196300            13.22368100       
2      0.62394600             0.08485300       
2      0.64728400             0.04415500       
2     20.88155700            23.08929500       
2     20.78344300            30.07447500       
2      5.25338900             0.28822700       
2      5.36118800             0.38692400       
