20
1  0
    3.84375000e+05    1.00000000e+00
1  0
    6.40620000e+04    1.00000000e+00
1  0
    1.28120000e+04    1.00000000e+00
1  0
    2.56200000e+03    1.00000000e+00
1  0
    5.12000000e+02    1.00000000e+00
1  10
    1.23000000e+02    1.00000000e+00
1  10
    1.23000000e+02    1.00000000e+00
1  10
    2.05000000e+01    1.00000000e+00
1  10
    2.05000000e+01    1.00000000e+00
1  10
    4.10000000e+00    1.00000000e+00
1  10
    4.10000000e+00    1.00000000e+00
1  10
    8.20000000e-01    1.00000000e+00
1  10
    8.20000000e-01    1.00000000e+00
1  10
    1.64000000e-01    1.00000000e+00
1  10
    1.64000000e-01    1.00000000e+00
1  2
    1.23000000e+02    1.00000000e+00
1  2
    2.05000000e+01    1.00000000e+00
1  2
    4.10000000e+00    1.00000000e+00
1  2
    8.20000000e-01    1.00000000e+00
1  2
    1.64000000e-01    1.00000000e+00
