Xe nelec 28
Xe ul
2      1.0000000              0.0000000        
Xe S
2     40.0051840             49.9979620        
2     17.8122140            281.0133030        
2      9.3041500             61.5382550        
Xe P
2     15.7017720             67.4391420        
2     15.2586080            134.8747110        
2      9.2921840             14.6633000        
2      8.5590030             29.3547300        
Xe D
2     15.1856000             35.4369080        
2     14.2845000             53.1957720        
2      7.1218890              9.0462320        
2      6.9919630             13.2236810        
2      0.6239460              0.0848530        
2      0.6472840              0.0441550        
Xe F
2     20.8815570            -23.0892950        
2     20.7834430            -30.0744750        
2      5.2533890             -0.2882270        
2      5.3611880             -0.3869240        
