18
4  0
    5.08073424e+01    5.19141600e-01
    2.98866712e+01   -3.65114640e+00
    1.75803943e+01    1.25652412e+01
    1.03414081e+01   -1.71144379e+01
1  0
    6.08318110e+00    1.00000000e+00
1  0
    3.57834170e+00    1.00000000e+00
1  0
    2.10490680e+00    1.00000000e+00
1  0
    7.28341400e-01    1.00000000e+00
1  0
    4.28436100e-01    1.00000000e+00
1  0
    2.52021200e-01    1.00000000e+00
1  0
    1.48247800e-01    1.00000000e+00
2  1
    7.17000000e+00    1.75949000e-02
    2.54000000e+00   -4.50366000e-02
1  1
    8.90000000e-01    1.00000000e+00
1  1
    3.10000000e-01    1.00000000e+00
1  1
    1.10000000e-01    1.00000000e+00
3  2
    1.59800000e+01    3.75660000e-03
    5.89000000e+00   -1.86363000e-02
    2.21000000e+00    1.43662000e-02
1  2
    8.40000000e-01    1.00000000e+00
1  2
    3.20000000e-01    1.00000000e+00
2  3
    2.13000000e+00   -3.86110000e-03
    8.70000000e-01    7.52700000e-03
1  3
    3.60000000e-01    1.00000000e+00
1  4
    1.03000000e+00    1.00000000e+00
