40
1  0
    1.49079857e+06    1.00000000e+00
1  0
    5.75031846e+05    1.00000000e+00
1  0
    2.29032378e+05    1.00000000e+00
1  0
    9.41555139e+04    1.00000000e+00
1  0
    3.99316441e+04    1.00000000e+00
1  0
    1.74604108e+04    1.00000000e+00
1  0
    7.86616854e+03    1.00000000e+00
1  0
    3.64845993e+03    1.00000000e+00
1  0
    1.74067566e+03    1.00000000e+00
1  0
    8.53432338e+02    1.00000000e+00
1  0
    4.29535889e+02    1.00000000e+00
1  0
    2.21665994e+02    1.00000000e+00
1  0
    1.17141637e+02    1.00000000e+00
1  0
    6.33041755e+01    1.00000000e+00
1  0
    3.49310522e+01    1.00000000e+00
1  0
    1.96495487e+01    1.00000000e+00
1  0
    1.12489989e+01    1.00000000e+00
1  0
    6.54202059e+00    1.00000000e+00
1  0
    3.85765545e+00    1.00000000e+00
1  0
    2.30191436e+00    1.00000000e+00
1  0
    1.38713248e+00    1.00000000e+00
1  0
    8.42348090e-01    1.00000000e+00
1  0
    5.14363720e-01    1.00000000e+00
1  0
    3.15136360e-01    1.00000000e+00
1  0
    1.93290690e-01    1.00000000e+00
1  0
    1.35000000e-01    1.00000000e+00
1  1
    7.17000000e+00    1.00000000e+00
1  1
    2.54000000e+00    1.00000000e+00
1  1
    8.90000000e-01    1.00000000e+00
1  1
    3.10000000e-01    1.00000000e+00
1  1
    1.10000000e-01    1.00000000e+00
1  2
    1.59800000e+01    1.00000000e+00
1  2
    5.89000000e+00    1.00000000e+00
1  2
    2.21000000e+00    1.00000000e+00
1  2
    8.40000000e-01    1.00000000e+00
1  2
    3.20000000e-01    1.00000000e+00
1  3
    2.13000000e+00    1.00000000e+00
1  3
    8.70000000e-01    1.00000000e+00
1  3
    3.60000000e-01    1.00000000e+00
1  4
    1.03000000e+00    1.00000000e+00
