14
3  0
    7.64642100e+03    6.18910000e-02
    1.15686300e+03    3.70207000e-01
    2.53715200e+02    6.87756000e-01
3  0
    3.41854000e+02   -1.11900000e-01
    7.42098600e+01    8.68050000e-02
    2.35135200e+01    9.66785000e-01
3  1
    3.41854000e+02    1.48572000e-01
    7.42098600e+01    5.94307000e-01
    2.35135200e+01    4.19604000e-01
3  0
    1.88626000e+01   -1.47787300e+00
    1.64540500e+01    1.34725900e+00
    3.48450000e+00    1.00623100e+00
3  1
    1.88626000e+01   -7.04141000e-01
    1.64540500e+01    1.05786200e+00
    3.48450000e+00    7.39382000e-01
3  0
    3.22173300e+00   -3.69958000e-01
    1.05070500e+00    4.30864000e-01
    3.92592000e-01    8.02087000e-01
3  1
    3.22173300e+00    2.49400000e-03
    1.05070500e+00    4.53762000e-01
    3.92592000e-01    6.13068000e-01
2  0
    4.32764000e-01   -3.46458000e-01
    5.70120000e-02    1.13277700e+00
2  1
    4.32764000e-01   -1.33700000e-03
    5.70120000e-02    1.00044000e+00
1  0
    2.37540000e-02    1.00000000e+00
1  1
    2.37540000e-02    1.00000000e+00
3  2
    5.03537500e+01    1.36796000e-01
    1.35307800e+01    5.01906000e-01
    3.94499600e+00    5.78860000e-01
2  2
    1.53013700e+00    3.38403000e-01
    6.30067000e-01    7.29329000e-01
1  2
    2.16588000e-01    1.00000000e+00
