37
15  0
    1.40798000e+04    2.00000000e-06
    2.24738000e+03    1.20000000e-05
    5.20237000e+02    5.50000000e-05
    1.50811000e+02    1.82000000e-04
    2.45030000e+01    6.39500000e-03
    1.52418000e+01   -5.07640000e-02
    9.50084000e+00    1.58454000e-01
    3.82372000e+00   -3.02554000e-01
    2.27586000e+00   -3.33514000e-01
    1.06441000e+00    3.23000000e-01
    5.85549000e-01    6.58972000e-01
    3.05302000e-01    3.42511000e-01
    1.20972000e-01    3.13300000e-02
    6.63880000e-02   -5.62600000e-03
    3.28380000e-02    3.86400000e-03
15  0
    1.40798000e+04   -1.00000000e-06
    2.24738000e+03   -4.00000000e-06
    5.20237000e+02   -1.70000000e-05
    1.50811000e+02   -6.30000000e-05
    2.45030000e+01   -1.86700000e-03
    1.52418000e+01    1.54110000e-02
    9.50084000e+00   -5.01630000e-02
    3.82372000e+00    1.06382000e-01
    2.27586000e+00    1.06053000e-01
    1.06441000e+00   -1.26172000e-01
    5.85549000e-01   -2.89407000e-01
    3.05302000e-01   -2.98362000e-01
    1.20972000e-01    7.03960000e-02
    6.63880000e-02    5.42130000e-01
    3.28380000e-02    5.06343000e-01
15  0
    1.40798000e+04   -1.00000000e-06
    2.24738000e+03   -6.00000000e-06
    5.20237000e+02   -3.90000000e-05
    1.50811000e+02   -8.00000000e-05
    2.45030000e+01   -4.49700000e-03
    1.52418000e+01    3.16780000e-02
    9.50084000e+00   -9.59870000e-02
    3.82372000e+00    2.16861000e-01
    2.27586000e+00    1.48848000e-01
    1.06441000e+00   -1.54879000e-01
    5.85549000e-01   -9.68062000e-01
    3.05302000e-01   -1.32671000e-01
    1.20972000e-01    1.93116000e+00
    6.63880000e-02    5.84030000e-02
    3.28380000e-02   -1.04763700e+00
15  0
    1.40798000e+04   -2.00000000e-06
    2.24738000e+03   -7.00000000e-06
    5.20237000e+02   -7.50000000e-05
    1.50811000e+02   -6.00000000e-05
    2.45030000e+01   -8.86000000e-03
    1.52418000e+01    5.49640000e-02
    9.50084000e+00   -1.55579000e-01
    3.82372000e+00    3.73342000e-01
    2.27586000e+00    1.83260000e-01
    1.06441000e+00   -2.55976000e-01
    5.85549000e-01   -2.68566700e+00
    3.05302000e-01    3.11692300e+00
    1.20972000e-01    1.48911800e+00
    6.63880000e-02   -3.87104300e+00
    3.28380000e-02    1.13547900e+00
15  0
    1.40798000e+04    1.00000000e-06
    2.24738000e+03    2.00000000e-05
    5.20237000e+02   -4.00000000e-06
    1.50811000e+02    4.19000000e-04
    2.45030000e+01   -3.58400000e-03
    1.52418000e+01   -8.85900000e-03
    9.50084000e+00    9.27170000e-02
    3.82372000e+00   -2.08240000e-01
    2.27586000e+00   -7.04003000e-01
    1.06441000e+00    1.58324200e+00
    5.85549000e-01    2.24398200e+00
    3.05302000e-01   -6.52325100e+00
    1.20972000e-01    7.72855400e+00
    6.63880000e-02   -4.04306300e+00
    3.28380000e-02   -1.81826000e+00
15  0
    1.40798000e+04    1.00000000e-06
    2.24738000e+03   -7.00000000e-05
    5.20237000e+02    2.12000000e-04
    1.50811000e+02   -1.64500000e-03
    2.45030000e+01    3.74170000e-02
    1.52418000e+01   -9.82160000e-02
    9.50084000e+00   -1.47960000e-02
    3.82372000e+00    1.02451000e-01
    2.27586000e+00    2.47003400e+00
    1.06441000e+00   -1.03553030e+01
    5.85549000e-01    1.37413150e+01
    3.05302000e-01   -7.19067900e+00
    1.20972000e-01   -1.68732600e+00
    6.63880000e-02    7.11602600e+00
    3.28380000e-02   -7.00958900e+00
1  0
    1.63780000e-02    1.00000000e+00
1  0
    8.20000000e-03    1.00000000e+00
12  1
    7.79108000e+01    1.38000000e-04
    1.37037000e+01   -2.54300000e-03
    8.55600000e+00    3.99220000e-02
    5.34335000e+00   -8.36390000e-02
    3.13096000e+00   -1.09676000e-01
    1.24813000e+00    2.32936000e-01
    7.05707000e-01    4.15586000e-01
    3.92040000e-01    3.49368000e-01
    2.12865000e-01    1.42373000e-01
    1.07042000e-01    2.06040000e-02
    5.43460000e-02    1.65400000e-03
    2.77480000e-02    4.45000000e-04
12  1
    7.79108000e+01   -4.40000000e-05
    1.37037000e+01    7.80000000e-04
    8.55600000e+00   -1.25610000e-02
    5.34335000e+00    2.77150000e-02
    3.13096000e+00    3.21010000e-02
    1.24813000e+00   -8.22140000e-02
    7.05707000e-01   -1.47004000e-01
    3.92040000e-01   -1.72888000e-01
    2.12865000e-01   -1.59480000e-02
    1.07042000e-01    3.27948000e-01
    5.43460000e-02    5.08654000e-01
    2.77480000e-02    2.73124000e-01
12  1
    7.79108000e+01   -8.70000000e-05
    1.37037000e+01    1.35700000e-03
    8.55600000e+00   -2.63010000e-02
    5.34335000e+00    5.68510000e-02
    3.13096000e+00    8.32770000e-02
    1.24813000e+00   -1.78652000e-01
    7.05707000e-01   -5.46237000e-01
    3.92040000e-01   -3.61603000e-01
    2.12865000e-01    1.15408400e+00
    1.07042000e-01    6.56389000e-01
    5.43460000e-02   -8.18348000e-01
    2.77480000e-02   -3.74960000e-01
12  1
    7.79108000e+01   -1.35000000e-04
    1.37037000e+01    2.55400000e-03
    8.55600000e+00   -3.73320000e-02
    5.34335000e+00    8.49530000e-02
    3.13096000e+00    9.09480000e-02
    1.24813000e+00   -2.65430000e-01
    7.05707000e-01   -1.09811100e+00
    3.92040000e-01    8.35106000e-01
    2.12865000e-01    1.78525200e+00
    1.07042000e-01   -2.05170600e+00
    5.43460000e-02   -3.31825000e-01
    2.77480000e-02    1.08469300e+00
12  1
    7.79108000e+01   -3.27000000e-04
    1.37037000e+01    1.07320000e-02
    8.55600000e+00   -8.73380000e-02
    5.34335000e+00    1.81529000e-01
    3.13096000e+00    1.43962000e-01
    1.24813000e+00   -8.79601000e-01
    7.05707000e-01   -1.59662400e+00
    3.92040000e-01    4.86131400e+00
    2.12865000e-01   -3.44494800e+00
    1.07042000e-01   -7.35107000e-01
    5.43460000e-02    2.86788100e+00
    2.77480000e-02   -1.60564200e+00
12  1
    7.79108000e+01   -1.01000000e-04
    1.37037000e+01   -5.83500000e-03
    8.55600000e+00   -5.50890000e-02
    5.34335000e+00    1.70345000e-01
    3.13096000e+00    4.39567000e-01
    1.24813000e+00   -4.27257200e+00
    7.05707000e-01    6.23430200e+00
    3.92040000e-01   -2.07511100e+00
    2.12865000e-01   -3.46569200e+00
    1.07042000e-01    5.91218400e+00
    5.43460000e-02   -4.78650700e+00
    2.77480000e-02    1.72668300e+00
1  1
    1.42710000e-02    1.00000000e+00
1  1
    7.30000000e-03    1.00000000e+00
10  2
    4.54024000e+01    1.20000000e-04
    1.29334000e+01    1.09900000e-03
    4.80065000e+00   -6.80000000e-03
    1.85934000e+00    3.03570000e-02
    1.11697000e+00    9.92990000e-02
    6.43709000e-01    1.80256000e-01
    3.52349000e-01    2.45970000e-01
    1.85368000e-01    2.81118000e-01
    9.31220000e-02    2.66740000e-01
    4.45400000e-02    1.69266000e-01
10  2
    4.54024000e+01   -1.51000000e-04
    1.29334000e+01   -1.25800000e-03
    4.80065000e+00    7.86200000e-03
    1.85934000e+00   -4.02620000e-02
    1.11697000e+00   -1.22842000e-01
    6.43709000e-01   -2.28948000e-01
    3.52349000e-01   -2.87967000e-01
    1.85368000e-01   -1.37767000e-01
    9.31220000e-02    2.76665000e-01
    4.45400000e-02    5.14856000e-01
10  2
    4.54024000e+01    1.95000000e-04
    1.29334000e+01    1.61300000e-03
    4.80065000e+00   -1.01290000e-02
    1.85934000e+00    5.37820000e-02
    1.11697000e+00    1.80802000e-01
    6.43709000e-01    3.42223000e-01
    3.52349000e-01    2.50619000e-01
    1.85368000e-01   -5.08655000e-01
    9.31220000e-02   -6.75668000e-01
    4.45400000e-02    4.14490000e-01
10  2
    4.54024000e+01   -1.84000000e-04
    1.29334000e+01   -3.08900000e-03
    4.80065000e+00    1.94310000e-02
    1.85934000e+00   -9.54860000e-02
    1.11697000e+00   -3.00317000e-01
    6.43709000e-01   -6.93298000e-01
    3.52349000e-01    7.27955000e-01
    1.85368000e-01    1.00361200e+00
    9.31220000e-02   -1.14692900e+00
    4.45400000e-02   -2.91749000e-01
10  2
    4.54024000e+01   -3.57000000e-04
    1.29334000e+01   -3.98100000e-03
    4.80065000e+00    2.78630000e-02
    1.85934000e+00   -1.59044000e-01
    1.11697000e+00   -8.14714000e-01
    6.43709000e-01   -1.75900000e-03
    3.52349000e-01    2.18723600e+00
    1.85368000e-01   -2.03978200e+00
    9.31220000e-02   -5.56930000e-02
    4.45400000e-02    1.40999200e+00
1  2
    2.00680000e-02    1.00000000e+00
1  2
    9.00000000e-03    1.00000000e+00
1  3
    1.64580000e+00    1.00000000e+00
1  3
    5.73500000e-01    1.00000000e+00
1  3
    1.99900000e-01    1.00000000e+00
1  3
    6.97000000e-02    1.00000000e+00
1  3
    2.39000000e-02    1.00000000e+00
1  4
    9.32600000e-01    1.00000000e+00
1  4
    3.35800000e-01    1.00000000e+00
1  4
    1.20900000e-01    1.00000000e+00
1  4
    3.85000000e-02    1.00000000e+00
1  5
    6.71000000e-01    1.00000000e+00
1  5
    2.24200000e-01    1.00000000e+00
1  5
    7.19000000e-02    1.00000000e+00
1  6
    3.99300000e-01    1.00000000e+00
1  6
    1.18400000e-01    1.00000000e+00
