22
9  0
    1.21555000e+02    3.99000000e-04
    1.33508000e+01   -3.73740000e-02
    8.34304000e+00    2.10408000e-01
    5.21262000e+00   -1.74259000e-01
    2.84822000e+00   -4.49059000e-01
    7.36092000e-01    7.51546000e-01
    3.39525000e-01    5.03913000e-01
    8.50000000e-02    3.81900000e-02
    4.57190000e-02   -1.68190000e-02
9  0
    1.21555000e+02   -1.38000000e-04
    1.33508000e+01    1.26550000e-02
    8.34304000e+00   -7.25770000e-02
    5.21262000e+00    6.89460000e-02
    2.84822000e+00    1.41076000e-01
    7.36092000e-01   -3.09769000e-01
    3.39525000e-01   -3.64091000e-01
    8.50000000e-02    3.08976000e-01
    4.57190000e-02    6.18390000e-01
9  0
    1.21555000e+02   -2.50000000e-05
    1.33508000e+01    2.51200000e-03
    8.34304000e+00   -4.93070000e-02
    5.21262000e+00   -3.67100000e-03
    2.84822000e+00    3.72114000e-01
    7.36092000e-01   -1.00404700e+00
    3.39525000e-01   -4.62620000e-02
    8.50000000e-02    2.79961600e+00
    4.57190000e-02   -1.89674500e+00
9  0
    1.21555000e+02    3.36000000e-04
    1.33508000e+01   -3.02260000e-02
    8.34304000e+00    5.75900000e-02
    5.21262000e+00   -2.20205000e-01
    2.84822000e+00    8.12486000e-01
    7.36092000e-01   -2.91590100e+00
    3.39525000e-01    2.96013100e+00
    8.50000000e-02    3.09815000e-01
    4.57190000e-02   -3.01510700e+00
1  0
    2.17750000e-02    1.00000000e+00
1  0
    1.04000000e-02    1.00000000e+00
8  1
    1.57057000e+01   -1.00800000e-03
    9.81434000e+00    1.84510000e-02
    3.95152000e+00   -1.53313000e-01
    1.02873000e+00    3.88287000e-01
    5.20341000e-01    4.71549000e-01
    2.62806000e-01    2.44225000e-01
    1.19127000e-01    3.74550000e-02
    5.32630000e-02    9.17000000e-04
8  1
    1.57057000e+01   -1.46000000e-04
    9.81434000e+00   -4.53800000e-03
    3.95152000e+00    4.66130000e-02
    1.02873000e+00   -1.37668000e-01
    5.20341000e-01   -1.88827000e-01
    2.62806000e-01   -1.16128000e-01
    1.19127000e-01    3.23185000e-01
    5.32630000e-02    6.06524000e-01
8  1
    1.57057000e+01   -6.49000000e-04
    9.81434000e+00    1.26010000e-02
    3.95152000e+00   -1.09848000e-01
    1.02873000e+00    3.19201000e-01
    5.20341000e-01    8.04438000e-01
    2.62806000e-01   -8.75650000e-01
    1.19127000e-01   -1.01925000e+00
    5.32630000e-02    9.41327000e-01
8  1
    1.57057000e+01    8.09000000e-04
    9.81434000e+00   -1.50420000e-02
    3.95152000e+00    1.38809000e-01
    1.02873000e+00   -6.03419000e-01
    5.20341000e-01   -8.22889000e-01
    2.62806000e-01    2.65760200e+00
    1.19127000e-01   -1.80921900e+00
    5.32630000e-02   -4.17446000e-01
1  1
    2.33840000e-02    1.00000000e+00
1  1
    1.03000000e-02    1.00000000e+00
7  2
    1.58535000e+01    9.92000000e-04
    5.08183000e+00   -5.23400000e-03
    1.45095000e+00    8.67890000e-02
    6.89277000e-01    2.29709000e-01
    3.13342000e-01    3.25607000e-01
    1.38383000e-01    3.43286000e-01
    5.95550000e-02    2.50388000e-01
7  2
    1.58535000e+01   -1.09100000e-03
    5.08183000e+00    5.65700000e-03
    1.45095000e+00   -1.09901000e-01
    6.89277000e-01   -2.90209000e-01
    3.13342000e-01   -3.56624000e-01
    1.38383000e-01    2.29490000e-02
    5.95550000e-02    5.62306000e-01
7  2
    1.58535000e+01    1.33700000e-03
    5.08183000e+00   -6.99100000e-03
    1.45095000e+00    1.52184000e-01
    6.89277000e-01    4.61729000e-01
    3.13342000e-01    1.55567000e-01
    1.38383000e-01   -9.01673000e-01
    5.95550000e-02   -6.17510000e-02
1  2
    2.45030000e-02    1.00000000e+00
1  2
    1.01000000e-02    1.00000000e+00
1  3
    4.89300000e-01    1.00000000e+00
1  3
    1.24800000e-01    1.00000000e+00
1  3
    3.53000000e-02    1.00000000e+00
1  4
    2.76900000e-01    1.00000000e+00
1  4
    7.64000000e-02    1.00000000e+00
