23
13  0
    5.17713000e+03    6.00000000e-06
    8.03788000e+02    4.20000000e-05
    1.76855000e+02    1.85000000e-04
    2.47094000e+01    6.85600000e-03
    1.54311000e+01   -5.14100000e-02
    9.63706000e+00    1.53722000e-01
    3.65569000e+00   -3.42750000e-01
    2.18879000e+00   -2.81416000e-01
    9.66901000e-01    4.31785000e-01
    5.20335000e-01    6.44350000e-01
    2.68738000e-01    2.56041000e-01
    9.34310000e-02    1.42160000e-02
    4.42780000e-02   -8.57000000e-04
13  0
    5.17713000e+03   -2.00000000e-06
    8.03788000e+02   -1.30000000e-05
    1.76855000e+02   -6.30000000e-05
    2.47094000e+01   -2.03400000e-03
    1.54311000e+01    1.56890000e-02
    9.63706000e+00   -4.87030000e-02
    3.65569000e+00    1.20954000e-01
    2.18879000e+00    8.57950000e-02
    9.66901000e-01   -1.64741000e-01
    5.20335000e-01   -3.13373000e-01
    2.68738000e-01   -2.50513000e-01
    9.34310000e-02    3.30926000e-01
    4.42780000e-02    6.68940000e-01
13  0
    5.17713000e+03   -3.00000000e-06
    8.03788000e+02   -3.40000000e-05
    1.76855000e+02   -5.60000000e-05
    2.47094000e+01   -6.59300000e-03
    1.54311000e+01    3.89400000e-02
    9.63706000e+00   -1.02908000e-01
    3.65569000e+00    2.70354000e-01
    2.18879000e+00    6.18350000e-02
    9.66901000e-01   -1.35362000e-01
    5.20335000e-01   -1.28662700e+00
    2.68738000e-01    5.66899000e-01
    9.34310000e-02    2.07382700e+00
    4.42780000e-02   -1.19661400e+00
13  0
    5.17713000e+03   -4.00000000e-06
    8.03788000e+02   -5.20000000e-05
    1.76855000e+02   -8.30000000e-05
    2.47094000e+01   -9.87600000e-03
    1.54311000e+01    5.77990000e-02
    9.63706000e+00   -1.53897000e-01
    3.65569000e+00    4.21713000e-01
    2.18879000e+00    1.30982000e-01
    9.66901000e-01   -5.55532000e-01
    5.20335000e-01   -2.57716300e+00
    2.68738000e-01    4.17110700e+00
    9.34310000e-02   -1.43837500e+00
    4.42780000e-02   -1.60471100e+00
13  0
    5.17713000e+03   -1.20000000e-05
    8.03788000e+02    4.60000000e-05
    1.76855000e+02   -6.75000000e-04
    2.47094000e+01    2.12080000e-02
    1.54311000e+01   -5.98710000e-02
    9.63706000e+00    1.51140000e-02
    3.65569000e+00   -3.77770000e-02
    2.18879000e+00    1.16223600e+00
    9.66901000e-01   -3.27707200e+00
    5.20335000e-01    1.27011900e+00
    2.68738000e-01    3.15377700e+00
    9.34310000e-02   -6.71295100e+00
    4.42780000e-02    7.30052700e+00
1  0
    2.05860000e-02    1.00000000e+00
10  1
    1.07411000e+02    9.10000000e-05
    7.82537000e+00    4.12730000e-02
    4.88964000e+00   -1.20751000e-01
    2.63467000e+00   -9.13090000e-02
    1.29064000e+00    2.46711000e-01
    6.86563000e-01    4.54282000e-01
    3.64254000e-01    3.49689000e-01
    1.88079000e-01    1.14601000e-01
    9.06470000e-02    1.09550000e-02
    4.33930000e-02    1.61300000e-03
10  1
    1.07411000e+02   -3.00000000e-05
    7.82537000e+00   -1.28200000e-02
    4.88964000e+00    3.89180000e-02
    2.63467000e+00    2.62170000e-02
    1.29064000e+00   -8.50530000e-02
    6.86563000e-01   -1.64487000e-01
    3.64254000e-01   -1.76794000e-01
    1.88079000e-01    3.90610000e-02
    9.06470000e-02    4.37979000e-01
    4.33930000e-02    5.15777000e-01
10  1
    1.07411000e+02   -6.50000000e-05
    7.82537000e+00   -2.84960000e-02
    4.88964000e+00    8.52470000e-02
    2.63467000e+00    6.87010000e-02
    1.29064000e+00   -1.84578000e-01
    6.86563000e-01   -6.13137000e-01
    3.64254000e-01   -2.27987000e-01
    1.88079000e-01    1.38455700e+00
    9.06470000e-02    1.84128000e-01
    4.33930000e-02   -8.90479000e-01
10  1
    1.07411000e+02   -7.90000000e-05
    7.82537000e+00   -3.78270000e-02
    4.88964000e+00    1.19215000e-01
    2.63467000e+00    6.74820000e-02
    1.29064000e+00   -2.64870000e-01
    6.86563000e-01   -1.18877600e+00
    3.64254000e-01    1.34023000e+00
    1.88079000e-01    1.19739900e+00
    9.06470000e-02   -2.39678000e+00
    4.33930000e-02    7.03956000e-01
10  1
    1.07411000e+02   -1.66000000e-04
    7.82537000e+00   -5.12630000e-02
    4.88964000e+00    1.53141000e-01
    2.63467000e+00    2.65677000e-01
    1.29064000e+00   -1.15258100e+00
    6.86563000e-01   -1.17295200e+00
    3.64254000e-01    4.91167300e+00
    1.88079000e-01   -5.00698000e+00
    9.06470000e-02    1.96258100e+00
    4.33930000e-02    7.23100000e-01
1  1
    2.03400000e-02    1.00000000e+00
9  2
    4.44707000e+01    1.30000000e-04
    1.22260000e+01    1.24500000e-03
    5.01459000e+00   -6.41800000e-03
    1.66576000e+00    5.15240000e-02
    8.89400000e-01    1.60810000e-01
    4.49232000e-01    2.59256000e-01
    2.17854000e-01    3.13119000e-01
    1.02324000e-01    2.97051000e-01
    4.68400000e-02    1.86563000e-01
9  2
    4.44707000e+01   -1.64000000e-04
    1.22260000e+01   -1.40800000e-03
    5.01459000e+00    7.32800000e-03
    1.66576000e+00   -6.72140000e-02
    8.89400000e-01   -1.98969000e-01
    4.49232000e-01   -3.26861000e-01
    2.17854000e-01   -2.27479000e-01
    1.02324000e-01    2.34481000e-01
    4.68400000e-02    5.41492000e-01
9  2
    4.44707000e+01    1.98000000e-04
    1.22260000e+01    1.93900000e-03
    5.01459000e+00   -1.00050000e-02
    1.66576000e+00    9.55710000e-02
    8.89400000e-01    2.91565000e-01
    4.49232000e-01    4.28181000e-01
    2.17854000e-01   -3.42895000e-01
    1.02324000e-01   -8.12961000e-01
    4.68400000e-02    3.61482000e-01
9  2
    4.44707000e+01   -3.66000000e-04
    1.22260000e+01   -2.15700000e-03
    5.01459000e+00    1.29660000e-02
    1.66576000e+00   -1.21412000e-01
    8.89400000e-01   -6.79510000e-01
    4.49232000e-01    9.32000000e-03
    2.17854000e-01    1.41183000e+00
    1.02324000e-01   -9.49273000e-01
    4.68400000e-02   -5.27730000e-01
1  2
    2.05940000e-02    1.00000000e+00
1  3
    9.13500000e-01    1.00000000e+00
1  3
    2.83600000e-01    1.00000000e+00
1  3
    8.80000000e-02    1.00000000e+00
1  4
    5.81900000e-01    1.00000000e+00
1  4
    1.73500000e-01    1.00000000e+00
1  5
    3.39500000e-01    1.00000000e+00
