21
2  0
    1.20000000e+01   -2.74458700e-01
    1.08000000e+01    3.79954687e-01
1  0
    3.10073722e+00    1.00000000e+00
1  0
    7.41554276e-01    1.00000000e+00
1  0
    3.41767758e-01    1.00000000e+00
1  0
    7.94287970e-02    1.00000000e+00
1  0
    4.33083365e-02    1.00000000e+00
1  0
    2.15932249e-02    1.00000000e+00
4  1
    8.03361351e+00    7.30417002e-02
    4.01817235e+00   -4.16104362e-01
    1.10521059e+00    5.54518973e-01
    8.32193167e-01    6.23071961e-01
1  1
    4.47626767e-01    1.00000000e+00
1  1
    2.05233471e-01    1.00000000e+00
1  1
    5.50455618e-02    1.00000000e+00
1  1
    2.26030275e-02    1.00000000e+00
4  2
    1.37551053e+01    2.38305839e-03
    3.96299086e+00   -2.50680210e-02
    1.34274498e+00    2.23489919e-01
    6.25792481e-01    5.52379298e-01
1  2
    2.76323640e-01    1.00000000e+00
1  2
    1.17069878e-01    1.00000000e+00
1  2
    4.66015010e-02    1.00000000e+00
1  3
    7.62910000e-01    1.00000000e+00
1  3
    2.65150000e-01    1.00000000e+00
1  3
    9.21500000e-02    1.00000000e+00
1  4
    3.02500000e-01    1.00000000e+00
1  4
    1.14740000e-01    1.00000000e+00
