14
2  0
    1.00000000e+01   -1.74876868e-01
    8.50000000e+00    3.41523451e-01
1  0
    3.36539055e+00    1.00000000e+00
1  0
    6.88606794e-01    1.00000000e+00
1  0
    3.11915029e-01    1.00000000e+00
1  0
    7.03260426e-02    1.00000000e+00
1  0
    2.77338593e-02    1.00000000e+00
4  1
    8.05540936e+00    3.64109789e-02
    4.01634588e+00   -2.08725725e-01
    1.02329154e+00    4.89569293e-01
    4.98435616e-01    6.06119438e-01
1  1
    2.33076618e-01    1.00000000e+00
1  1
    8.00000000e-02    1.00000000e+00
1  1
    2.70000000e-02    1.00000000e+00
3  2
    3.90308331e+00   -9.82097926e-03
    1.13632343e+00    1.91836297e-01
    4.56170439e-01    4.05977885e-01
1  2
    1.74709507e-01    1.00000000e+00
1  2
    6.19787966e-02    1.00000000e+00
1  3
    2.65150000e-01    1.00000000e+00
