20
1  0
    1.21875000e+05    1.00000000e+00
1  0
    2.03120000e+04    1.00000000e+00
1  0
    4.06200000e+03    1.00000000e+00
1  0
    8.12000000e+02    1.00000000e+00
1  0
    1.62000000e+02    1.00000000e+00
1  0
    3.90000000e+01    1.00000000e+00
1  1
    3.90000000e+01    1.00000000e+00
1  0
    6.50000000e+00    1.00000000e+00
1  1
    6.50000000e+00    1.00000000e+00
1  0
    1.30000000e+00    1.00000000e+00
1  1
    1.30000000e+00    1.00000000e+00
1  0
    2.60000000e-01    1.00000000e+00
1  1
    2.60000000e-01    1.00000000e+00
1  0
    5.20000000e-02    1.00000000e+00
1  1
    5.20000000e-02    1.00000000e+00
1  2
    3.90000000e+01    1.00000000e+00
1  2
    6.50000000e+00    1.00000000e+00
1  2
    1.30000000e+00    1.00000000e+00
1  2
    2.60000000e-01    1.00000000e+00
1  2
    5.20000000e-02    1.00000000e+00
