Y nelec 28
Y ul
2      1.0000000              0.0000000        
Y S
2      7.85827500           135.13497400       
2      3.38212800            15.41163200       
Y P
2      6.84979100            29.25143700       
2      6.71009200            58.50836300       
2      3.04215900             3.78024300       
2      2.93733000             7.67654700       
Y D
2      5.41631500            11.84991100       
2      5.33341600            17.77810300       
2      1.97621200             2.06238300       
2      1.96111100             3.07565000       
Y F
2      5.02859000            -6.92807800       
2      5.00558200            -9.15509900       
