28
5  0
    9.19729030e+04    5.10000000e-05
    1.37873710e+04    3.86000000e-04
    3.12361350e+03    1.84400000e-03
    8.71475400e+02    5.35600000e-03
    2.50463000e+02    8.85900000e-03
1  0
    5.82827000e+01    1.00000000e+00
1  0
    4.16305000e+01    1.00000000e+00
1  0
    2.02164000e+01    1.00000000e+00
1  0
    4.99720000e+00    1.00000000e+00
1  0
    2.48220000e+00    1.00000000e+00
1  0
    9.17900000e-01    1.00000000e+00
1  0
    3.85300000e-01    1.00000000e+00
1  0
    6.14000000e-02    1.00000000e+00
1  0
    2.50000000e-02    1.00000000e+00
6  1
    1.49755670e+03   -1.01829340e-03
    3.75041010e+02   -6.09194010e-03
    1.28697270e+02   -1.70776930e-02
    4.52707590e+01   -3.56555080e-02
    1.49069710e+01    2.37322260e-01
    5.64508580e+00   -3.05596890e-01
3  1
    1.22741080e+01   -1.52521410e-01
    1.06956310e+01   -2.02434920e-01
    2.03597820e+00   -1.96210460e-01
1  1
    3.67521060e+00    1.00000000e+00
1  1
    1.32969610e+00    1.00000000e+00
1  1
    5.53389660e-01    1.00000000e+00
1  1
    2.23823500e-01    1.00000000e+00
1  1
    6.83504676e-02    1.00000000e+00
1  1
    2.53556708e-02    1.00000000e+00
6  2
    4.69760600e+02    1.98400000e-03
    1.42612800e+02    1.60130000e-02
    5.51267000e+01    6.31530000e-02
    2.34415000e+01    1.37800000e-01
    9.49510000e+00    2.85498000e-01
    4.57920000e+00    4.38309000e-01
1  2
    2.16460000e+00    1.00000000e+00
1  2
    9.23800000e-01    1.00000000e+00
1  2
    3.10700000e-01    1.00000000e+00
1  2
    9.14000000e-02    1.00000000e+00
5  3
    1.42029300e+02    5.95700000e-03
    5.10862000e+01    5.31800000e-02
    2.28741000e+01    1.78076000e-01
    1.05025000e+01    3.00600000e-01
    4.78720000e+00    3.50342000e-01
1  3
    2.10880000e+00    1.00000000e+00
1  3
    8.60900000e-01    1.00000000e+00
1  3
    3.06000000e-01    1.00000000e+00
1  4
    5.13300000e-01    1.00000000e+00
