35
6  0
    1.72414352e+05    2.25883197e-05
    3.42105260e+04    1.15642321e-04
    9.11078269e+03    5.46489646e-04
    2.45582887e+03    2.47274650e-03
    6.74351413e+02    7.15121396e-03
    1.51330471e+02    1.71355937e-02
1  0
    6.35546463e+01    1.00000000e+00
1  0
    4.51991354e+01    1.00000000e+00
1  0
    1.95468626e+01    1.00000000e+00
1  0
    5.12581821e+00    1.00000000e+00
1  0
    2.59930293e+00    1.00000000e+00
1  0
    9.66196958e-01    1.00000000e+00
1  0
    4.22156094e-01    1.00000000e+00
1  0
    8.90009959e-02    1.00000000e+00
1  0
    4.85573126e-02    1.00000000e+00
1  0
    2.24433839e-02    1.00000000e+00
1  1
    2.99656076e+01    1.00000000e+00
2  1
    1.35888624e+01   -3.76799140e-01
    5.68141662e+00    1.26691283e-01
9  1
    4.71318342e+03    2.27731430e-04
    1.09208680e+03    1.91592189e-03
    3.49766209e+02    8.94300751e-03
    1.29026755e+02    2.48380835e-02
    4.32209869e+01    6.72900968e-02
    2.78367187e+01   -2.25225620e-02
    1.51886848e+01   -2.16052237e-01
    8.55476644e+00    3.92372715e-01
    4.29779210e+00    5.93020322e-01
1  1
    2.12290668e+00    1.00000000e+00
1  1
    1.04290777e+00    1.00000000e+00
1  1
    5.03628461e-01    1.00000000e+00
1  1
    2.33642260e-01    1.00000000e+00
1  1
    6.70000000e-02    1.00000000e+00
1  1
    3.00000000e-02    1.00000000e+00
6  2
    6.83452692e+02    8.84217794e-04
    2.10066184e+02    7.53329161e-03
    8.26701791e+01    3.42877132e-02
    3.60890098e+01    9.35114948e-02
    1.61765466e+01    1.59836871e-01
    7.16710119e+00    3.74513705e-01
1  2
    3.49167646e+00    1.00000000e+00
1  2
    1.61842281e+00    1.00000000e+00
1  2
    6.25075343e-01    1.00000000e+00
1  2
    2.20085982e-01    1.00000000e+00
1  2
    7.12861776e-02    1.00000000e+00
6  3
    2.53765677e+02    2.52358045e-03
    8.84317567e+01    2.84388558e-02
    3.88658085e+01    1.52293919e-01
    1.89517891e+01    3.70235489e-01
    9.17599193e+00    5.67130247e-01
    4.38056241e+00    6.24993127e-01
1  3
    2.05640667e+00    1.00000000e+00
1  3
    9.40572797e-01    1.00000000e+00
1  3
    4.30561159e-01    1.00000000e+00
1  3
    1.98012246e-01    1.00000000e+00
4  4
    2.28741000e+01    6.42830000e-02
    1.05025000e+01    1.74006000e-01
    4.78720000e+00    3.43478000e-01
    2.10880000e+00    4.30801000e-01
1  4
    8.60900000e-01    1.00000000e+00
1  4
    3.06000000e-01    1.00000000e+00
1  5
    3.60000000e+00    1.00000000e+00
