67
1  0
    1.17766947e+07    1.00000000e+00
1  0
    4.61507793e+06    1.00000000e+00
1  0
    1.85977646e+06    1.00000000e+00
1  0
    7.70575684e+05    1.00000000e+00
1  0
    3.28227600e+05    1.00000000e+00
1  0
    1.43700120e+05    1.00000000e+00
1  0
    6.46490144e+04    1.00000000e+00
1  0
    2.98794327e+04    1.00000000e+00
1  0
    1.41824954e+04    1.00000000e+00
1  0
    6.91110014e+03    1.00000000e+00
1  0
    3.45604469e+03    1.00000000e+00
1  0
    1.77276215e+03    1.00000000e+00
1  0
    9.32263615e+02    1.00000000e+00
1  0
    5.02340458e+02    1.00000000e+00
1  0
    2.77177283e+02    1.00000000e+00
1  0
    1.56502065e+02    1.00000000e+00
1  0
    9.03569682e+01    1.00000000e+00
1  0
    5.33004886e+01    1.00000000e+00
1  0
    3.20959114e+01    1.00000000e+00
1  0
    1.97110684e+01    1.00000000e+00
1  0
    1.23332454e+01    1.00000000e+00
1  0
    7.85395117e+00    1.00000000e+00
1  0
    5.08454368e+00    1.00000000e+00
1  0
    3.34234477e+00    1.00000000e+00
1  0
    2.22814098e+00    1.00000000e+00
1  0
    1.50438280e+00    1.00000000e+00
1  0
    1.02732406e+00    1.00000000e+00
1  0
    7.08562210e-01    1.00000000e+00
1  0
    4.92877490e-01    1.00000000e+00
1  0
    3.45257380e-01    1.00000000e+00
1  0
    2.43180390e-01    1.00000000e+00
1  0
    1.71958370e-01    1.00000000e+00
1  0
    1.21884030e-01    1.00000000e+00
1  0
    8.64597100e-02    1.00000000e+00
1  1
    7.87882440e+00    1.00000000e+00
1  1
    3.59219630e+00    1.00000000e+00
1  1
    1.64424920e+00    1.00000000e+00
1  1
    7.54934100e-01    1.00000000e+00
1  1
    3.47380700e-01    1.00000000e+00
1  1
    1.60057700e-01    1.00000000e+00
1  1
    7.37800000e-02    1.00000000e+00
1  2
    1.54069685e+01    1.00000000e+00
1  2
    5.93431970e+00    1.00000000e+00
1  2
    2.29106370e+00    1.00000000e+00
1  2
    8.86119900e-01    1.00000000e+00
1  2
    3.43172400e-01    1.00000000e+00
1  2
    1.33006000e-01    1.00000000e+00
1  3
    2.18856413e+01    1.00000000e+00
1  3
    8.37199280e+00    1.00000000e+00
1  3
    3.21017030e+00    1.00000000e+00
1  3
    1.23300340e+00    1.00000000e+00
1  3
    4.74070800e-01    1.00000000e+00
1  3
    1.82334900e-01    1.00000000e+00
1  4
    6.42014601e+01    1.00000000e+00
1  4
    1.84254141e+01    1.00000000e+00
1  4
    5.37023510e+00    1.00000000e+00
1  4
    1.58278470e+00    1.00000000e+00
1  4
    4.69664900e-01    1.00000000e+00
1  4
    1.39681200e-01    1.00000000e+00
1  5
    9.86482600e+00    1.00000000e+00
1  5
    2.56107690e+00    1.00000000e+00
1  5
    6.67094100e-01    1.00000000e+00
1  6
    3.24590705e+01    1.00000000e+00
1  6
    8.45907050e+00    1.00000000e+00
1  6
    2.65036230e+00    1.00000000e+00
1  6
    8.35008000e-01    1.00000000e+00
1  6
    2.63951500e-01    1.00000000e+00
