12
6  0
    8.24009400e+04    1.74332900e-03
    1.23725500e+04    1.33596600e-02
    2.81835100e+03    6.59436500e-02
    7.94571700e+02    2.29415100e-01
    2.54723200e+02    4.78545300e-01
    8.71388000e+01    3.53775300e-01
6  0
    1.73256900e+03    2.36145900e-03
    4.12714900e+02    3.15017700e-02
    1.33678000e+02    1.27277400e-01
    5.03858500e+01   -2.14592800e-02
    2.05835800e+01   -6.19765200e-01
    8.50594000e+00   -4.59018000e-01
6  1
    1.73256900e+03    3.96312500e-03
    4.12714900e+02    3.11341100e-02
    1.33678000e+02    1.36393100e-01
    5.03858500e+01    3.50126600e-01
    2.05835800e+01    4.62317900e-01
    8.50594000e+00    2.00499500e-01
6  0
    6.93649200e+01   -4.44009800e-03
    2.36208200e+01    7.50525300e-02
    1.01847100e+01    2.53311100e-01
    4.33408200e+00   -2.88189700e-01
    1.81091800e+00   -7.26705200e-01
    7.14841000e-01   -2.13343900e-01
6  1
    6.93649200e+01   -7.68926200e-03
    2.36208200e+01   -2.99798200e-02
    1.01847100e+01    7.08241100e-02
    4.33408200e+00    4.04614100e-01
    1.81091800e+00    4.88232500e-01
    7.14841000e-01    1.75197000e-01
3  0
    2.82384200e+00    4.89854300e-02
    1.03954300e+00    2.59279300e-01
    1.43264000e-01   -1.11571100e+00
3  1
    2.82384200e+00   -1.58676300e-01
    1.03954300e+00    8.37932700e-02
    1.43264000e-01    9.84054700e-01
1  0
    4.92960000e-02    1.00000000e+00
1  1
    4.92960000e-02    1.00000000e+00
3  2
    3.37076400e+01    9.26264800e-02
    9.06110600e+00    4.00298000e-01
    2.73838300e+00    6.89660800e-01
1  2
    7.30294000e-01    1.00000000e+00
1  3
    8.00000000e-01    1.00000000e+00
