70
1  0
    4.13677000e+01    1.00000000e+00
1  0
    2.33032000e+01    1.00000000e+00
1  0
    1.40574000e+01    1.00000000e+00
1  0
    8.13489000e+00    1.00000000e+00
1  0
    4.61265000e+00    1.00000000e+00
1  0
    2.56594000e+00    1.00000000e+00
1  0
    1.39081000e+00    1.00000000e+00
1  0
    7.67349000e-01    1.00000000e+00
1  0
    4.13017000e-01    1.00000000e+00
1  0
    2.13345000e-01    1.00000000e+00
1  0
    1.18014000e-01    1.00000000e+00
1  0
    6.16627000e-02    1.00000000e+00
1  1
    3.76479000e+01    1.00000000e+00
1  1
    2.02827000e+01    1.00000000e+00
1  1
    1.26722000e+01    1.00000000e+00
1  1
    7.89225000e+00    1.00000000e+00
1  1
    4.34446000e+00    1.00000000e+00
1  1
    2.79209000e+00    1.00000000e+00
1  1
    1.52441000e+00    1.00000000e+00
1  1
    8.41093000e-01    1.00000000e+00
1  1
    4.53959000e-01    1.00000000e+00
1  1
    2.58025000e-01    1.00000000e+00
1  1
    1.34317000e-01    1.00000000e+00
1  1
    6.93707000e-02    1.00000000e+00
1  2
    3.50535000e+01    1.00000000e+00
1  2
    2.14637000e+01    1.00000000e+00
1  2
    1.24193000e+01    1.00000000e+00
1  2
    6.71721000e+00    1.00000000e+00
1  2
    4.02219000e+00    1.00000000e+00
1  2
    2.49656000e+00    1.00000000e+00
1  2
    1.31414000e+00    1.00000000e+00
1  2
    7.14682000e-01    1.00000000e+00
1  2
    4.07607000e-01    1.00000000e+00
1  2
    2.29292000e-01    1.00000000e+00
1  2
    1.30745000e-01    1.00000000e+00
1  3
    3.55305000e+01    1.00000000e+00
1  3
    2.20464000e+01    1.00000000e+00
1  3
    1.32603000e+01    1.00000000e+00
1  3
    8.24429000e+00    1.00000000e+00
1  3
    4.76348000e+00    1.00000000e+00
1  3
    2.65838000e+00    1.00000000e+00
1  3
    1.55339000e+00    1.00000000e+00
1  3
    7.78021000e-01    1.00000000e+00
1  3
    4.27233000e-01    1.00000000e+00
1  3
    2.23499000e-01    1.00000000e+00
1  4
    4.79987000e+01    1.00000000e+00
1  4
    2.09234000e+01    1.00000000e+00
1  4
    1.38514000e+01    1.00000000e+00
1  4
    7.79586000e+00    1.00000000e+00
1  4
    5.02088000e+00    1.00000000e+00
1  4
    2.64599000e+00    1.00000000e+00
1  4
    1.49156000e+00    1.00000000e+00
1  4
    6.99086000e-01    1.00000000e+00
1  4
    3.31335000e-01    1.00000000e+00
1  5
    2.44064000e+01    1.00000000e+00
1  5
    1.32017000e+01    1.00000000e+00
1  5
    7.81522000e+00    1.00000000e+00
1  5
    4.92229000e+00    1.00000000e+00
1  5
    2.65904000e+00    1.00000000e+00
1  5
    1.13473000e+00    1.00000000e+00
1  6
    1.94666000e+01    1.00000000e+00
1  6
    1.05476000e+01    1.00000000e+00
1  6
    6.57437000e+00    1.00000000e+00
1  6
    3.91815000e+00    1.00000000e+00
1  6
    2.07184000e+00    1.00000000e+00
1  7
    1.39843000e+01    1.00000000e+00
1  7
    8.10812000e+00    1.00000000e+00
1  7
    3.73309000e+00    1.00000000e+00
1  8
    1.04029000e+01    1.00000000e+00
1  8
    7.18433000e+00    1.00000000e+00
