32 
22    0 
17852930.0000000     2.1066030E-06    
2673038.0000000     1.6380510E-05    
608324.4000000     8.6171780E-05    
172317.6000000     3.6400280E-04    
 56222.6900000     1.3257780E-03    
 20299.8500000     4.3153940E-03    
  7918.8710000     1.2789170E-02    
  3285.3400000     3.4595410E-02    
  1433.5240000     8.4234680E-02    
   652.2889000     1.7694970E-01    
   307.4360000     2.9477180E-01    
   149.1466000     3.2860540E-01    
    73.4510800     1.8373260E-01    
    33.9256200     2.8456400E-02    
    17.1894700    -1.5624710E-03    
     8.6665950     1.0576940E-03    
     3.9725050    -4.8321470E-04    
     1.8946650     1.7959430E-04    
     0.8593850    -7.1983660E-05    
     0.1952560     2.2001050E-05    
     0.0858540    -1.5655100E-05    
     0.0367810     4.9807170E-06    
22    0 
17852930.0000000    -6.5038710E-07    
2673038.0000000    -5.0596060E-06    
608324.4000000    -2.6603620E-05    
172317.6000000    -1.1251680E-04    
 56222.6900000    -4.0988440E-04    
 20299.8500000    -1.3400850E-03    
  7918.8710000    -3.9962710E-03    
  3285.3400000    -1.1023970E-02    
  1433.5240000    -2.7836580E-02    
   652.2889000    -6.3522000E-02    
   307.4360000    -1.2356470E-01    
   149.1466000    -1.8603300E-01    
    73.4510800    -1.3454120E-01    
    33.9256200     2.0263700E-01    
    17.1894700     5.6279480E-01    
     8.6665950     3.6873150E-01    
     3.9725050     5.0558650E-02    
     1.8946650    -2.8561000E-04    
     0.8593850     1.2139650E-03    
     0.1952560    -1.7068950E-04    
     0.0858540     1.2662290E-04    
     0.0367810    -4.0368330E-05    
22    0 
17852930.0000000     2.4554240E-07    
2673038.0000000     1.9112630E-06    
608324.4000000     1.0041370E-05    
172317.6000000     4.2517100E-05    
 56222.6900000     1.5469570E-04    
 20299.8500000     5.0680540E-04    
  7918.8710000     1.5097420E-03    
  3285.3400000     4.1837440E-03    
  1433.5240000     1.0584250E-02    
   652.2889000     2.4479350E-02    
   307.4360000     4.8379450E-02    
   149.1466000     7.6309850E-02    
    73.4510800     5.7980210E-02    
    33.9256200    -1.0105170E-01    
    17.1894700    -3.9507020E-01    
     8.6665950    -3.5342860E-01    
     3.9725050     3.0701090E-01    
     1.8946650     6.9351440E-01    
     0.8593850     3.0405830E-01    
     0.1952560     1.0033180E-02    
     0.0858540    -4.0076220E-03    
     0.0367810     1.0597990E-03    
22    0 
17852930.0000000     4.9169480E-08    
2673038.0000000     3.8293480E-07    
608324.4000000     2.0102870E-06    
172317.6000000     8.5207840E-06    
 56222.6900000     3.0962680E-05    
 20299.8500000     1.0160400E-04    
  7918.8710000     3.0213220E-04    
  3285.3400000     8.3938510E-04    
  1433.5240000     2.1190400E-03    
   652.2889000     4.9232910E-03    
   307.4360000     9.7136650E-03    
   149.1466000     1.5494130E-02    
    73.4510800     1.1705700E-02    
    33.9256200    -2.0685580E-02    
    17.1894700    -8.6524770E-02    
     8.6665950    -7.8408240E-02    
     3.9725050     7.9505910E-02    
     1.8946650     2.1825600E-01    
     0.8593850     1.9573660E-01    
     0.1952560    -3.1953370E-01    
     0.0858540    -5.8336950E-01    
     0.0367810    -2.5112240E-01    
22    0 
17852930.0000000    -1.3792820E-07    
2673038.0000000    -1.0986880E-06    
608324.4000000    -5.5816270E-06    
172317.6000000    -2.4697570E-05    
 56222.6900000    -8.4997000E-05    
 20299.8500000    -2.9795500E-04    
  7918.8710000    -8.1809990E-04    
  3285.3400000    -2.4980430E-03    
  1433.5240000    -5.6308660E-03    
   652.2889000    -1.5016070E-02    
   307.4360000    -2.4799350E-02    
   149.1466000    -5.0924720E-02    
    73.4510800    -1.9237970E-02    
    33.9256200     2.4808400E-02    
    17.1894700     3.4025820E-01    
     8.6665950     1.3175010E-01    
     3.9725050    -2.0927340E-01    
     1.8946650    -1.2899700E+00    
     0.8593850     9.8986850E-01    
     0.1952560     1.4779600E+00    
     0.0858540    -1.2347640E+00    
     0.0367810    -2.3089750E-01    
22    0 
17852930.0000000    -1.9512220E-07    
2673038.0000000    -1.5134880E-06    
608324.4000000    -7.9919910E-06    
172317.6000000    -3.3614930E-05    
 56222.6900000    -1.2334160E-04    
 20299.8500000    -4.0002920E-04    
  7918.8710000    -1.2067050E-03    
  3285.3400000    -3.2981440E-03    
  1433.5240000    -8.5035310E-03    
   652.2889000    -1.9320750E-02    
   307.4360000    -3.9511800E-02    
   149.1466000    -6.0741930E-02    
    73.4510800    -5.1546980E-02    
    33.9256200     9.0635200E-02    
    17.1894700     3.9302530E-01    
     8.6665950     5.2835480E-01    
     3.9725050    -1.4626110E+00    
     1.8946650    -8.3667690E-01    
     0.8593850     2.6151680E+00    
     0.1952560    -2.2413220E+00    
     0.0858540     7.5973940E-01    
     0.0367810     5.1939610E-01    
22    0 
17852930.0000000    -2.6312750E-07    
2673038.0000000    -1.9545140E-06    
608324.4000000    -1.0980590E-05    
172317.6000000    -4.2525290E-05    
 56222.6900000    -1.7289050E-04    
 20299.8500000    -4.9406050E-04    
  7918.8710000    -1.7312810E-03    
  3285.3400000    -3.9527780E-03    
  1433.5240000    -1.2601940E-02    
   652.2889000    -2.2053620E-02    
   307.4360000    -6.2687010E-02    
   149.1466000    -5.8782250E-02    
    73.4510800    -1.2003700E-01    
    33.9256200     2.2361280E-01    
    17.1894700     4.9807420E-01    
     8.6665950     1.1915800E+00    
     3.9725050    -5.6490630E+00    
     1.8946650     6.8434890E+00    
     0.8593850    -3.3201000E+00    
     0.1952560    -2.2496010E-01    
     0.0858540     1.9021540E+00    
     0.0367810    -1.4247580E+00    
 1    0 
     0.0367810     1.0000000E+00    
 1    0 
     0.0157600     1.0000000E+00    
18    1 
 52867.9300000     1.1000000E-05    
 12511.7900000     9.4000000E-05    
  4065.2860000     5.5100000E-04    
  1557.5950000     2.5110000E-03    
   663.2892000     9.4700000E-03    
   304.1561000     3.0169000E-02    
   147.3680000     8.0855000E-02    
    74.4546900     1.7513900E-01    
    38.7149300     2.8971600E-01    
    20.5702200     3.2984900E-01    
    11.0542500     2.0929400E-01    
     5.8746610     5.6259000E-02    
     3.0529360     5.0520000E-03    
     1.5472250     9.9700000E-04    
     0.7541510     1.8700000E-04    
     0.2653490     5.1000000E-05    
     0.1020670    -1.3000000E-05    
     0.0387550     4.0000000E-06    
18    1 
 52867.9300000    -4.0000000E-06    
 12511.7900000    -3.5000000E-05    
  4065.2860000    -2.0600000E-04    
  1557.5950000    -9.4200000E-04    
   663.2892000    -3.5700000E-03    
   304.1561000    -1.1540000E-02    
   147.3680000    -3.1652000E-02    
    74.4546900    -7.1285000E-02    
    38.7149300    -1.2328400E-01    
    20.5702200    -1.4763800E-01    
    11.0542500    -4.4477000E-02    
     5.8746610     2.0536500E-01    
     3.0529360     4.1008600E-01    
     1.5472250     3.7214500E-01    
     0.7541510     1.5811800E-01    
     0.2653490     1.4540000E-02    
     0.1020670    -1.6080000E-03    
     0.0387550     6.0100000E-04    
18    1 
 52867.9300000     1.0000000E-06    
 12511.7900000     6.0000000E-06    
  4065.2860000     3.8000000E-05    
  1557.5950000     1.7300000E-04    
   663.2892000     6.6400000E-04    
   304.1561000     2.1200000E-03    
   147.3680000     5.9160000E-03    
    74.4546900     1.3153000E-02    
    38.7149300     2.3372000E-02    
    20.5702200     2.7221000E-02    
    11.0542500     8.3340000E-03    
     5.8746610    -4.8860000E-02    
     3.0529360    -8.8894000E-02    
     1.5472250    -1.0361800E-01    
     0.7541510     1.0510000E-03    
     0.2653490     3.0306400E-01    
     0.1020670     5.4272400E-01    
     0.0387550     2.9212300E-01    
18    1 
 52867.9300000     1.0000000E-06    
 12511.7900000     1.1000000E-05    
  4065.2860000     6.7000000E-05    
  1557.5950000     2.9600000E-04    
   663.2892000     1.1570000E-03    
   304.1561000     3.6340000E-03    
   147.3680000     1.0307000E-02    
    74.4546900     2.2482000E-02    
    38.7149300     4.1033000E-02    
    20.5702200     4.6460000E-02    
    11.0542500     1.8146000E-02    
     5.8746610    -9.4364000E-02    
     3.0529360    -1.6017700E-01    
     1.5472250    -1.8089500E-01    
     0.7541510     9.4826000E-02    
     0.2653490     6.2915300E-01    
     0.1020670     4.0831800E-01    
     0.0387550     1.1977000E-02    
18    1 
 52867.9300000     3.0000000E-06    
 12511.7900000     2.4000000E-05    
  4065.2860000     1.5900000E-04    
  1557.5950000     6.4600000E-04    
   663.2892000     2.7470000E-03    
   304.1561000     7.9380000E-03    
   147.3680000     2.4601000E-02    
    74.4546900     4.8576000E-02    
    38.7149300     1.0068200E-01    
    20.5702200     9.8468000E-02    
    11.0542500     8.6235000E-02    
     5.8746610    -3.7938000E-01    
     3.0529360    -4.2039300E-01    
     1.5472250    -1.8256200E-01    
     0.7541510     1.1778870E+00    
     0.2653490     5.1974000E-02    
     0.1020670    -7.4447700E-01    
     0.0387550     4.4190000E-03    
18    1 
 52867.9300000    -3.0000000E-06    
 12511.7900000    -3.6000000E-05    
  4065.2860000    -1.7400000E-04    
  1557.5950000    -9.5300000E-04    
   663.2892000    -3.0470000E-03    
   304.1561000    -1.1736000E-02    
   147.3680000    -2.7016000E-02    
    74.4546900    -7.4798000E-02    
    38.7149300    -9.8237000E-02    
    20.5702200    -2.1508400E-01    
    11.0542500    -3.2214000E-02    
     5.8746610     7.5630800E-01    
     3.0529360     7.0193200E-01    
     1.5472250    -1.8141870E+00    
     0.7541510     2.9145400E-01    
     0.2653490     1.2956230E+00    
     0.1020670    -1.0670890E+00    
     0.0387550    -1.1935000E-02    
 1    1 
     0.0387550     1.0000000E+00    
 1    1 
     0.0147200     1.0000000E+00    
11    2 
   639.7806000     2.0800000E-04    
   192.6742000     1.9540000E-03    
    74.8436800     1.0711000E-02    
    32.8604800     3.9057000E-02    
    15.3935300     1.0484800E-01    
     7.5255120     2.0456900E-01    
     3.7154290     2.8520800E-01    
     1.8064590     3.0144600E-01    
     0.8529730     2.4622800E-01    
     0.3847800     1.3901600E-01    
     0.1593370     3.6269000E-02    
11    2 
   639.7806000    -2.9000000E-04    
   192.6742000    -2.7380000E-03    
    74.8436800    -1.5111000E-02    
    32.8604800    -5.5643000E-02    
    15.3935300    -1.5586400E-01    
     7.5255120    -3.0348900E-01    
     3.7154290    -3.0627600E-01    
     1.8064590     3.3395000E-02    
     0.8529730     4.0007500E-01    
     0.3847800     3.8997200E-01    
     0.1593370     1.3643200E-01    
11    2 
   639.7806000    -3.1700000E-04    
   192.6742000    -3.0560000E-03    
    74.8436800    -1.6753000E-02    
    32.8604800    -6.2712000E-02    
    15.3935300    -1.8798000E-01    
     7.5255120    -3.7208400E-01    
     3.7154290    -2.3439000E-02    
     1.8064590     6.0547000E-01    
     0.8529730     3.2306300E-01    
     0.3847800    -4.7137200E-01    
     0.1593370    -4.8388600E-01    
11    2 
   639.7806000     4.5200000E-04    
   192.6742000     3.8790000E-03    
    74.8436800     2.3570000E-02    
    32.8604800     8.2526000E-02    
    15.3935300     2.9728000E-01    
     7.5255120     4.3683200E-01    
     3.7154290    -6.0429000E-01    
     1.8064590    -6.7460500E-01    
     0.8529730     9.3870200E-01    
     0.3847800     2.7796800E-01    
     0.1593370    -8.3265300E-01    
 1    2 
     0.1593370     1.0000000E+00    
 1    2 
     0.0659800     1.0000000E+00    
 1    3 
     8.6960000     1.0000000E+00    
 1    3 
     2.7236000     1.0000000E+00    
 1    3 
     0.8530000     1.0000000E+00    
 1    3 
     0.2994900     1.0000000E+00    
 1    4 
     6.8933000     1.0000000E+00    
 1    4 
     2.0693000     1.0000000E+00    
 1    4 
     0.8673600     1.0000000E+00    
 1    5 
     4.4136000     1.0000000E+00    
 1    5 
     2.0273400     1.0000000E+00    
