54
1  0
    2.61159000e+01    1.00000000e+00
1  0
    1.36242000e+01    1.00000000e+00
1  0
    7.16012000e+00    1.00000000e+00
1  0
    3.91645000e+00    1.00000000e+00
1  0
    2.20571000e+00    1.00000000e+00
1  0
    9.69426000e-01    1.00000000e+00
1  0
    4.57111000e-01    1.00000000e+00
1  0
    2.48604000e-01    1.00000000e+00
1  0
    1.27945000e-01    1.00000000e+00
1  0
    7.81241000e-02    1.00000000e+00
1  1
    2.52033000e+01    1.00000000e+00
1  1
    1.37417000e+01    1.00000000e+00
1  1
    7.83088000e+00    1.00000000e+00
1  1
    3.88534000e+00    1.00000000e+00
1  1
    1.96340000e+00    1.00000000e+00
1  1
    1.02485000e+00    1.00000000e+00
1  1
    5.97087000e-01    1.00000000e+00
1  1
    3.60634000e-01    1.00000000e+00
1  1
    1.92273000e-01    1.00000000e+00
1  1
    9.53767000e-02    1.00000000e+00
1  2
    2.05366000e+01    1.00000000e+00
1  2
    1.25152000e+01    1.00000000e+00
1  2
    6.18898000e+00    1.00000000e+00
1  2
    3.56585000e+00    1.00000000e+00
1  2
    1.77822000e+00    1.00000000e+00
1  2
    8.62631000e-01    1.00000000e+00
1  2
    5.32117000e-01    1.00000000e+00
1  2
    3.04132000e-01    1.00000000e+00
1  2
    1.62083000e-01    1.00000000e+00
1  3
    1.51260000e+01    1.00000000e+00
1  3
    7.92030000e+00    1.00000000e+00
1  3
    4.68547000e+00    1.00000000e+00
1  3
    2.12420000e+00    1.00000000e+00
1  3
    1.09112000e+00    1.00000000e+00
1  3
    4.45114000e-01    1.00000000e+00
1  3
    2.17778000e-01    1.00000000e+00
1  4
    2.86452000e+01    1.00000000e+00
1  4
    1.08519000e+01    1.00000000e+00
1  4
    6.45368000e+00    1.00000000e+00
1  4
    3.04480000e+00    1.00000000e+00
1  4
    1.48742000e+00    1.00000000e+00
1  4
    5.67659000e-01    1.00000000e+00
1  5
    1.25907000e+01    1.00000000e+00
1  5
    6.57381000e+00    1.00000000e+00
1  5
    2.69960000e+00    1.00000000e+00
1  6
    1.01147000e+01    1.00000000e+00
1  6
    5.51541000e+00    1.00000000e+00
1  0
    3.91186000e-02    1.00000000e+00
1  1
    4.76078000e-02    1.00000000e+00
1  2
    8.70547000e-02    1.00000000e+00
1  3
    1.43522000e-01    1.00000000e+00
1  4
    2.85983000e-01    1.00000000e+00
1  5
    1.08168000e+00    1.00000000e+00
1  6
    2.63977000e+00    1.00000000e+00
