33
20  0
    5.82002100e+06    8.54924100e-06
    8.71523400e+05    6.64741000e-05
    1.98335000e+05    3.49496200e-04
    5.61763100e+04    1.47383200e-03
    1.83258200e+04    5.33833000e-03
    6.61495500e+03    1.71270800e-02
    2.57919900e+03    4.89408500e-02
    1.06884900e+03    1.21793400e-01
    4.65104500e+02    2.47658900e-01
    2.10413000e+02    3.58243100e-01
    9.76162900e+01    2.79817400e-01
    4.43802000e+01    6.85749100e-02
    2.14230800e+01   -1.31109200e-03
    1.03089100e+01    1.91400100e-03
    4.55364500e+00   -8.75922000e-04
    2.13282100e+00    3.74009600e-04
    9.29697000e-01   -1.40139900e-04
    1.92147000e-01    4.75713200e-05
    8.75950000e-02   -3.64271100e-05
    3.77020000e-02    1.15324800e-05
20  0
    5.82002100e+06   -2.64006900e-06
    8.71523400e+05   -2.05272000e-05
    1.98335000e+05   -1.07985900e-04
    5.61763100e+04   -4.55857700e-04
    1.83258200e+04   -1.65775800e-03
    6.61495500e+03   -5.36849200e-03
    2.57919900e+03   -1.57124900e-02
    1.06884900e+03   -4.12255800e-02
    4.65104500e+02   -9.40645900e-02
    2.10413000e+02   -1.71995400e-01
    9.76162900e+01   -1.95852300e-01
    4.43802000e+01    4.53290700e-02
    2.14230800e+01    5.24444200e-01
    1.03089100e+01    5.00614200e-01
    4.55364500e+00    8.94552700e-02
    2.13282100e+00   -2.14626200e-03
    9.29697000e-01    2.11211300e-03
    1.92147000e-01   -4.13398000e-04
    8.75950000e-02    3.20975200e-04
    3.77020000e-02   -1.01614000e-04
20  0
    5.82002100e+06    9.96710300e-07
    8.71523400e+05    7.75416300e-06
    1.98335000e+05    4.07601900e-05
    5.61763100e+04    1.72281100e-04
    1.83258200e+04    6.25937000e-04
    6.61495500e+03    2.03285500e-03
    2.57919900e+03    5.95464600e-03
    1.06884900e+03    1.57664000e-02
    4.65104500e+02    3.63763800e-02
    2.10413000e+02    6.89234300e-02
    9.76162900e+01    8.23809300e-02
    4.43802000e+01   -2.01136000e-02
    2.14230800e+01   -3.25252600e-01
    1.03089100e+01   -4.60289900e-01
    4.55364500e+00    1.63554600e-01
    2.13282100e+00    7.29711800e-01
    9.29697000e-01    3.76975100e-01
    1.92147000e-01    1.43322400e-02
    8.75950000e-02   -6.67121000e-03
    3.77020000e-02    1.76621400e-03
20  0
    5.82002100e+06    1.99581800e-07
    8.71523400e+05    1.55297300e-06
    1.98335000e+05    8.16125900e-06
    5.61763100e+04    3.45074700e-05
    1.83258200e+04    1.25327500e-04
    6.61495500e+03    4.07299000e-04
    2.57919900e+03    1.19273400e-03
    1.06884900e+03    3.16314000e-03
    4.65104500e+02    7.30394200e-03
    2.10413000e+02    1.39127900e-02
    9.76162900e+01    1.67062000e-02
    4.43802000e+01   -4.03558600e-03
    2.14230800e+01   -6.96886100e-02
    1.03089100e+01   -1.03010500e-01
    4.55364500e+00    4.47144200e-02
    2.13282100e+00    2.15002700e-01
    9.29697000e-01    2.22016300e-01
    1.92147000e-01   -3.11477600e-01
    8.75950000e-02   -5.69342900e-01
    3.77020000e-02   -2.67844000e-01
20  0
    5.82002100e+06   -5.43591000e-07
    8.71523400e+05   -4.33689400e-06
    1.98335000e+05   -2.19757200e-05
    5.61763100e+04   -9.74739200e-05
    1.83258200e+04   -3.33161500e-04
    6.61495500e+03   -1.16619200e-03
    2.57919900e+03   -3.11930800e-03
    1.06884900e+03   -9.23950400e-03
    4.65104500e+02   -1.85547100e-02
    2.10413000e+02   -4.28118900e-02
    9.76162900e+01   -3.57109500e-02
    4.43802000e+01   -1.63835000e-02
    2.14230800e+01    2.64466400e-01
    1.03089100e+01    2.08658800e-01
    4.55364500e+00   -1.77438200e-02
    2.13282100e+00   -1.35387300e+00
    9.29697000e-01    8.18292600e-01
    1.92147000e-01    1.69503600e+00
    8.75950000e-02   -1.38865600e+00
    3.77020000e-02   -2.18890000e-01
20  0
    5.82002100e+06    8.04079100e-07
    8.71523400e+05    6.28293600e-06
    1.98335000e+05    3.28186800e-05
    5.61763100e+04    1.39885800e-04
    1.83258200e+04    5.02983600e-04
    6.61495500e+03    1.65541900e-03
    2.57919900e+03    4.77867700e-03
    1.06884900e+03    1.29247900e-02
    4.65104500e+02    2.92583100e-02
    2.10413000e+02    5.79181600e-02
    9.76162900e+01    6.64068100e-02
    4.43802000e+01   -7.38896600e-03
    2.14230800e+01   -3.32998900e-01
    1.03089100e+01   -5.91786500e-01
    4.55364500e+00    9.01140600e-01
    2.13282100e+00    1.58595100e+00
    9.29697000e-01   -2.78800800e+00
    1.92147000e-01    2.07188400e+00
    8.75950000e-02   -6.01202500e-01
    3.77020000e-02   -5.93718400e-01
1  0
    3.77020000e-02    1.00000000e+00
1  0
    7.03810000e+00    1.00000000e+00
1  0
    1.80990000e+00    1.00000000e+00
1  0
    1.62300000e-02    1.00000000e+00
16  1
    2.44119800e+04   -1.50000000e-05
    5.77851800e+03   -1.35000000e-04
    1.87686200e+03   -7.82000000e-04
    7.18236100e+02   -3.47800000e-03
    3.04832700e+02   -1.25200000e-02
    1.39045300e+02   -3.70160000e-02
    6.68041700e+01   -8.55590000e-02
    3.32069900e+01   -1.44718000e-01
    1.69281600e+01   -1.43442000e-01
    8.69622900e+00    4.35950000e-02
    4.35051000e+00    3.48888000e-01
    2.11652300e+00    4.53865000e-01
    9.95387000e-01    2.68594000e-01
    3.78112000e-01    3.88680000e-02
    1.34579000e-01   -2.49200000e-03
    4.62820000e-02    1.01400000e-03
16  1
    2.44119800e+04    3.00000000e-06
    5.77851800e+03    2.50000000e-05
    1.87686200e+03    1.44000000e-04
    7.18236100e+02    6.45000000e-04
    3.04832700e+02    2.31100000e-03
    1.39045300e+02    6.89800000e-03
    6.68041700e+01    1.58820000e-02
    3.32069900e+01    2.73500000e-02
    1.69281600e+01    2.66210000e-02
    8.69622900e+00   -1.08580000e-02
    4.35051000e+00   -7.98530000e-02
    2.11652300e+00   -1.06127000e-01
    9.95387000e-01   -6.88830000e-02
    3.78112000e-01    1.84385000e-01
    1.34579000e-01    5.61788000e-01
    4.62820000e-02    4.14416000e-01
16  1
    2.44119800e+04    5.00000000e-06
    5.77851800e+03    4.20000000e-05
    1.87686200e+03    2.38000000e-04
    7.18236100e+02    1.08800000e-03
    3.04832700e+02    3.82100000e-03
    1.39045300e+02    1.16440000e-02
    6.68041700e+01    2.61670000e-02
    3.32069900e+01    4.67500000e-02
    1.69281600e+01    4.33090000e-02
    8.69622900e+00   -1.34290000e-02
    4.35051000e+00   -1.53897000e-01
    2.11652300e+00   -1.67413000e-01
    9.95387000e-01   -8.49950000e-02
    3.78112000e-01    4.50813000e-01
    1.34579000e-01    6.40869000e-01
    4.62820000e-02    5.41720000e-02
16  1
    2.44119800e+04    1.20000000e-05
    5.77851800e+03    9.60000000e-05
    1.87686200e+03    5.94000000e-04
    7.18236100e+02    2.48400000e-03
    3.04832700e+02    9.53700000e-03
    1.39045300e+02    2.64790000e-02
    6.68041700e+01    6.63660000e-02
    3.32069900e+01    1.02458000e-01
    1.69281600e+01    1.38683000e-01
    8.69622900e+00   -8.01400000e-02
    4.35051000e+00   -4.96069000e-01
    2.11652300e+00   -4.63510000e-01
    9.95387000e-01    8.74531000e-01
    3.78112000e-01    6.29790000e-01
    1.34579000e-01   -8.11686000e-01
    4.62820000e-02   -1.08948000e-01
15  1
    2.44119800e+04    4.10000000e-05
    5.77851800e+03    3.61000000e-04
    1.87686200e+03    2.08800000e-03
    7.18236100e+02    9.22100000e-03
    3.04832700e+02    3.27730000e-02
    1.39045300e+02    9.41790000e-02
    6.68041700e+01    2.09132000e-01
    3.32069900e+01    3.34569000e-01
    1.69281600e+01    3.30359000e-01
    8.69622900e+00    1.52347000e-01
    4.35051000e+00    2.29840000e-02
    2.11652300e+00    1.60700000e-03
    9.95387000e-01    4.68000000e-04
    3.78112000e-01    6.60000000e-05
    1.34579000e-01   -2.00000000e-06
1  1
    4.62820000e-02    1.00000000e+00
1  1
    1.01501000e+01    1.00000000e+00
1  1
    2.34510000e+00    1.00000000e+00
1  1
    1.59200000e-02    1.00000000e+00
8  2
    2.05617700e+02    2.34200000e-03
    6.14498100e+01    1.86060000e-02
    2.30568900e+01    7.71020000e-02
    9.57773900e+00    2.02026000e-01
    4.13373400e+00    3.29454000e-01
    1.74751800e+00    3.60976000e-01
    6.99560000e-01    2.71657000e-01
    2.51608000e-01    1.04981000e-01
8  2
    2.05617700e+02    3.27900000e-03
    6.14498100e+01    2.61760000e-02
    2.30568900e+01    1.11367000e-01
    9.57773900e+00    3.04581000e-01
    4.13373400e+00    3.86299000e-01
    1.74751800e+00   -5.83750000e-02
    6.99560000e-01   -5.38876000e-01
    2.51608000e-01   -3.45473000e-01
8  2
    2.05617700e+02    3.74000000e-03
    6.14498100e+01    3.18250000e-02
    2.30568900e+01    1.32229000e-01
    9.57773900e+00    4.24550000e-01
    4.13373400e+00    1.20370000e-01
    1.74751800e+00   -7.62661000e-01
    6.99560000e-01   -1.12823000e-01
    2.51608000e-01    8.09623000e-01
1  2
    2.51608000e-01    1.00000000e+00
1  2
    7.74400000e+00    1.00000000e+00
1  2
    3.96630000e+00    1.00000000e+00
1  2
    9.04900000e-02    1.00000000e+00
1  3
    1.03270000e+01    1.00000000e+00
1  3
    4.02020000e+00    1.00000000e+00
1  3
    1.48510000e+00    1.00000000e+00
1  3
    5.48610000e-01    1.00000000e+00
1  4
    9.25380000e+00    1.00000000e+00
1  4
    4.11440000e+00    1.00000000e+00
1  4
    1.82933000e+00    1.00000000e+00
