17
9  0
    2.20341000e+03    1.50000000e-04
    3.15582000e+02    8.30000000e-04
    6.64556000e+01   -1.32000000e-02
    4.16666000e+01    6.30870000e-02
    1.18328000e+01   -4.14725000e-01
    2.53996000e+00    7.38778000e-01
    1.05950000e+00    4.71889000e-01
    1.99751000e-01    2.33840000e-02
    1.01630000e-01   -1.27000000e-02
9  0
    2.20341000e+03   -3.80000000e-05
    3.15582000e+02   -1.49000000e-04
    6.64556000e+01    2.10300000e-03
    4.16666000e+01   -1.26920000e-02
    1.18328000e+01    9.71100000e-02
    2.53996000e+00   -2.11814000e-01
    1.05950000e+00   -2.47313000e-01
    1.99751000e-01    2.57973000e-01
    1.01630000e-01    5.40567000e-01
9  0
    2.20341000e+03    1.33000000e-04
    3.15582000e+02    3.06000000e-04
    6.64556000e+01   -2.65400000e-03
    4.16666000e+01    3.19690000e-02
    1.18328000e+01   -3.13311000e-01
    2.53996000e+00    1.23347500e+00
    1.05950000e+00   -5.53289000e-01
    1.99751000e-01   -2.06341400e+00
    1.01630000e-01    1.60671700e+00
9  0
    2.20341000e+03    4.58000000e-04
    3.15582000e+02   -2.66500000e-03
    6.64556000e+01    5.33970000e-02
    4.16666000e+01   -5.35800000e-02
    1.18328000e+01   -3.86606000e-01
    2.53996000e+00    2.52192400e+00
    1.05950000e+00   -2.99261400e+00
    1.99751000e-01    1.95136000e+00
    1.01630000e-01   -4.22639000e-01
1  0
    4.25660000e-02    1.00000000e+00
8  1
    5.58251000e+02    1.28000000e-04
    8.75501000e+01    2.50500000e-03
    1.96744000e+01   -7.99920000e-02
    4.65969000e+00    3.61882000e-01
    2.13998000e+00    4.89415000e-01
    9.53437000e-01    2.56911000e-01
    3.24655000e-01    2.76700000e-02
    1.19348000e-01   -3.01700000e-03
8  1
    5.58251000e+02   -3.10000000e-05
    8.75501000e+01   -4.32000000e-04
    1.96744000e+01    1.58940000e-02
    4.65969000e+00   -8.18560000e-02
    2.13998000e+00   -1.16298000e-01
    9.53437000e-01   -5.30950000e-02
    3.24655000e-01    2.40591000e-01
    1.19348000e-01    5.57373000e-01
8  1
    5.58251000e+02    6.40000000e-05
    8.75501000e+01    6.90000000e-04
    1.96744000e+01   -2.88850000e-02
    4.65969000e+00    1.63081000e-01
    2.13998000e+00    2.03033000e-01
    9.53437000e-01    1.96180000e-02
    3.24655000e-01   -5.55130000e-01
    1.19348000e-01   -5.29084000e-01
8  1
    5.58251000e+02    2.76000000e-04
    8.75501000e+01    5.64000000e-04
    1.96744000e+01   -7.61040000e-02
    4.65969000e+00    6.14576000e-01
    2.13998000e+00    3.74718000e-01
    9.53437000e-01   -1.01102200e+00
    3.24655000e-01   -3.82769000e-01
    1.19348000e-01    8.21021000e-01
1  1
    4.28360000e-02    1.00000000e+00
7  2
    1.62573000e+02    2.50700000e-03
    5.08500000e+01    2.41370000e-02
    2.01679000e+01    9.05710000e-02
    8.60095000e+00    2.17033000e-01
    3.76108000e+00    3.32145000e-01
    1.60561000e+00    3.50478000e-01
    6.49006000e-01    2.56223000e-01
7  2
    1.62573000e+02    3.50100000e-03
    5.08500000e+01    3.37260000e-02
    2.01679000e+01    1.30802000e-01
    8.60095000e+00    3.23479000e-01
    3.76108000e+00    3.58412000e-01
    1.60561000e+00   -1.12280000e-01
    6.49006000e-01   -5.35430000e-01
7  2
    1.62573000e+02    4.06200000e-03
    5.08500000e+01    4.07070000e-02
    2.01679000e+01    1.61048000e-01
    8.60095000e+00    4.36239000e-01
    3.76108000e+00    1.80170000e-02
    1.60561000e+00   -7.64356000e-01
    6.49006000e-01   -2.06420000e-02
1  2
    2.35955000e-01    1.00000000e+00
1  3
    5.88230000e+00    1.00000000e+00
1  3
    1.49500000e+00    1.00000000e+00
1  4
    4.08720000e+00    1.00000000e+00
