12
7  0
    6.29126000e+02    5.59000000e-04
    6.29635000e+01   -9.68000000e-03
    3.95791000e+01    6.23540000e-02
    1.19173000e+01   -4.14879000e-01
    2.50824000e+00    7.54466000e-01
    1.03019000e+00    4.58996000e-01
    1.54002000e-01    1.16640000e-02
7  0
    6.29126000e+02   -1.21000000e-04
    6.29635000e+01    1.48900000e-03
    3.95791000e+01   -1.27370000e-02
    1.19173000e+01    9.72460000e-02
    2.50824000e+00   -2.19917000e-01
    1.03019000e+00   -2.36474000e-01
    1.54002000e-01    5.81291000e-01
7  0
    6.29126000e+02    4.21000000e-04
    6.29635000e+01   -5.10900000e-03
    3.95791000e+01    4.14470000e-02
    1.19173000e+01   -3.41643000e-01
    2.50824000e+00    1.43861700e+00
    1.03019000e+00   -9.82429000e-01
    1.54002000e-01   -1.18763100e+00
1  0
    5.27950000e-02    1.00000000e+00
6  1
    9.29034000e+01    2.48800000e-03
    1.97452000e+01   -7.91360000e-02
    4.55073000e+00    3.88059000e-01
    2.00190000e+00    5.09354000e-01
    8.43879000e-01    2.24575000e-01
    2.03381000e-01    1.26800000e-02
6  1
    9.29034000e+01   -4.03000000e-04
    1.97452000e+01    1.54470000e-02
    4.55073000e+00   -8.43250000e-02
    2.00190000e+00   -1.36489000e-01
    8.43879000e-01    8.02000000e-04
    2.03381000e-01    5.15792000e-01
6  1
    9.29034000e+01   -5.30000000e-04
    1.97452000e+01    2.47430000e-02
    4.55073000e+00   -1.42478000e-01
    2.00190000e+00   -2.34032000e-01
    8.43879000e-01    9.21870000e-02
    2.03381000e-01    8.37770000e-01
1  1
    5.95720000e-02    1.00000000e+00
5  2
    7.12766000e+01    1.58950000e-02
    2.27604000e+01    9.24540000e-02
    8.32369000e+00    2.59472000e-01
    3.16875000e+00    4.03314000e-01
    1.14703000e+00    3.87834000e-01
5  2
    7.12766000e+01   -2.25160000e-02
    2.27604000e+01   -1.33303000e-01
    8.32369000e+00   -3.93253000e-01
    3.16875000e+00   -3.51214000e-01
    1.14703000e+00    4.06171000e-01
1  2
    3.66643000e-01    1.00000000e+00
1  3
    3.21680000e+00    1.00000000e+00
