30
15  0
    5.04198000e+04    3.00000000e-06
    8.01305000e+03    2.30000000e-05
    1.86441000e+03    1.12000000e-04
    5.16883000e+02    3.83000000e-04
    1.10739000e+02    3.97600000e-03
    6.85920000e+01   -2.30070000e-02
    4.27231000e+01    7.17560000e-02
    1.28754000e+01   -3.06528000e-01
    8.05175000e+00   -1.66750000e-01
    3.38210000e+00    4.20314000e-01
    1.74530000e+00    6.00759000e-01
    8.57214000e-01    2.48951000e-01
    2.80737000e-01    1.38190000e-02
    1.54935000e-01   -4.49000000e-03
    7.17090000e-02    1.25400000e-03
15  0
    5.04198000e+04   -1.00000000e-06
    8.01305000e+03   -6.00000000e-06
    1.86441000e+03   -2.60000000e-05
    5.16883000e+02   -9.30000000e-05
    1.10739000e+02   -8.30000000e-04
    6.85920000e+01    4.90100000e-03
    4.27231000e+01   -1.60050000e-02
    1.28754000e+01    7.60090000e-02
    8.05175000e+00    3.44540000e-02
    3.38210000e+00   -1.11035000e-01
    1.74530000e+00   -2.00729000e-01
    8.57214000e-01   -1.76811000e-01
    2.80737000e-01    8.51150000e-02
    1.54935000e-01    4.03445000e-01
    7.17090000e-02    5.11448000e-01
15  0
    5.04198000e+04   -3.00000000e-06
    8.01305000e+03   -1.60000000e-05
    1.86441000e+03   -9.60000000e-05
    5.16883000e+02   -2.40000000e-04
    1.10739000e+02   -3.92700000e-03
    6.85920000e+01    1.94170000e-02
    4.27231000e+01   -5.62510000e-02
    1.28754000e+01    3.06097000e-01
    8.05175000e+00    2.28080000e-02
    3.38210000e+00   -5.19524000e-01
    1.74530000e+00   -8.63928000e-01
    8.57214000e-01    6.64926000e-01
    2.80737000e-01    1.48034300e+00
    1.54935000e-01   -4.41658000e-01
    7.17090000e-02   -5.65032000e-01
15  0
    5.04198000e+04   -4.00000000e-06
    8.01305000e+03   -2.50000000e-05
    1.86441000e+03   -1.59000000e-04
    5.16883000e+02   -3.69000000e-04
    1.10739000e+02   -6.37600000e-03
    6.85920000e+01    3.04960000e-02
    4.27231000e+01   -9.10560000e-02
    1.28754000e+01    6.13299000e-01
    8.05175000e+00   -1.27621000e-01
    3.38210000e+00   -1.57969000e+00
    1.74530000e+00   -2.79973000e-01
    8.57214000e-01    2.55416400e+00
    2.80737000e-01   -1.09524300e+00
    1.54935000e-01   -1.29485100e+00
    7.17090000e-02    1.02009800e+00
15  0
    5.04198000e+04    8.00000000e-06
    8.01305000e+03    2.50000000e-05
    1.86441000e+03    3.43000000e-04
    5.16883000e+02    1.08000000e-04
    1.10739000e+02    1.98600000e-02
    6.85920000e+01   -7.94470000e-02
    4.27231000e+01    1.88871000e-01
    1.28754000e+01   -1.54006200e+00
    8.05175000e+00    1.30012800e+00
    3.38210000e+00    3.68283100e+00
    1.74530000e+00   -6.06147800e+00
    8.57214000e-01    2.57767800e+00
    2.80737000e-01    2.93143900e+00
    1.54935000e-01   -4.54418000e+00
    7.17090000e-02    1.66676800e+00
15  0
    5.04198000e+04    1.70000000e-05
    8.01305000e+03   -3.90000000e-05
    1.86441000e+03    9.16000000e-04
    5.16883000e+02   -2.20000000e-03
    1.10739000e+02    7.82790000e-02
    6.85920000e+01   -2.74401000e-01
    4.27231000e+01    4.63613000e-01
    1.28754000e+01   -3.68897000e+00
    8.05175000e+00    5.87290600e+00
    3.38210000e+00   -1.86087700e+00
    1.74530000e+00   -3.94733600e+00
    8.57214000e-01    6.75650100e+00
    2.80737000e-01   -9.18971800e+00
    1.54935000e-01    8.39719900e+00
    7.17090000e-02   -2.42794600e+00
1  0
    3.27990000e-02    1.00000000e+00
12  1
    1.17236000e+03    3.70000000e-05
    2.76382000e+02    2.58000000e-04
    5.78057000e+01    7.02100000e-03
    3.05032000e+01   -2.39010000e-02
    1.61822000e+01   -7.33240000e-02
    5.56706000e+00    2.23665000e-01
    2.98883000e+00    3.96875000e-01
    1.56139000e+00    3.53601000e-01
    7.88074000e-01    1.53335000e-01
    3.40242000e-01    1.87970000e-02
    1.52599000e-01   -4.71000000e-04
    6.78110000e-02    6.92000000e-04
12  1
    1.17236000e+03   -8.00000000e-06
    2.76382000e+02   -5.00000000e-05
    5.78057000e+01   -1.47300000e-03
    3.05032000e+01    5.22100000e-03
    1.61822000e+01    1.42920000e-02
    5.56706000e+00   -5.13650000e-02
    2.98883000e+00   -8.73340000e-02
    1.56139000e+00   -9.28550000e-02
    7.88074000e-01   -1.60040000e-02
    3.40242000e-01    1.81865000e-01
    1.52599000e-01    4.04892000e-01
    6.78110000e-02    4.23676000e-01
12  1
    1.17236000e+03   -1.50000000e-05
    2.76382000e+02   -9.30000000e-05
    5.78057000e+01   -2.85500000e-03
    3.05032000e+01    1.05360000e-02
    1.61822000e+01    2.64820000e-02
    5.56706000e+00   -1.06919000e-01
    2.98883000e+00   -1.72490000e-01
    1.56139000e+00   -1.49592000e-01
    7.88074000e-01    5.23850000e-02
    3.40242000e-01    4.56883000e-01
    1.52599000e-01    5.06344000e-01
    6.78110000e-02    1.14865000e-01
12  1
    1.17236000e+03    4.60000000e-05
    2.76382000e+02    2.22000000e-04
    5.78057000e+01    8.27300000e-03
    3.05032000e+01   -3.47590000e-02
    1.61822000e+01   -6.27710000e-02
    5.56706000e+00    4.11993000e-01
    2.98883000e+00    4.68449000e-01
    1.56139000e+00   -5.97750000e-02
    7.88074000e-01   -9.33734000e-01
    3.40242000e-01   -3.20882000e-01
    1.52599000e-01    7.11388000e-01
    6.78110000e-02    1.85895000e-01
12  1
    1.17236000e+03    1.28000000e-04
    2.76382000e+02   -8.10000000e-05
    5.78057000e+01    1.92510000e-02
    3.05032000e+01   -9.08240000e-02
    1.61822000e+01   -2.66290000e-02
    5.56706000e+00    9.27999000e-01
    2.98883000e+00    2.50155000e-01
    1.56139000e+00   -1.48073200e+00
    7.88074000e-01   -6.49640000e-02
    3.40242000e-01    1.57190900e+00
    1.52599000e-01   -7.38382000e-01
    6.78110000e-02   -3.69190000e-01
12  1
    1.17236000e+03   -4.97000000e-04
    2.76382000e+02    2.20900000e-03
    5.78057000e+01   -6.69790000e-02
    3.05032000e+01    3.16691000e-01
    1.61822000e+01   -2.84223000e-01
    5.56706000e+00   -2.04852300e+00
    2.98883000e+00    2.75061100e+00
    1.56139000e+00    6.88920000e-02
    7.88074000e-01   -2.26568200e+00
    3.40242000e-01    1.68607300e+00
    1.52599000e-01    6.85200000e-03
    6.78110000e-02   -6.91218000e-01
1  1
    2.96610000e-02    1.00000000e+00
11  2
    7.11331000e+02    9.20000000e-05
    2.15973000e+02    9.62000000e-04
    8.51094000e+01    6.57100000e-03
    3.98164000e+01    2.80230000e-02
    1.94372000e+01    7.45890000e-02
    9.87139000e+00    1.54606000e-01
    5.09682000e+00    2.38364000e-01
    2.61873000e+00    2.81535000e-01
    1.32107000e+00    2.66244000e-01
    6.48248000e-01    1.97631000e-01
    3.04813000e-01    1.00196000e-01
11  2
    7.11331000e+02    1.27000000e-04
    2.15973000e+02    1.33700000e-03
    8.51094000e+01    9.20500000e-03
    3.98164000e+01    3.94400000e-02
    1.94372000e+01    1.08067000e-01
    9.87139000e+00    2.31587000e-01
    5.09682000e+00    3.17652000e-01
    2.61873000e+00    1.68257000e-01
    1.32107000e+00   -1.96990000e-01
    6.48248000e-01   -4.12586000e-01
    3.04813000e-01   -3.04673000e-01
11  2
    7.11331000e+02    1.41000000e-04
    2.15973000e+02    1.54900000e-03
    8.51094000e+01    1.04550000e-02
    3.98164000e+01    4.59910000e-02
    1.94372000e+01    1.29063000e-01
    9.87139000e+00    3.05805000e-01
    5.09682000e+00    2.66316000e-01
    2.61873000e+00   -3.40718000e-01
    1.32107000e+00   -5.63206000e-01
    6.48248000e-01   -3.64510000e-02
    3.04813000e-01    5.56857000e-01
11  2
    7.11331000e+02    1.65000000e-04
    2.15973000e+02    2.10100000e-03
    8.51094000e+01    1.29370000e-02
    3.98164000e+01    6.18650000e-02
    1.94372000e+01    1.72582000e-01
    9.87139000e+00    4.62730000e-01
    5.09682000e+00   -2.96170000e-02
    2.61873000e+00   -9.45384000e-01
    1.32107000e+00    7.21040000e-02
    6.48248000e-01    1.00677000e+00
    3.04813000e-01   -2.85274000e-01
11  2
    7.11331000e+02   -2.72000000e-04
    2.15973000e+02   -2.50100000e-03
    8.51094000e+01   -1.97970000e-02
    3.98164000e+01   -7.86830000e-02
    1.94372000e+01   -3.03658000e-01
    9.87139000e+00   -6.10736000e-01
    5.09682000e+00    1.11905800e+00
    2.61873000e+00    4.42277000e-01
    1.32107000e+00   -1.71521700e+00
    6.48248000e-01    8.71111000e-01
    3.04813000e-01    6.50768000e-01
1  2
    1.32728000e-01    1.00000000e+00
1  3
    1.23345000e+01    1.00000000e+00
1  3
    4.43400000e+00    1.00000000e+00
1  3
    1.59400000e+00    1.00000000e+00
1  3
    5.73000000e-01    1.00000000e+00
1  4
    1.01826000e+01    1.00000000e+00
1  4
    3.60720000e+00    1.00000000e+00
1  4
    1.27790000e+00    1.00000000e+00
1  5
    7.51360000e+00    1.00000000e+00
1  5
    2.41710000e+00    1.00000000e+00
1  6
    5.66350000e+00    1.00000000e+00
