72
1  0
    4.95342000e+02    1.00000000e+00
1  0
    2.66196000e+02    1.00000000e+00
1  0
    1.25576000e+02    1.00000000e+00
1  0
    5.64411000e+01    1.00000000e+00
1  0
    2.13276000e+01    1.00000000e+00
1  0
    9.43603000e+00    1.00000000e+00
1  0
    4.54036000e+00    1.00000000e+00
1  0
    2.21466000e+00    1.00000000e+00
1  0
    1.12396000e+00    1.00000000e+00
1  0
    5.52622000e-01    1.00000000e+00
1  0
    2.74691000e-01    1.00000000e+00
1  0
    1.42624000e-01    1.00000000e+00
1  0
    7.92470000e-02    1.00000000e+00
1  1
    1.91673000e+02    1.00000000e+00
1  1
    8.62505000e+01    1.00000000e+00
1  1
    3.96372000e+01    1.00000000e+00
1  1
    1.63146000e+01    1.00000000e+00
1  1
    1.05730000e+01    1.00000000e+00
1  1
    4.08780000e+00    1.00000000e+00
1  1
    2.11369000e+00    1.00000000e+00
1  1
    1.40620000e+00    1.00000000e+00
1  1
    7.61060000e-01    1.00000000e+00
1  1
    3.31934000e-01    1.00000000e+00
1  1
    1.65345000e-01    1.00000000e+00
1  1
    8.35240000e-02    1.00000000e+00
1  2
    5.28541000e+01    1.00000000e+00
1  2
    2.68722000e+01    1.00000000e+00
1  2
    1.20337000e+01    1.00000000e+00
1  2
    8.56667000e+00    1.00000000e+00
1  2
    3.83803000e+00    1.00000000e+00
1  2
    2.79237000e+00    1.00000000e+00
1  2
    1.32442000e+00    1.00000000e+00
1  2
    7.05819000e-01    1.00000000e+00
1  2
    3.92564000e-01    1.00000000e+00
1  2
    2.01055000e-01    1.00000000e+00
1  2
    6.51730000e-02    1.00000000e+00
1  3
    7.74909000e+01    1.00000000e+00
1  3
    2.52613000e+01    1.00000000e+00
1  3
    1.43196000e+01    1.00000000e+00
1  3
    6.93388000e+00    1.00000000e+00
1  3
    4.13957000e+00    1.00000000e+00
1  3
    2.31007000e+00    1.00000000e+00
1  3
    1.25542000e+00    1.00000000e+00
1  3
    7.28273000e-01    1.00000000e+00
1  3
    2.98032000e-01    1.00000000e+00
1  3
    1.54863000e-01    1.00000000e+00
1  4
    5.93076000e+01    1.00000000e+00
1  4
    2.27846000e+01    1.00000000e+00
1  4
    1.15287000e+01    1.00000000e+00
1  4
    5.62870000e+00    1.00000000e+00
1  4
    3.84782000e+00    1.00000000e+00
1  4
    1.78355000e+00    1.00000000e+00
1  4
    1.20022000e+00    1.00000000e+00
1  4
    6.00235000e-01    1.00000000e+00
1  4
    2.51870000e-01    1.00000000e+00
1  5
    2.71088000e+01    1.00000000e+00
1  5
    1.50903000e+01    1.00000000e+00
1  5
    8.00120000e+00    1.00000000e+00
1  5
    4.27471000e+00    1.00000000e+00
1  5
    2.60227000e+00    1.00000000e+00
1  5
    1.11765000e+00    1.00000000e+00
1  6
    1.97157000e+01    1.00000000e+00
1  6
    1.13479000e+01    1.00000000e+00
1  6
    6.28614000e+00    1.00000000e+00
1  6
    3.90622000e+00    1.00000000e+00
1  6
    1.96306000e+00    1.00000000e+00
1  7
    1.51143000e+01    1.00000000e+00
1  7
    9.29492000e+00    1.00000000e+00
1  7
    4.04890000e+00    1.00000000e+00
1  7
    2.11910000e+00    1.00000000e+00
1  8
    1.19970000e+01    1.00000000e+00
1  8
    7.19868000e+00    1.00000000e+00
