28
11  0
    5.74230715e+06    8.68643816e-06
    8.61450788e+05    6.73646686e-05
    1.96346059e+05    3.53497151e-04
    5.56828707e+04    1.48841539e-03
    1.81839024e+04    5.38409166e-03
    6.56964480e+03    1.72527382e-02
    2.56356133e+03    4.92386791e-02
    1.06311472e+03    1.22358122e-01
    4.62897711e+02    2.48353902e-01
    2.09528210e+02    3.58306328e-01
    9.72407880e+01    2.78802600e-01
4  0
    1.92926900e+03    8.30770022e-03
    5.98071223e+02    8.18825902e-02
    2.29696673e+02    3.75880602e-01
    9.94168192e+01    7.10672604e-01
1  0
    4.42411014e+01    1.00000000e+00
1  0
    2.11943671e+01    1.00000000e+00
1  0
    1.01587316e+01    1.00000000e+00
1  0
    4.37461762e+00    1.00000000e+00
1  0
    2.09014891e+00    1.00000000e+00
1  0
    9.18691364e-01    1.00000000e+00
1  0
    1.92786606e-01    1.00000000e+00
1  0
    8.73299152e-02    1.00000000e+00
1  0
    3.75522171e-02    1.00000000e+00
9  1
    1.06904451e+04    1.71428672e-04
    2.53231593e+03    1.50880128e-03
    8.21942950e+02    8.43687779e-03
    3.13427578e+02    3.48981032e-02
    1.32183142e+02    1.09936174e-01
    5.96205544e+01    2.52072771e-01
    2.80194889e+01    3.83256575e-01
    1.35117048e+01    3.07870913e-01
    6.40537113e+00    8.64116968e-02
5  1
    8.99811319e+01   -9.62628478e-03
    3.22417671e+01   -4.75094073e-02
    6.38094486e+00    4.58341004e-01
    2.94779284e+00    9.44737991e-01
    1.32008550e+00    7.59234649e-01
1  1
    5.44246744e-01    1.00000000e+00
1  1
    2.57999718e-01    1.00000000e+00
1  1
    9.28631924e-02    1.00000000e+00
1  1
    3.40593414e-02    1.00000000e+00
6  2
    3.05222989e+02    2.73597924e-03
    9.14682732e+01    2.35852298e-02
    3.49869860e+01    1.08584224e-01
    1.48494152e+01    3.28435942e-01
    6.68585457e+00    6.61802356e-01
    3.03094126e+00    8.91653393e-01
1  2
    1.33550507e+00    1.00000000e+00
1  2
    5.58831764e-01    1.00000000e+00
1  2
    2.11807993e-01    1.00000000e+00
1  2
    8.30000000e-02    1.00000000e+00
1  3
    8.02000000e+00    1.00000000e+00
1  3
    2.61400000e+00    1.00000000e+00
1  3
    8.36000000e-01    1.00000000e+00
1  3
    2.67300000e-01    1.00000000e+00
1  4
    6.61300000e+00    1.00000000e+00
1  4
    1.97800000e+00    1.00000000e+00
