#       zeta                     d
ECP
Zn nelec 10
Zn ul
2      1.0000000              0.0000000        
Zn S
2     34.1740010            399.9863990        
2     14.4563710             85.4897500        
Zn P
2     39.8886830             92.3810770        
2     39.6550170            184.7711760        
2     15.2905460             23.0025410        
2     14.9035240             46.0574270        
Zn D
2     43.7082960            -13.6907340        
2     43.6985360            -20.5439800        
2     15.1507180             -1.3161540        
2     15.2824410             -1.8387150        
Zn F
2      8.1600140             -0.3703600        
2     12.2284220             -1.0629430        
END
