39
15  0
    2.60828000e+07    2.33758000e-06
    3.92470000e+06    1.80510000e-05
    8.97266000e+05    9.43983000e-05
    2.55384000e+05    3.96049000e-04
    8.38902000e+04    1.42674000e-03
    3.06086000e+04    4.57581000e-03
    1.21040000e+04    1.33717000e-02
    5.10094000e+03    3.59654000e-02
    2.26617000e+03    8.77261000e-02
    1.05878000e+03    1.89729000e-01
    5.20334000e+02    3.37688000e-01
    2.74054000e+02    4.59671000e-01
    1.49722000e+02    5.00000000e-01
    8.03481000e+01    3.39442000e-01
    4.14227000e+01    7.96813000e-02
7  0
    2.06568000e+03   -1.10261000e-03
    6.40891000e+02   -1.10748000e-02
    2.48442000e+02   -4.96625000e-02
    1.10021000e+02   -1.01216000e-01
    2.62965000e+01    3.46013000e-01
    1.37866000e+01    5.00000000e-01
    7.47714000e+00    2.56277000e-01
5  0
    1.05989000e+02    5.00471000e-03
    2.52003000e+01   -9.23712000e-02
    1.26374000e+01   -3.21293000e-01
    7.14630000e+00   -1.28466000e-01
    3.93599000e+00    5.00000000e-01
1  0
    1.95706000e+00    1.00000000e+00
1  0
    8.90817000e-01    1.00000000e+00
1  0
    2.36413000e-01    1.00000000e+00
1  0
    9.96971000e-02    1.00000000e+00
1  0
    4.01425000e-02    1.00000000e+00
7  1
    3.93224000e+05    9.06483000e-06
    6.04959000e+04    1.82016000e-04
    1.45727000e+04    1.63879000e-03
    4.83096000e+03    9.20001000e-03
    1.88493000e+03    4.08985000e-02
    8.17968000e+02    1.50683000e-01
    3.78352000e+02    5.00000000e-01
1  1
    1.83186000e+02    1.00000000e+00
1  1
    9.22218000e+01    1.00000000e+00
1  1
    4.79315000e+01    1.00000000e+00
1  1
    2.56675000e+01    1.00000000e+00
1  1
    1.38125000e+01    1.00000000e+00
1  1
    7.44289000e+00    1.00000000e+00
1  1
    3.86618000e+00    1.00000000e+00
1  1
    1.96624000e+00    1.00000000e+00
1  1
    9.69801000e-01    1.00000000e+00
1  1
    4.52301000e-01    1.00000000e+00
1  1
    1.39000000e-01    1.00000000e+00
5  2
    7.10596000e+02    1.00489000e-03
    2.16388000e+02    9.32268000e-03
    8.34420000e+01    5.31933000e-02
    3.63801000e+01    2.00524000e-01
    1.77436000e+01    5.00000000e-01
1  2
    8.95287000e+00    1.00000000e+00
1  2
    4.57947000e+00    1.00000000e+00
1  2
    2.31467000e+00    1.00000000e+00
1  2
    1.14148000e+00    1.00000000e+00
1  2
    5.42812000e-01    1.00000000e+00
1  2
    2.45689000e-01    1.00000000e+00
1  2
    1.02138000e-01    1.00000000e+00
1  3
    2.56800000e+01    1.00000000e+00
1  3
    8.02500000e+00    1.00000000e+00
1  3
    2.97200000e+00    1.00000000e+00
1  3
    1.23800000e+00    1.00000000e+00
1  3
    5.16000000e-01    1.00000000e+00
1  4
    1.38700000e+01    1.00000000e+00
1  4
    3.46800000e+00    1.00000000e+00
1  4
    8.67000000e-01    1.00000000e+00
1  5
    7.49000000e+00    1.00000000e+00
1  5
    1.66400000e+00    1.00000000e+00
1  6
    3.79500000e+00    1.00000000e+00
