21
10  0
    1.68415000e+06    5.45624000e-05
    2.52921000e+05    4.22594000e-04
    5.75743000e+04    2.22471000e-03
    1.62491000e+04    9.37405000e-03
    5.28622000e+03    3.33656000e-02
    1.90635000e+03    1.01494000e-01
    7.44790000e+02    2.52600000e-01
    3.04229000e+02    4.79240000e-01
    1.29385000e+02    5.00000000e-01
    5.67282000e+01    1.81595000e-01
4  0
    4.55362000e+02   -2.17861000e-02
    1.39291000e+02   -1.06012000e-01
    2.21270000e+01    5.00000000e-01
    9.38317000e+00    4.80571000e-01
2  0
    1.51983000e+01   -1.59702000e-01
    2.49502000e+00    5.00000000e-01
1  0
    1.02161000e+00    1.00000000e+00
1  0
    1.87767000e-01    1.00000000e+00
1  0
    6.12161000e-02    1.00000000e+00
5  1
    3.13731000e+04    1.43655000e-04
    4.82663000e+03    2.88521000e-03
    1.14667000e+03    2.56714000e-02
    3.70856000e+02    1.36080000e-01
    1.39991000e+02    5.00000000e-01
1  1
    5.80641000e+01    1.00000000e+00
1  1
    2.54145000e+01    1.00000000e+00
1  1
    1.13879000e+01    1.00000000e+00
1  1
    4.85069000e+00    1.00000000e+00
1  1
    1.99762000e+00    1.00000000e+00
1  1
    7.62326000e-01    1.00000000e+00
1  1
    1.64000000e-01    1.00000000e+00
5  2
    1.97567000e+02    3.85054000e-03
    5.86413000e+01    3.03452000e-02
    2.19399000e+01    1.27453000e-01
    8.93691000e+00    3.27380000e-01
    3.79829000e+00    5.00000000e-01
1  2
    1.56446000e+00    1.00000000e+00
1  2
    6.00207000e-01    1.00000000e+00
1  2
    2.02570000e-01    1.00000000e+00
1  3
    5.20100000e+00    1.00000000e+00
1  3
    1.15600000e+00    1.00000000e+00
1  4
    2.63500000e+00    1.00000000e+00
