23
12  0
    3.05519545e+04    2.14274010e+00
    6.21859391e+03    8.80470880e+00
    2.15176248e+03    1.60008682e+01
    1.26574260e+03    1.12584053e+01
    7.44554449e+02    1.95302706e+01
    4.37973193e+02    1.35622422e+01
    2.57631283e+02    3.04819570e+00
    1.51547809e+02   -2.58720900e+00
    5.24386854e+01    1.78287839e+01
    3.08462846e+01    1.43096651e+01
    1.06734543e+01   -5.54592980e+00
    6.27850240e+00    4.75431940e+00
1  0
    3.69323660e+00    1.00000000e+00
1  0
    2.17249200e+00    1.00000000e+00
1  0
    1.27793650e+00    1.00000000e+00
1  0
    7.51727300e-01    1.00000000e+00
1  0
    2.60113200e-01    1.00000000e+00
1  0
    1.53007800e-01    1.00000000e+00
1  0
    9.00046000e-02    1.00000000e+00
1  1
    3.23129220e+00    1.00000000e+00
1  1
    1.35372310e+00    1.00000000e+00
1  1
    5.63520100e-01    1.00000000e+00
1  1
    2.33686200e-01    1.00000000e+00
1  1
    9.67846000e-02    1.00000000e+00
1  2
    1.52191565e+01    1.00000000e+00
1  2
    5.14940480e+00    1.00000000e+00
1  2
    1.74183000e+00    1.00000000e+00
1  2
    5.89093000e-01    1.00000000e+00
1  2
    1.99222500e-01    1.00000000e+00
2  3
    6.33207320e+00    4.31830000e-03
    2.28930360e+00   -2.80120000e-03
1  3
    8.34765800e-01    1.00000000e+00
1  4
    1.37400089e+01    1.00000000e+00
1  4
    3.38771030e+00    1.00000000e+00
1  4
    8.35267400e-01    1.00000000e+00
