35
1  0
    6.91199057e+04    1.00000000e+00
1  0
    2.60824165e+04    1.00000000e+00
1  0
    1.01808232e+04    1.00000000e+00
1  0
    4.10663311e+03    1.00000000e+00
1  0
    1.70991494e+03    1.00000000e+00
1  0
    7.34012831e+02    1.00000000e+00
1  0
    3.24386859e+02    1.00000000e+00
1  0
    1.47358944e+02    1.00000000e+00
1  0
    6.86908614e+01    1.00000000e+00
1  0
    3.27958258e+01    1.00000000e+00
1  0
    1.60050373e+01    1.00000000e+00
1  0
    7.96655068e+00    1.00000000e+00
1  0
    4.03511157e+00    1.00000000e+00
1  0
    2.07468539e+00    1.00000000e+00
1  0
    1.08006554e+00    1.00000000e+00
1  0
    5.67800550e-01    1.00000000e+00
1  0
    3.00608540e-01    1.00000000e+00
1  0
    1.59828090e-01    1.00000000e+00
1  0
    8.50985400e-02    1.00000000e+00
1  1
    3.23129220e+00    1.00000000e+00
1  1
    1.35372310e+00    1.00000000e+00
1  1
    5.63520100e-01    1.00000000e+00
1  1
    2.33686200e-01    1.00000000e+00
1  1
    9.67846000e-02    1.00000000e+00
1  2
    1.52191565e+01    1.00000000e+00
1  2
    5.14940480e+00    1.00000000e+00
1  2
    1.74183000e+00    1.00000000e+00
1  2
    5.89093000e-01    1.00000000e+00
1  2
    1.99222500e-01    1.00000000e+00
1  3
    6.33207320e+00    1.00000000e+00
1  3
    2.28930360e+00    1.00000000e+00
1  3
    8.34765800e-01    1.00000000e+00
1  4
    1.37400089e+01    1.00000000e+00
1  4
    3.38771030e+00    1.00000000e+00
1  4
    8.35267400e-01    1.00000000e+00
