14
3  0
    8.08459200e+03    6.15780000e-02
    1.22166800e+03    3.69399000e-01
    2.67691700e+02    6.88728000e-01
3  0
    3.61021200e+02   -1.11907000e-01
    7.83049500e+01    8.58400000e-02
    2.48452300e+01    9.67513000e-01
3  1
    3.61021200e+02    1.48762000e-01
    7.83049500e+01    5.96569000e-01
    2.48452300e+01    4.16785000e-01
3  0
    2.00062800e+01   -1.54434900e+00
    1.75741500e+01    1.40959600e+00
    3.74298500e+00    1.00934900e+00
3  1
    2.00062800e+01   -7.56848000e-01
    1.75741500e+01    1.11209000e+00
    3.74298500e+00    7.36802000e-01
3  0
    3.55478800e+00   -3.79387000e-01
    1.17899200e+00    4.23285000e-01
    4.44697000e-01    8.14068000e-01
3  1
    3.55478800e+00    2.59900000e-03
    1.17899200e+00    4.59976000e-01
    4.44697000e-01    6.05849000e-01
2  0
    5.05049000e-01   -3.29512000e-01
    6.21160000e-02    1.12070900e+00
2  1
    5.05049000e-01   -1.24900000e-03
    6.21160000e-02    1.00038400e+00
1  0
    2.55800000e-02    1.00000000e+00
1  1
    2.55800000e-02    1.00000000e+00
3  2
    5.47232300e+01    1.34824000e-01
    1.47741600e+01    5.00554000e-01
    4.35896100e+00    5.78782000e-01
2  2
    1.86284200e+00    2.85032000e-01
    6.43313000e-01    7.97207000e-01
1  2
    1.99395000e-01    1.00000000e+00
