23
13  0
    5.67524000e+03    6.00000000e-06
    8.63134000e+02    4.60000000e-05
    1.90340000e+02    1.98000000e-04
    2.69090000e+01    7.05700000e-03
    1.68039000e+01   -5.30490000e-02
    1.04957000e+01    1.57792000e-01
    3.93168000e+00   -3.57707000e-01
    2.40653000e+00   -2.83048000e-01
    1.05628000e+00    4.62419000e-01
    5.71027000e-01    6.39100000e-01
    2.95858000e-01    2.41836000e-01
    1.04325000e-01    1.36140000e-02
    4.85630000e-02   -7.28000000e-04
13  0
    5.67524000e+03   -2.00000000e-06
    8.63134000e+02   -1.50000000e-05
    1.90340000e+02   -6.80000000e-05
    2.69090000e+01   -2.13500000e-03
    1.68039000e+01    1.64650000e-02
    1.04957000e+01   -5.08100000e-02
    3.93168000e+00    1.29395000e-01
    2.40653000e+00    8.58250000e-02
    1.05628000e+00   -1.80265000e-01
    5.71027000e-01   -3.25804000e-01
    2.95858000e-01   -2.27307000e-01
    1.04325000e-01    3.45695000e-01
    4.85630000e-02    6.58242000e-01
13  0
    5.67524000e+03   -3.00000000e-06
    8.63134000e+02   -4.00000000e-05
    1.90340000e+02   -7.10000000e-05
    2.69090000e+01   -7.20400000e-03
    1.68039000e+01    4.29900000e-02
    1.04957000e+01   -1.14128000e-01
    3.93168000e+00    3.10106000e-01
    2.40653000e+00    6.89160000e-02
    1.05628000e+00   -2.13711000e-01
    5.71027000e-01   -1.43038600e+00
    2.95858000e-01    8.78770000e-01
    1.04325000e-01    1.89053500e+00
    4.85630000e-02   -1.24503500e+00
13  0
    5.67524000e+03   -6.00000000e-06
    8.63134000e+02   -5.10000000e-05
    1.90340000e+02   -1.69000000e-04
    2.69090000e+01   -7.77400000e-03
    1.68039000e+01    5.27550000e-02
    1.04957000e+01   -1.56338000e-01
    3.93168000e+00    4.51591000e-01
    2.40653000e+00    2.38423000e-01
    1.05628000e+00   -1.12510000e+00
    5.71027000e-01   -2.01042700e+00
    2.95858000e-01    4.31809800e+00
    1.04325000e-01   -2.31943500e+00
    4.85630000e-02   -6.48126000e-01
13  0
    5.67524000e+03   -1.60000000e-05
    8.63134000e+02    5.80000000e-05
    1.90340000e+02   -8.91000000e-04
    2.69090000e+01    2.73980000e-02
    1.68039000e+01   -7.69940000e-02
    1.04957000e+01    1.79110000e-02
    3.93168000e+00   -2.05690000e-02
    2.40653000e+00    1.48476900e+00
    1.05628000e+00   -5.29936400e+00
    5.71027000e-01    5.07972700e+00
    2.95858000e-01   -1.39520000e-02
    1.04325000e-01   -4.71724600e+00
    4.85630000e-02    6.04305300e+00
1  0
    2.23560000e-02    1.00000000e+00
10  1
    1.22614000e+02    8.90000000e-05
    8.60176000e+00    4.31890000e-02
    5.37567000e+00   -1.25690000e-01
    2.87326000e+00   -9.84530000e-02
    1.43148000e+00    2.61653000e-01
    7.58542000e-01    4.68437000e-01
    3.98333000e-01    3.43118000e-01
    2.00552000e-01    1.01539000e-01
    9.42630000e-02    7.77500000e-03
    4.39730000e-02    1.46800000e-03
10  1
    1.22614000e+02   -2.90000000e-05
    8.60176000e+00   -1.32920000e-02
    5.37567000e+00    4.02610000e-02
    2.87326000e+00    2.78420000e-02
    1.43148000e+00   -9.00280000e-02
    7.58542000e-01   -1.74055000e-01
    3.98333000e-01   -1.57640000e-01
    2.00552000e-01    8.13280000e-02
    9.42630000e-02    4.34134000e-01
    4.39730000e-02    4.92995000e-01
10  1
    1.22614000e+02   -4.20000000e-05
    8.60176000e+00   -1.86700000e-02
    5.37567000e+00    5.62710000e-02
    2.87326000e+00    4.12580000e-02
    1.43148000e+00   -1.30357000e-01
    7.58542000e-01   -2.42489000e-01
    3.98333000e-01   -2.52043000e-01
    2.00552000e-01    2.22245000e-01
    9.42630000e-02    6.87333000e-01
    4.39730000e-02    2.79388000e-01
10  1
    1.22614000e+02   -7.20000000e-05
    8.60176000e+00   -3.53270000e-02
    5.37567000e+00    1.07343000e-01
    2.87326000e+00    7.81030000e-02
    1.43148000e+00   -2.48330000e-01
    7.58542000e-01   -7.74240000e-01
    3.98333000e-01    1.20477000e-01
    2.00552000e-01    1.51435900e+00
    9.42630000e-02   -4.18884000e-01
    4.39730000e-02   -7.17652000e-01
10  1
    1.22614000e+02   -1.01000000e-04
    8.60176000e+00   -5.57630000e-02
    5.37567000e+00    1.71468000e-01
    2.87326000e+00    1.54689000e-01
    1.43148000e+00   -7.22825000e-01
    7.58542000e-01   -1.27657900e+00
    3.98333000e-01    2.97682000e+00
    2.00552000e-01   -1.05411200e+00
    9.42630000e-02   -1.46000300e+00
    4.39730000e-02    1.33065800e+00
1  1
    2.02460000e-02    1.00000000e+00
9  2
    4.86431000e+01    1.60000000e-04
    1.35835000e+01    1.51300000e-03
    5.39453000e+00   -9.13300000e-03
    1.86300000e+00    6.38690000e-02
    1.00792000e+00    1.89379000e-01
    5.19820000e-01    2.87748000e-01
    2.59455000e-01    3.15261000e-01
    1.25590000e-01    2.60876000e-01
    5.89320000e-02    1.41558000e-01
9  2
    4.86431000e+01   -1.99000000e-04
    1.35835000e+01   -1.62700000e-03
    5.39453000e+00    1.00510000e-02
    1.86300000e+00   -8.17780000e-02
    1.00792000e+00   -2.31816000e-01
    5.19820000e-01   -3.43163000e-01
    2.59455000e-01   -1.31605000e-01
    1.25590000e-01    3.30901000e-01
    5.89320000e-02    5.07460000e-01
9  2
    4.86431000e+01    3.11000000e-04
    1.35835000e+01    2.09700000e-03
    5.39453000e+00   -1.35190000e-02
    1.86300000e+00    1.37245000e-01
    1.00792000e+00    3.79726000e-01
    5.19820000e-01    3.32272000e-01
    2.59455000e-01   -5.60985000e-01
    1.25590000e-01   -6.44388000e-01
    5.89320000e-02    4.85165000e-01
9  2
    4.86431000e+01   -4.68000000e-04
    1.35835000e+01   -2.80500000e-03
    5.39453000e+00    1.99580000e-02
    1.86300000e+00   -2.20275000e-01
    1.00792000e+00   -7.53193000e-01
    5.19820000e-01    4.52248000e-01
    2.59455000e-01    1.19057200e+00
    1.25590000e-01   -1.23017700e+00
    5.89320000e-02   -2.15939000e-01
1  2
    2.62290000e-02    1.00000000e+00
1  3
    1.36010000e+00    1.00000000e+00
1  3
    4.29100000e-01    1.00000000e+00
1  3
    1.35400000e-01    1.00000000e+00
1  4
    8.16900000e-01    1.00000000e+00
1  4
    2.49000000e-01    1.00000000e+00
1  5
    5.01000000e-01    1.00000000e+00
