16
2  0
    1.10000000e+01   -1.90755953e-01
    9.50000000e+00    3.38955888e-01
1  0
    3.63836678e+00    1.00000000e+00
1  0
    7.68220267e-01    1.00000000e+00
1  0
    3.40368240e-01    1.00000000e+00
1  0
    7.52612981e-02    1.00000000e+00
1  0
    3.01314047e-02    1.00000000e+00
4  1
    8.60663055e+00    4.04042602e-02
    4.44009800e+00   -2.11877452e-01
    1.12810269e+00    4.91642669e-01
    5.43460763e-01    5.73033707e-01
1  1
    2.50224060e-01    1.00000000e+00
1  1
    8.50000000e-02    1.00000000e+00
1  1
    2.90000000e-02    1.00000000e+00
3  2
    4.55679578e+00   -9.61905690e-03
    1.29049398e+00    2.05699902e-01
    5.16469872e-01    4.18313819e-01
1  2
    1.93497978e-01    1.00000000e+00
1  2
    6.73098100e-02    1.00000000e+00
1  3
    6.53220000e-01    1.00000000e+00
1  3
    1.82930000e-01    1.00000000e+00
1  4
    2.89890000e-01    1.00000000e+00
