20
1  0
    1.38375000e+05    1.00000000e+00
1  0
    2.30620000e+04    1.00000000e+00
1  0
    4.61200000e+03    1.00000000e+00
1  0
    9.22000000e+02    1.00000000e+00
1  0
    1.84000000e+02    1.00000000e+00
1  0
    4.42000000e+01    1.00000000e+00
1  1
    4.42000000e+01    1.00000000e+00
1  0
    7.38000000e+00    1.00000000e+00
1  1
    7.38000000e+00    1.00000000e+00
1  0
    1.48000000e+00    1.00000000e+00
1  1
    1.48000000e+00    1.00000000e+00
1  0
    2.95000000e-01    1.00000000e+00
1  1
    2.95000000e-01    1.00000000e+00
1  0
    5.90000000e-02    1.00000000e+00
1  1
    5.90000000e-02    1.00000000e+00
1  2
    4.42000000e+01    1.00000000e+00
1  2
    7.38000000e+00    1.00000000e+00
1  2
    1.48000000e+00    1.00000000e+00
1  2
    2.95000000e-01    1.00000000e+00
1  2
    5.90000000e-02    1.00000000e+00
