Zr nelec 28
Zr ul
2      1.0000000              0.0000000        
Zr S
2      8.63652800           150.24299400       
2      3.71763900            18.78003600       
Zr P
2      7.62672800            33.19279100       
2      7.45320700            66.38903900       
2      3.35838900             4.62072600       
2      3.22973800             9.26027000       
Zr D
2      5.93808600            13.99338300       
2      5.82554400            20.99588200       
2      2.20501900             2.28516600       
2      2.20629200             3.44126000       
Zr F
2      4.80021500            -5.23932000       
2      4.79899200            -6.98742400       
