11
3  0
    3.43534868e+03    1.54328967e-01
    6.25753050e+02    5.35328142e-01
    1.69353196e+02    4.44634542e-01
3  0
    2.93783029e+02   -9.99672292e-02
    6.82688580e+01    3.99512826e-01
    2.22031514e+01    7.00115469e-01
3  1
    2.93783029e+02    1.55916275e-01
    6.82688580e+01    6.07683719e-01
    2.22031514e+01    3.91957393e-01
3  0
    3.07329310e+01   -2.27763502e-01
    9.37452354e+00    2.17543604e-01
    3.61698262e+00    9.16676961e-01
3  1
    3.07329310e+01    4.95151110e-03
    9.37452354e+00    5.77766469e-01
    3.61698262e+00    4.84646037e-01
3  0
    2.82760781e+00   -3.30610063e-01
    1.10105583e+00    5.76109533e-02
    4.84687486e-01    1.15578745e+00
3  1
    2.82760781e+00   -1.28392763e-01
    1.10105583e+00    5.85204764e-01
    4.84687486e-01    5.43944204e-01
3  0
    8.87830189e-01   -3.84264261e-01
    3.45716474e-01   -1.97256744e-01
    1.52185243e-01    1.37549551e+00
3  1
    8.87830189e-01   -3.48169153e-01
    3.45716474e-01    6.29032369e-01
    1.52185243e-01    6.66283274e-01
3  2
    3.07329310e+01    2.19767951e-01
    9.37452354e+00    6.55547363e-01
    3.61698262e+00    2.86573259e-01
3  2
    4.86993992e-01    1.25066214e-01
    2.62216157e-01    6.68678558e-01
    1.15825488e-01    3.05246825e-01
