23
4  0
    3.19496472e+01    1.95674000e-02
    1.13910710e+01   -5.82989600e-01
    6.70062980e+00    2.54365900e+00
    3.94154680e+00   -3.33358600e+00
1  0
    2.28412350e+00    1.00000000e+00
1  0
    1.39815760e+00    1.00000000e+00
1  0
    8.22445600e-01    1.00000000e+00
1  0
    4.58009600e-01    1.00000000e+00
1  0
    1.71612000e-01    1.00000000e+00
1  0
    9.84717000e-02    1.00000000e+00
1  0
    5.79245000e-02    1.00000000e+00
1  1
    4.14035110e+00    1.00000000e+00
1  1
    1.81658990e+00    1.00000000e+00
1  1
    7.88572600e-01    1.00000000e+00
1  1
    3.40148900e-01    1.00000000e+00
1  1
    1.46413500e-01    1.00000000e+00
1  2
    2.33407370e+00    1.00000000e+00
1  2
    1.04366090e+00    1.00000000e+00
1  2
    4.60109700e-01    1.00000000e+00
1  2
    2.01149500e-01    1.00000000e+00
1  2
    8.76937000e-02    1.00000000e+00
2  3
    1.38137320e+00   -1.93482000e-02
    4.57262500e-01    9.61680000e-03
1  3
    1.53699000e-01    1.00000000e+00
1  4
    1.70412130e+00    1.00000000e+00
1  4
    6.94266900e-01    1.00000000e+00
1  4
    2.81079700e-01    1.00000000e+00
