23 
20    0 
3269000.0000000     2.1396200E-06    
489400.0000000     1.6626400E-05    
111400.0000000     8.7516800E-05    
 31560.0000000     3.6899000E-04    
 10320.0000000     1.3390300E-03    
  3731.0000000     4.3563600E-03    
  1456.0000000     1.2895500E-02    
   604.1000000     3.4820100E-02    
   263.5000000     8.4353000E-02    
   119.8000000     1.7590700E-01    
    56.3200000     2.9209100E-01    
    27.1900000     3.2822000E-01    
    13.2600000     1.8692700E-01    
     6.0520000     3.1043000E-02    
     2.9810000    -5.0892200E-04    
     1.4760000     1.4883600E-03    
     0.7334000    -2.7824100E-04    
     0.2447000     1.1875200E-04    
     0.1088000    -6.6150000E-05    
     0.0467200     1.7595400E-05    
20    0 
3269000.0000000    -5.5602600E-07    
489400.0000000    -4.3230300E-06    
111400.0000000    -2.2741300E-05    
 31560.0000000    -9.6011600E-05    
 10320.0000000    -3.4837600E-04    
  3731.0000000    -1.1383600E-03    
  1456.0000000    -3.3874400E-03    
   604.1000000    -9.3150500E-03    
   263.5000000    -2.3302300E-02    
   119.8000000    -5.2348600E-02    
    56.3200000    -9.9949900E-02    
    27.1900000    -1.5056000E-01    
    13.2600000    -1.1912100E-01    
     6.0520000     1.0809100E-01    
     2.9810000     4.1112900E-01    
     1.4760000     4.5721400E-01    
     0.7334000     1.7593800E-01    
     0.2447000     7.7061000E-03    
     0.1088000    -1.6616800E-03    
     0.0467200     4.4534700E-04    
20    0 
3269000.0000000     1.2842300E-07    
489400.0000000     9.9751400E-07    
111400.0000000     5.2548000E-06    
 31560.0000000     2.2145000E-05    
 10320.0000000     8.0546400E-05    
  3731.0000000     2.6250600E-04    
  1456.0000000     7.8422000E-04    
   604.1000000     2.1503900E-03    
   263.5000000     5.4197400E-03    
   119.8000000     1.2168600E-02    
    56.3200000     2.3682300E-02    
    27.1900000     3.6093700E-02    
    13.2600000     3.0328400E-02    
     6.0520000    -3.0903400E-02    
     2.9810000    -1.1912600E-01    
     1.4760000    -2.1114500E-01    
     0.7334000    -1.5794400E-01    
     0.2447000     3.3903800E-01    
     0.1088000     6.1309700E-01    
     0.0467200     2.3516800E-01    
 1    0 
     0.7334000     1.0000000E+00    
 1    0 
     0.2447000     1.0000000E+00    
 1    0 
     0.1088000     1.0000000E+00    
 1    0 
     0.0467200     1.0000000E+00    
12    1 
  1461.0000000     2.0861300E-04    
   346.2000000     1.8100500E-03    
   112.2000000     9.7343300E-03    
    42.5100000     3.7826600E-02    
    17.7200000     1.1089800E-01    
     7.8520000     2.3429500E-01    
     3.5710000     3.4524500E-01    
     1.6370000     3.3143000E-01    
     0.7382000     1.4706400E-01    
     0.2577000     1.2141100E-02    
     0.0977300    -8.7163900E-04    
     0.0369000     4.3795700E-04    
12    1 
  1461.0000000    -3.7194700E-05    
   346.2000000    -3.2856300E-04    
   112.2000000    -1.7426400E-03    
    42.5100000    -6.9482800E-03    
    17.7200000    -2.0280700E-02    
     7.8520000    -4.4865700E-02    
     3.5710000    -6.4327800E-02    
     1.6370000    -7.5266600E-02    
     0.7382000     6.1600800E-04    
     0.2577000     2.8781900E-01    
     0.0977300     5.4303000E-01    
     0.0369000     3.0186500E-01    
 1    1 
     0.7382000     1.0000000E+00    
 1    1 
     0.2577000     1.0000000E+00    
 1    1 
     0.0977300     1.0000000E+00    
 1    1 
     0.0369000     1.0000000E+00    
 1    2 
     1.3170000     1.0000000E+00    
 1    2 
     0.5260000     1.0000000E+00    
 1    2 
     0.2100000     1.0000000E+00    
 1    2 
     0.0840000     1.0000000E+00    
 1    3 
     0.1300000     1.0000000E+00    
 1    3 
     0.2580000     1.0000000E+00    
 1    3 
     0.5130000     1.0000000E+00    
 1    4 
     0.2520000     1.0000000E+00    
 1    4 
     0.5430000     1.0000000E+00    
 1    5 
     0.4460000     1.0000000E+00    
