21 
14    0 
 68260.0000000     2.4000000E-05    
 10230.0000000     1.8500000E-04    
  2328.0000000     9.7000000E-04    
   660.4000000     4.0560000E-03    
   216.2000000     1.4399000E-02    
    78.6000000     4.3901000E-02    
    30.9800000     1.1305700E-01    
    12.9600000     2.3382500E-01    
     5.6590000     3.5396000E-01    
     2.5560000     3.0154700E-01    
     1.1750000     8.7521000E-02    
     0.4249000     2.8190000E-03    
     0.1712000     4.3000000E-05    
     0.0691300     7.8000000E-05    
14    0 
 68260.0000000    -5.0000000E-06    
 10230.0000000    -3.7000000E-05    
  2328.0000000    -1.9600000E-04    
   660.4000000    -8.2400000E-04    
   216.2000000    -2.9230000E-03    
    78.6000000    -9.1380000E-03    
    30.9800000    -2.4105000E-02    
    12.9600000    -5.4755000E-02    
     5.6590000    -9.6943000E-02    
     2.5560000    -1.3748500E-01    
     1.1750000    -4.4565000E-02    
     0.4249000     3.2434500E-01    
     0.1712000     5.7041400E-01    
     0.0691300     2.4344400E-01    
 1    0 
     1.1750000     1.0000000E+00    
 1    0 
     0.4249000     1.0000000E+00    
 1    0 
     0.1712000     1.0000000E+00    
 1    0 
     0.0691300     1.0000000E+00    
 8    1 
    66.4400000     8.3800000E-04    
    15.7100000     6.4090000E-03    
     4.9360000     2.8081000E-02    
     1.7700000     9.2152000E-02    
     0.7008000     2.2416400E-01    
     0.2901000     3.6991500E-01    
     0.1211000     3.7444100E-01    
     0.0497300     1.3908600E-01    
 1    1 
     0.7008000     1.0000000E+00    
 1    1 
     0.2901000     1.0000000E+00    
 1    1 
     0.1211000     1.0000000E+00    
 1    1 
     0.0497300     1.0000000E+00    
 1    2 
     2.0100000     1.0000000E+00    
 1    2 
     0.7960000     1.0000000E+00    
 1    2 
     0.3160000     1.0000000E+00    
 1    2 
     0.1250000     1.0000000E+00    
 1    3 
     1.2150000     1.0000000E+00    
 1    3 
     0.5250000     1.0000000E+00    
 1    3 
     0.2270000     1.0000000E+00    
 1    4 
     1.1240000     1.0000000E+00    
 1    4 
     0.4610000     1.0000000E+00    
 1    5 
     0.8340000     1.0000000E+00    
