28 
16    0 
210400.0000000     5.8300000E-06    
 31500.0000000     4.5320000E-05    
  7169.0000000     2.3838000E-04    
  2030.0000000     1.0057000E-03    
   662.5000000     3.6449600E-03    
   239.2000000     1.1736280E-02    
    93.2600000     3.3807020E-02    
    38.6400000     8.5565930E-02    
    16.7800000     1.8260322E-01    
     7.5410000     3.0583760E-01    
     3.4820000     3.4080347E-01    
     1.6180000     1.7535036E-01    
     0.6270000     1.7218340E-02    
     0.2934000    -2.3197700E-03    
     0.1310000     1.0174800E-03    
     0.0581500    -1.8483000E-04    
16    0 
210400.0000000    -1.1800000E-06    
 31500.0000000    -9.1500000E-06    
  7169.0000000    -4.8190000E-05    
  2030.0000000    -2.0306000E-04    
   662.5000000    -7.3917000E-04    
   239.2000000    -2.3860300E-03    
    93.2600000    -6.9865400E-03    
    38.6400000    -1.8115940E-02    
    16.7800000    -4.1231290E-02    
     7.5410000    -7.7813530E-02    
     3.4820000    -1.2123181E-01    
     1.6180000    -1.0843020E-01    
     0.6270000     1.1016510E-01    
     0.2934000     4.1921850E-01    
     0.1310000     4.7252922E-01    
     0.0581500     1.4294499E-01    
 1    0 
     1.6180000     1.0000000E+00    
 1    0 
     0.6270000     1.0000000E+00    
 1    0 
     0.2934000     1.0000000E+00    
 1    0 
     0.1310000     1.0000000E+00    
 1    0 
     0.0581500     1.0000000E+00    
10    1 
   192.5000000     1.3490000E-04    
    45.6400000     1.1474100E-03    
    14.7500000     5.8479300E-03    
     5.5030000     2.1170910E-02    
     2.2220000     6.2668720E-02    
     0.9590000     1.5302764E-01    
     0.4314000     2.7797889E-01    
     0.1969000     3.5888912E-01    
     0.0903300     2.7950147E-01    
     0.0406600     7.5326470E-02    
 1    1 
     0.9590000     1.0000000E+00    
 1    1 
     0.4314000     1.0000000E+00    
 1    1 
     0.1969000     1.0000000E+00    
 1    1 
     0.0903300     1.0000000E+00    
 1    1 
     0.0406600     1.0000000E+00    
 1    2 
     2.8860000     1.0000000E+00    
 1    2 
     1.2670000     1.0000000E+00    
 1    2 
     0.5560000     1.0000000E+00    
 1    2 
     0.2440000     1.0000000E+00    
 1    2 
     0.1070000     1.0000000E+00    
 1    3 
     1.6510000     1.0000000E+00    
 1    3 
     0.8002000     1.0000000E+00    
 1    3 
     0.3878000     1.0000000E+00    
 1    3 
     0.1880000     1.0000000E+00    
 1    4 
     1.6469000     1.0000000E+00    
 1    4 
     0.7889000     1.0000000E+00    
 1    4 
     0.3779000     1.0000000E+00    
 1    5 
     1.3120000     1.0000000E+00    
 1    5 
     0.5806000     1.0000000E+00    
 1    6 
     0.9847000     1.0000000E+00    
