17 
12    0 
 14630.0000000     9.2000000E-05    
  2191.0000000     7.1300000E-04    
   498.2000000     3.7350000E-03    
   140.9000000     1.5468000E-02    
    45.8600000     5.2874000E-02    
    16.4700000     1.4569400E-01    
     6.3190000     3.0268100E-01    
     2.5350000     4.0493600E-01    
     1.0350000     2.2238700E-01    
     0.2528000     1.2912000E-02    
     0.1052000    -4.6480000E-03    
     0.0426100     1.2280000E-03    
12    0 
 14630.0000000    -1.7000000E-05    
  2191.0000000    -1.3000000E-04    
   498.2000000    -6.7900000E-04    
   140.9000000    -2.8570000E-03    
    45.8600000    -9.8130000E-03    
    16.4700000    -2.8609000E-02    
     6.3190000    -6.3760000E-02    
     2.5350000    -1.1723100E-01    
     1.0350000    -1.2120200E-01    
     0.2528000     2.5322900E-01    
     0.1052000     5.8183700E-01    
     0.0426100     2.9195400E-01    
 1    0 
     0.2528000     1.0000000E+00    
 1    0 
     0.1052000     1.0000000E+00    
 1    0 
     0.0426100     1.0000000E+00    
 1    0 
     0.0143900     1.0000000E+00    
 6    1 
    14.0300000     4.0990000E-03    
     3.1680000     2.5626000E-02    
     0.9024000     1.0376800E-01    
     0.3036000     3.1154700E-01    
     0.1130000     4.9812800E-01    
     0.0428600     2.5887600E-01    
 1    1 
     0.3036000     1.0000000E+00    
 1    1 
     0.1130000     1.0000000E+00    
 1    1 
     0.0428600     1.0000000E+00    
 1    1 
     0.0065000     1.0000000E+00    
 1    2 
     1.0720000     1.0000000E+00    
 1    2 
     0.4410000     1.0000000E+00    
 1    2 
     0.1811000     1.0000000E+00    
 1    3 
     0.4810000     1.0000000E+00    
 1    3 
     0.2550000     1.0000000E+00    
 1    4 
     0.4150000     1.0000000E+00    
