27 
14    0 
 96770.0000000     2.5000000E-05    
 14500.0000000     1.9000000E-04    
  3300.0000000     1.0000000E-03    
   935.8000000     4.1830000E-03    
   306.2000000     1.4859000E-02    
   111.3000000     4.5301000E-02    
    43.9000000     1.1650400E-01    
    18.4000000     2.4024900E-01    
     8.0540000     3.5879900E-01    
     3.6370000     2.9394100E-01    
     1.6560000     7.7665000E-02    
     0.6333000     2.3330000E-03    
     0.2545000     5.0500000E-04    
     0.1019000     3.0000000E-05    
14    0 
 96770.0000000    -5.0000000E-06    
 14500.0000000    -4.1000000E-05    
  3300.0000000    -2.1300000E-04    
   935.8000000    -8.9700000E-04    
   306.2000000    -3.1870000E-03    
   111.3000000    -9.9610000E-03    
    43.9000000    -2.6375000E-02    
    18.4000000    -6.0001000E-02    
     8.0540000    -1.0682500E-01    
     3.6370000    -1.4416600E-01    
     1.6560000    -2.4644200E-02    
     0.6333000     3.4900900E-01    
     0.2545000     5.5873700E-01    
     0.1019000     2.2810200E-01    
 1    0 
     1.6560000     1.0000000E+00    
 1    0 
     0.6333000     1.0000000E+00    
 1    0 
     0.2545000     1.0000000E+00    
 1    0 
     0.1019000     1.0000000E+00    
 1    0 
     0.0394000     1.0000000E+00    
 8    1 
   101.8000000     8.9100000E-04    
    24.0400000     6.9760000E-03    
     7.5710000     3.1669000E-02    
     2.7320000     1.0400600E-01    
     1.0850000     2.4163300E-01    
     0.4496000     3.7194600E-01    
     0.1876000     3.5420000E-01    
     0.0760600     1.3156800E-01    
 1    1 
     1.0850000     1.0000000E+00    
 1    1 
     0.4496000     1.0000000E+00    
 1    1 
     0.1876000     1.0000000E+00    
 1    1 
     0.0760600     1.0000000E+00    
 1    1 
     0.0272000     1.0000000E+00    
 1    2 
     3.1340000     1.0000000E+00    
 1    2 
     1.2330000     1.0000000E+00    
 1    2 
     0.4850000     1.0000000E+00    
 1    2 
     0.1910000     1.0000000E+00    
 1    2 
     0.0701000     1.0000000E+00    
 1    3 
     2.0060000     1.0000000E+00    
 1    3 
     0.8380000     1.0000000E+00    
 1    3 
     0.3500000     1.0000000E+00    
 1    3 
     0.1380000     1.0000000E+00    
 1    4 
     1.7530000     1.0000000E+00    
 1    4 
     0.6780000     1.0000000E+00    
 1    4 
     0.3190000     1.0000000E+00    
 1    5 
     1.2590000     1.0000000E+00    
 1    5 
     0.5860000     1.0000000E+00    
