20 
12    0 
 33980.0000000     9.1000000E-05    
  5089.0000000     7.0400000E-04    
  1157.0000000     3.6930000E-03    
   326.6000000     1.5360000E-02    
   106.1000000     5.2929000E-02    
    38.1100000     1.4704300E-01    
    14.7500000     3.0563100E-01    
     6.0350000     3.9934500E-01    
     2.5300000     2.1705100E-01    
     0.7355000     1.5894000E-02    
     0.2905000    -3.0840000E-03    
     0.1111000     9.7800000E-04    
12    0 
 33980.0000000    -1.9000000E-05    
  5089.0000000    -1.5100000E-04    
  1157.0000000    -7.8500000E-04    
   326.6000000    -3.3240000E-03    
   106.1000000    -1.1512000E-02    
    38.1100000    -3.4160000E-02    
    14.7500000    -7.7173000E-02    
     6.0350000    -1.4149300E-01    
     2.5300000    -1.1801900E-01    
     0.7355000     2.7380600E-01    
     0.2905000     5.8651000E-01    
     0.1111000     2.8543000E-01    
 1    0 
     0.7355000     1.0000000E+00    
 1    0 
     0.2905000     1.0000000E+00    
 1    0 
     0.1111000     1.0000000E+00    
 1    0 
     0.0414500     1.0000000E+00    
 6    1 
    34.5100000     5.3780000E-03    
     7.9150000     3.6132000E-02    
     2.3680000     1.4249300E-01    
     0.8132000     3.4215000E-01    
     0.2890000     4.6386400E-01    
     0.1007000     2.5002800E-01    
 1    1 
     0.8132000     1.0000000E+00    
 1    1 
     0.2890000     1.0000000E+00    
 1    1 
     0.1007000     1.0000000E+00    
 1    1 
     0.0321800     1.0000000E+00    
 1    2 
     1.8480000     1.0000000E+00    
 1    2 
     0.6490000     1.0000000E+00    
 1    2 
     0.2280000     1.0000000E+00    
 1    2 
     0.0766000     1.0000000E+00    
 1    3 
     1.4190000     1.0000000E+00    
 1    3 
     0.4850000     1.0000000E+00    
 1    3 
     0.1870000     1.0000000E+00    
 1    4 
     1.0110000     1.0000000E+00    
 1    4 
     0.4240000     1.0000000E+00    
