28 
16    0 
312100.0000000     5.6700000E-06    
 46740.0000000     4.4100000E-05    
 10640.0000000     2.3190000E-04    
  3013.0000000     9.7897000E-04    
   982.8000000     3.5516300E-03    
   354.8000000     1.1440610E-02    
   138.4000000     3.2998550E-02    
    57.3500000     8.4053470E-02    
    24.9200000     1.8067613E-01    
    11.2300000     3.0491140E-01    
     5.2010000     3.4141570E-01    
     2.4260000     1.7717867E-01    
     0.9673000     1.8922270E-02    
     0.4456000    -1.7112100E-03    
     0.1971000     1.0357800E-03    
     0.0863500    -1.5204000E-04    
16    0 
312100.0000000    -1.2100000E-06    
 46740.0000000    -9.3900000E-06    
 10640.0000000    -4.9470000E-05    
  3013.0000000    -2.0857000E-04    
   982.8000000    -7.6015000E-04    
   354.8000000    -2.4546900E-03    
   138.4000000    -7.2015300E-03    
    57.3500000    -1.8807420E-02    
    24.9200000    -4.3250010E-02    
    11.2300000    -8.2597330E-02    
     5.2010000    -1.2857592E-01    
     2.4260000    -1.0760284E-01    
     0.9673000     1.2407734E-01    
     0.4456000     4.2851768E-01    
     0.1971000     4.6123320E-01    
     0.0863500     1.3761657E-01    
 1    0 
     2.4260000     1.0000000E+00    
 1    0 
     0.9673000     1.0000000E+00    
 1    0 
     0.4456000     1.0000000E+00    
 1    0 
     0.1971000     1.0000000E+00    
 1    0 
     0.0863500     1.0000000E+00    
10    1 
   295.2000000     1.4249000E-04    
    69.9800000     1.2201000E-03    
    22.6400000     6.3369600E-03    
     8.4850000     2.3518750E-02    
     3.4590000     6.9904470E-02    
     1.5040000     1.6546049E-01    
     0.6783000     2.8710436E-01    
     0.3087000     3.5280269E-01    
     0.1400000     2.6533663E-01    
     0.0617800     7.1733610E-02    
 1    1 
     1.5040000     1.0000000E+00    
 1    1 
     0.6783000     1.0000000E+00    
 1    1 
     0.3087000     1.0000000E+00    
 1    1 
     0.1400000     1.0000000E+00    
 1    1 
     0.0617800     1.0000000E+00    
 1    2 
     4.5420000     1.0000000E+00    
 1    2 
     1.9790000     1.0000000E+00    
 1    2 
     0.8621000     1.0000000E+00    
 1    2 
     0.3756000     1.0000000E+00    
 1    2 
     0.1636000     1.0000000E+00    
 1    3 
     2.6310000     1.0000000E+00    
 1    3 
     1.2550000     1.0000000E+00    
 1    3 
     0.5988000     1.0000000E+00    
 1    3 
     0.2857000     1.0000000E+00    
 1    4 
     2.6520000     1.0000000E+00    
 1    4 
     1.2040000     1.0000000E+00    
 1    4 
     0.5470000     1.0000000E+00    
 1    5 
     2.0300000     1.0000000E+00    
 1    5 
     0.8511000     1.0000000E+00    
 1    6 
     1.4910000     1.0000000E+00    
