12 
15    0 
456100.0000000     4.9297000E-05    
 68330.0000000     3.8302900E-04    
 15550.0000000     2.0085400E-03    
  4405.0000000     8.3855800E-03    
  1439.0000000     2.9470300E-02    
   520.4000000     8.7832500E-02    
   203.1000000     2.1147300E-01    
    83.9600000     3.6536400E-01    
    36.2000000     3.4088400E-01    
    15.8300000     1.0213300E-01    
     6.3340000     3.1167500E-03    
     2.6940000     1.0575100E-03    
     0.9768000    -3.7800000E-04    
     0.4313000     1.5613600E-04    
     0.1625000    -5.1412600E-05    
15    0 
456100.0000000    -1.3830400E-05    
 68330.0000000    -1.0727900E-04    
 15550.0000000    -5.6508300E-04    
  4405.0000000    -2.3613500E-03    
  1439.0000000    -8.4588600E-03    
   520.4000000    -2.5963800E-02    
   203.1000000    -6.8636200E-02    
    83.9600000    -1.4187400E-01    
    36.2000000    -1.9931900E-01    
    15.8300000    -1.9566200E-02    
     6.3340000     4.9974100E-01    
     2.6940000     5.6373600E-01    
     0.9768000     7.9032500E-02    
     0.4313000    -8.3509100E-03    
     0.1625000     2.3245600E-03    
15    0 
456100.0000000     4.1854600E-06    
 68330.0000000     3.2439500E-05    
 15550.0000000     1.7110500E-04    
  4405.0000000     7.1417600E-04    
  1439.0000000     2.5670500E-03    
   520.4000000     7.8855200E-03    
   203.1000000     2.1086700E-02    
    83.9600000     4.4226400E-02    
    36.2000000     6.5167000E-02    
    15.8300000     6.0301200E-03    
     6.3340000    -2.0649500E-01    
     2.6940000    -4.0587100E-01    
     0.9768000     7.5955800E-02    
     0.4313000     7.2566100E-01    
     0.1625000     3.9442300E-01    
 1    0 
     0.9768000     1.0000000E+00    
 1    0 
     0.1625000     1.0000000E+00    
 9    1 
   663.3000000     2.4044800E-03    
   156.8000000     1.9214800E-02    
    49.9800000     8.8509700E-02    
    18.4200000     2.5602000E-01    
     7.2400000     4.3692700E-01    
     2.9220000     3.5033400E-01    
     1.0220000     5.8549500E-02    
     0.3818000    -4.5842300E-03    
     0.1301000     2.2697000E-03    
 9    1 
   663.3000000    -6.5214500E-04    
   156.8000000    -5.1944500E-03    
    49.9800000    -2.4693800E-02    
    18.4200000    -7.2816700E-02    
     7.2400000    -1.3403000E-01    
     2.9220000    -9.4774200E-02    
     1.0220000     2.6228900E-01    
     0.3818000     5.6466700E-01    
     0.1301000     3.4125000E-01    
 1    1 
     1.0220000     1.0000000E+00    
 1    1 
     0.1301000     1.0000000E+00    
 1    2 
     1.0460000     1.0000000E+00    
 1    2 
     0.3440000     1.0000000E+00    
 1    3 
     0.7060000     1.0000000E+00    
