23 
20    0 
6410000.0000000     1.8135000E-06    
959600.0000000     1.4111800E-05    
218300.0000000     7.4240600E-05    
 61810.0000000     3.1413100E-04    
 20140.0000000     1.1464200E-03    
  7264.0000000     3.7388800E-03    
  2832.0000000     1.1094600E-02    
  1175.0000000     3.0115200E-02    
   512.6000000     7.3914500E-02    
   233.0000000     1.5825800E-01    
   109.5000000     2.7475300E-01    
    52.8600000     3.3406600E-01    
    25.8400000     2.1758900E-01    
    12.1700000     4.5727800E-02    
     6.0300000    -1.3473900E-04    
     3.0120000     1.6393300E-03    
     1.5110000    -5.2221200E-04    
     0.6604000     1.8064800E-04    
     0.2926000    -9.9931200E-05    
     0.1254000     1.9217500E-05    
20    0 
6410000.0000000    -5.0830300E-07    
959600.0000000    -3.9563300E-06    
218300.0000000    -2.0809500E-05    
 61810.0000000    -8.8117500E-05    
 20140.0000000    -3.2174200E-04    
  7264.0000000    -1.0527700E-03    
  2832.0000000    -3.1418300E-03    
  1175.0000000    -8.6636300E-03    
   512.6000000    -2.1935300E-02    
   233.0000000    -5.0258400E-02    
   109.5000000    -9.9541400E-02    
    52.8600000    -1.5764700E-01    
    25.8400000    -1.4602400E-01    
    12.1700000     6.9223000E-02    
     6.0300000     4.3041200E-01    
     3.0120000     4.9080200E-01    
     1.5110000     1.5839000E-01    
     0.6604000     8.3988500E-03    
     0.2926000     7.6848400E-04    
     0.1254000     2.2714600E-04    
20    0 
6410000.0000000     1.5380800E-07    
959600.0000000     1.1965400E-06    
218300.0000000     6.2982800E-06    
 61810.0000000     2.6645000E-05    
 20140.0000000     9.7416200E-05    
  7264.0000000     3.1836000E-04    
  2832.0000000     9.5237700E-04    
  1175.0000000     2.6243000E-03    
   512.6000000     6.6816000E-03    
   233.0000000     1.5359500E-02    
   109.5000000     3.0943200E-02    
    52.8600000     5.0063800E-02    
    25.8400000     4.8978200E-02    
    12.1700000    -2.6080700E-02    
     6.0300000    -1.7842600E-01    
     3.0120000    -3.3232400E-01    
     1.5110000    -1.3200800E-01    
     0.6604000     4.4055600E-01    
     0.2926000     6.1189100E-01    
     0.1254000     1.9317200E-01    
 1    0 
     1.5110000     1.0000000E+00    
 1    0 
     0.6604000     1.0000000E+00    
 1    0 
     0.2926000     1.0000000E+00    
 1    0 
     0.1254000     1.0000000E+00    
12    1 
  2548.0000000     2.3570200E-04    
   603.7000000     2.0515800E-03    
   195.6000000     1.1154300E-02    
    74.1500000     4.3981600E-02    
    30.9400000     1.2999400E-01    
    13.6900000     2.7295900E-01    
     6.2290000     3.8369000E-01    
     2.8780000     2.9187000E-01    
     1.2820000     7.0446400E-02    
     0.5641000     1.2876100E-03    
     0.2348000     1.8262300E-03    
     0.0931200     1.9901300E-05    
12    1 
  2548.0000000    -6.3541000E-05    
   603.7000000    -5.5325900E-04    
   195.6000000    -3.0279500E-03    
    74.1500000    -1.2065000E-02    
    30.9400000    -3.6634800E-02    
    13.6900000    -7.9076400E-02    
     6.2290000    -1.1742200E-01    
     2.8780000    -8.6094300E-02    
     1.2820000     1.4030800E-01    
     0.5641000     4.2233600E-01    
     0.2348000     4.4636300E-01    
     0.0931200     1.6663400E-01    
 1    1 
     1.2820000     1.0000000E+00    
 1    1 
     0.5641000     1.0000000E+00    
 1    1 
     0.2348000     1.0000000E+00    
 1    1 
     0.0931200     1.0000000E+00    
 1    2 
     0.2500000     1.0000000E+00    
 1    2 
     0.6180000     1.0000000E+00    
 1    2 
     1.5290000     1.0000000E+00    
 1    2 
     3.7810000     1.0000000E+00    
 1    3 
     0.3200000     1.0000000E+00    
 1    3 
     0.6560000     1.0000000E+00    
 1    3 
     1.3450000     1.0000000E+00    
 1    4 
     0.5560000     1.0000000E+00    
 1    4 
     1.3020000     1.0000000E+00    
 1    5 
     1.0530000     1.0000000E+00    
