20 
12    0 
 74530.0000000     9.5000000E-05    
 11170.0000000     7.3800000E-04    
  2543.0000000     3.8580000E-03    
   721.0000000     1.5926000E-02    
   235.9000000     5.4289000E-02    
    85.6000000     1.4951300E-01    
    33.5500000     3.0825200E-01    
    13.9300000     3.9485300E-01    
     5.9150000     2.1103100E-01    
     1.8430000     1.7151000E-02    
     0.7124000    -2.0150000E-03    
     0.2637000     8.6900000E-04    
12    0 
 74530.0000000    -2.2000000E-05    
 11170.0000000    -1.7200000E-04    
  2543.0000000    -8.9100000E-04    
   721.0000000    -3.7480000E-03    
   235.9000000    -1.2862000E-02    
    85.6000000    -3.8061000E-02    
    33.5500000    -8.6239000E-02    
    13.9300000    -1.5586500E-01    
     5.9150000    -1.1091400E-01    
     1.8430000     2.9876100E-01    
     0.7124000     5.8501300E-01    
     0.2637000     2.7115900E-01    
 1    0 
     1.8430000     1.0000000E+00    
 1    0 
     0.7124000     1.0000000E+00    
 1    0 
     0.2637000     1.0000000E+00    
 1    0 
     0.0859400     1.0000000E+00    
 6    1 
    80.3900000     6.3470000E-03    
    18.6300000     4.4204000E-02    
     5.6940000     1.6851400E-01    
     1.9530000     3.6156300E-01    
     0.6702000     4.4217800E-01    
     0.2166000     2.4343500E-01    
 1    1 
     1.9530000     1.0000000E+00    
 1    1 
     0.6702000     1.0000000E+00    
 1    1 
     0.2166000     1.0000000E+00    
 1    1 
     0.0656800     1.0000000E+00    
 1    2 
     5.0140000     1.0000000E+00    
 1    2 
     1.7250000     1.0000000E+00    
 1    2 
     0.5860000     1.0000000E+00    
 1    2 
     0.2070000     1.0000000E+00    
 1    3 
     3.5620000     1.0000000E+00    
 1    3 
     1.1480000     1.0000000E+00    
 1    3 
     0.4600000     1.0000000E+00    
 1    4 
     2.3760000     1.0000000E+00    
 1    4 
     0.9240000     1.0000000E+00    
