28 
16    0 
723500.0000000     5.5600000E-06    
108400.0000000     4.3180000E-05    
 24680.0000000     2.2700000E-04    
  6990.0000000     9.5803000E-04    
  2282.0000000     3.4701500E-03    
   824.6000000     1.1185260E-02    
   321.8000000     3.2328800E-02    
   133.5000000     8.2795450E-02    
    58.1100000     1.7988024E-01    
    26.2800000     3.0557831E-01    
    12.2400000     3.4026839E-01    
     5.7470000     1.7668240E-01    
     2.3650000     2.0854750E-02    
     1.0710000    -7.5322000E-04    
     0.4681000     1.0744400E-03    
     0.1994000    -7.9510000E-05    
16    0 
723500.0000000    -1.2900000E-06    
108400.0000000    -9.9900000E-06    
 24680.0000000    -5.2600000E-05    
  6990.0000000    -2.2172000E-04    
  2282.0000000    -8.0692000E-04    
   824.6000000    -2.6081700E-03    
   321.8000000    -7.6740200E-03    
   133.5000000    -2.0193530E-02    
    58.1100000    -4.7187520E-02    
    26.2800000    -9.1580090E-02    
    12.2400000    -1.4048558E-01    
     5.7470000    -1.0367094E-01    
     2.3650000     1.5282048E-01    
     1.0710000     4.4614578E-01    
     0.4681000     4.3811811E-01    
     0.1994000     1.2447048E-01    
 1    0 
     5.7470000     1.0000000E+00    
 1    0 
     2.3650000     1.0000000E+00    
 1    0 
     1.0710000     1.0000000E+00    
 1    0 
     0.4681000     1.0000000E+00    
 1    0 
     0.1994000     1.0000000E+00    
10    1 
   660.0000000     1.7721000E-04    
   156.4000000     1.5269100E-03    
    50.6400000     8.0720700E-03    
    19.0800000     3.0740210E-02    
     7.8720000     9.0119140E-02    
     3.4490000     1.9528789E-01    
     1.5450000     3.0107685E-01    
     0.6864000     3.3322071E-01    
     0.2986000     2.4114678E-01    
     0.1245000     6.9672200E-02    
 1    1 
     3.4490000     1.0000000E+00    
 1    1 
     1.5450000     1.0000000E+00    
 1    1 
     0.6864000     1.0000000E+00    
 1    1 
     0.2986000     1.0000000E+00    
 1    1 
     0.1245000     1.0000000E+00    
 1    2 
    10.5730000     1.0000000E+00    
 1    2 
     4.6130000     1.0000000E+00    
 1    2 
     2.0130000     1.0000000E+00    
 1    2 
     0.8780000     1.0000000E+00    
 1    2 
     0.3830000     1.0000000E+00    
 1    3 
     7.5630000     1.0000000E+00    
 1    3 
     3.3300000     1.0000000E+00    
 1    3 
     1.4660000     1.0000000E+00    
 1    3 
     0.6450000     1.0000000E+00    
 1    4 
     6.7350000     1.0000000E+00    
 1    4 
     2.7830000     1.0000000E+00    
 1    4 
     1.1500000     1.0000000E+00    
 1    5 
     5.0880000     1.0000000E+00    
 1    5 
     1.9370000     1.0000000E+00    
 1    6 
     3.5810000     1.0000000E+00    
