10
6    0
     82.6400000              0.0020060
     12.4100000              0.0153430
      2.8240000              0.0755790
      0.7977000              0.2568750
      0.2581000              0.4973680
      0.0898900              0.2961330
1     0
      0.7977001              1.0000000
1     0
      0.2581001              1.0000000
1     0
      0.0898901              1.0000000        
1     1
      2.2920000              1.0000000
1     1
      0.8380000              1.0000000
1     1
      0.2920000              1.0000000        
1     2
      2.0620000              1.0000000
1     2
      0.6620000              1.0000000        
1     3
      1.3970000              1.0000000  
