36 
15    0 
 13940.8000000     3.0100000E-06    
  3471.4300000     5.4400000E-06    
  1903.1800000     1.7850000E-05    
   623.2860000     7.1950000E-05    
   290.3600000     1.2055000E-04    
   126.5850000     5.2527000E-04    
    44.6955000     2.0138400E-03    
    16.0038000     6.8708600E-03    
     6.0805600     2.0954150E-02    
     2.4762200     5.6140390E-02    
     1.0757100     1.3038113E-01    
     0.4896820     2.5186989E-01    
     0.2297860     3.5225121E-01    
     0.1099655     2.6587036E-01    
     0.0523230     5.7876780E-02    
 1    0 
     6.0805600     1.0000000E+00    
 1    0 
     2.4762200     1.0000000E+00    
 1    0 
     1.0757100     1.0000000E+00    
 1    0 
     0.4896820     1.0000000E+00    
 1    0 
     0.2297860     1.0000000E+00    
 1    0 
     0.1099655     1.0000000E+00    
 1    0 
     0.0523230     1.0000000E+00    
 1    1 
    17.3691000     1.0000000E+00    
 1    1 
     7.9252700     1.0000000E+00    
 1    1 
     3.6161900     1.0000000E+00    
 1    1 
     1.6500200     1.0000000E+00    
 1    1 
     0.7528800     1.0000000E+00    
 1    1 
     0.3435300     1.0000000E+00    
 1    1 
     0.1567500     1.0000000E+00    
 1    2 
     8.7070200     1.0000000E+00    
 1    2 
     4.4505600     1.0000000E+00    
 1    2 
     2.2748800     1.0000000E+00    
 1    2 
     1.1628000     1.0000000E+00    
 1    2 
     0.5943600     1.0000000E+00    
 1    2 
     0.3038000     1.0000000E+00    
 1    3 
    10.6097000     1.0000000E+00    
 1    3 
     5.2422900     1.0000000E+00    
 1    3 
     2.5902400     1.0000000E+00    
 1    3 
     1.2798500     1.0000000E+00    
 1    3 
     0.6323800     1.0000000E+00    
 1    4 
     5.8235900     1.0000000E+00    
 1    4 
     3.0535100     1.0000000E+00    
 1    4 
     1.6010500     1.0000000E+00    
 1    4 
     0.8394900     1.0000000E+00    
 1    5 
     5.9887600     1.0000000E+00    
 1    5 
     2.9543500     1.0000000E+00    
 1    5 
     1.4574300     1.0000000E+00    
 1    6 
     5.9887600     1.0000000E+00    
 1    6 
     1.6950300     1.0000000E+00    
 1   -1 
     4.1600000     1.0000000E+00    
