9
6     0
    234.0000000              0.0025870  
     35.1600000              0.0195330  
      7.9890000              0.0909980  
      2.2120000              0.2720500  
      0.6669000              0.4780650  
      0.2089000              0.3077370  
1     0
      0.6669001              1.0000000   
1     0
      0.2089001              1.0000000        
1     1
      3.0440000              1.0000000
1     1
      0.7580000              1.0000000        
1     2
      1.9650000              1.0000000   
1     0
      0.0513800              1.0000000        
1     1
      0.1993000              1.0000000        
1     2
      0.4592000              1.0000000 
