10 
7     0
    528.5000000              0.0009400 
     79.3100000              0.0072140 
     18.0500000              0.0359750 
      5.0850000              0.1277820 
      1.6090000              0.3084700 
      0.5363000              0.4530520 
      0.1833000              0.2388840 
1     0
      1.6090001              1.0000000
1     0
      0.5363001              1.0000000
1     0
      0.1833001              1.0000000        
1     1
      5.9940000              1.0000000
1     1
      1.7450000              1.0000000
1     1
      0.5600000              1.0000000        
1     2
      4.2990000              1.0000000
1     2 
      1.2230000              1.0000000        
1     3
      2.6800000              1.0000000 
