15
8     0
   1145.0000000              0.0003590
    171.7000000              0.0027710
     39.0700000              0.0142510
     11.0400000              0.0555660
      3.5660000              0.1620910
      1.2400000              0.3321970
      0.4473000              0.4196150
      0.1640000              0.1861280
1     0
      3.5660000              1.0000000
1     0
      1.2400000              1.0000000
1     0
      0.4473000              1.0000000
1     0
      0.1640000              1.0000000        
1     1
     10.1530000              1.0000000
1     1
      3.6270000              1.0000000
1     1
      1.2960000              1.0000000
1     1
      0.4630000              1.0000000        
1     2
      7.6660000              1.0000000
1     2
      2.6470000              1.0000000
1     2
      0.9140000              1.0000000        
1     3
      5.4110000              1.0000000
1     3
      1.7070000              1.0000000        
1     4
      3.4300000              1.0000000        
