14 
11    0 
  5988.0000000     1.3300000E-04    
   898.9000000     1.0250000E-03    
   205.9000000     5.2720000E-03    
    59.2400000     2.0929000E-02    
    19.8700000     6.6340000E-02    
     7.4060000     1.6577500E-01    
     2.9300000     3.1503800E-01    
     1.1890000     3.9352300E-01    
     0.4798000     1.9087000E-01    
     0.0750900     5.4140000E-03    
     0.0283200    -1.3280000E-03    
11    0 
  5988.0000000    -2.1000000E-05    
   898.9000000    -1.6100000E-04    
   205.9000000    -8.2000000E-04    
    59.2400000    -3.3260000E-03    
    19.8700000    -1.0519000E-02    
     7.4060000    -2.8097000E-02    
     2.9300000    -5.5936000E-02    
     1.1890000    -9.9237000E-02    
     0.4798000    -1.1218900E-01    
     0.0750900     5.6788900E-01    
     0.0283200     5.3038200E-01    
 1    0 
     0.0750900     1.0000000E+00    
 1    0 
     0.0283200     1.0000000E+00    
 1    0 
     0.0076000     1.0000000E+00    
 5    1 
     3.2660000     8.6300000E-03    
     0.6511000     4.7538000E-02    
     0.1696000     2.0977200E-01    
     0.0557800     5.2852200E-01    
     0.0205000     3.8274400E-01    
 1    1 
     0.0557800     1.0000000E+00    
 1    1 
     0.0205000     1.0000000E+00    
 1    1 
     0.0091000     1.0000000E+00    
 1    2 
     0.1874000     1.0000000E+00    
 1    2 
     0.0801000     1.0000000E+00    
 1    2 
     0.0371000     1.0000000E+00    
 1    3 
     0.1829000     1.0000000E+00    
 1    3 
     0.0816000     1.0000000E+00    
