 6 
 9    0 
  1469.0000000     7.6600000E-04    
   220.5000000     5.8920000E-03    
    50.2600000     2.9671000E-02    
    14.2400000     1.0918000E-01    
     4.5810000     2.8278900E-01    
     1.5800000     4.5312300E-01    
     0.5640000     2.7477400E-01    
     0.0734500     9.7510000E-03    
     0.0280500    -3.1800000E-03    
 9    0 
  1469.0000000    -1.2000000E-04    
   220.5000000    -9.2300000E-04    
    50.2600000    -4.6890000E-03    
    14.2400000    -1.7682000E-02    
     4.5810000    -4.8902000E-02    
     1.5800000    -9.6009000E-02    
     0.5640000    -1.3638000E-01    
     0.0734500     5.7510200E-01    
     0.0280500     5.1766100E-01    
 1    0 
     0.0280500     1.0000000E+00    
 4    1 
     1.5340000     2.2784000E-02    
     0.2749000     1.3910700E-01    
     0.0736200     5.0037500E-01    
     0.0240300     5.0847400E-01    
 1    1 
     0.0240300     1.0000000E+00    
 1    2 
     0.1239000     1.0000000E+00    
