12 
15    0 
164900.0000000     7.2992900E-05    
 24710.0000000     5.6665200E-04    
  5628.0000000     2.9626900E-03    
  1596.0000000     1.2296200E-02    
   521.0000000     4.2732400E-02    
   188.0000000     1.2301300E-01    
    73.0100000     2.7483200E-01    
    29.9000000     4.0181800E-01    
    12.5400000     2.6469700E-01    
     4.3060000     3.3261200E-02    
     1.8260000    -4.4133500E-03    
     0.7417000     2.0602400E-03    
     0.1457000    -8.3847000E-04    
     0.0761200     7.0819500E-04    
     0.0331000    -2.0060200E-04    
15    0 
164900.0000000    -1.8424800E-05    
 24710.0000000    -1.4350000E-04    
  5628.0000000    -7.4871000E-04    
  1596.0000000    -3.1440700E-03    
   521.0000000    -1.1048100E-02    
   188.0000000    -3.3605800E-02    
    73.0100000    -8.2594600E-02    
    29.9000000    -1.5931400E-01    
    12.5400000    -1.5288800E-01    
     4.3060000     1.9084900E-01    
     1.8260000     5.7996400E-01    
     0.7417000     3.7202900E-01    
     0.1457000     2.1169100E-02    
     0.0761200    -1.1934400E-02    
     0.0331000     2.7732900E-03    
15    0 
164900.0000000     3.5517600E-06    
 24710.0000000     2.7642000E-05    
  5628.0000000     1.4440400E-04    
  1596.0000000     6.0574400E-04    
   521.0000000     2.1352700E-03    
   188.0000000     6.4993400E-03    
    73.0100000     1.6144600E-02    
    29.9000000     3.1576600E-02    
    12.5400000     3.1637400E-02    
     4.3060000    -4.3914000E-02    
     1.8260000    -1.5109300E-01    
     0.7417000    -2.1766800E-01    
     0.1457000     2.5980700E-01    
     0.0761200     5.4724500E-01    
     0.0331000     3.2591000E-01    
 1    0 
     0.1457000     1.0000000E+00    
 1    0 
     0.0331000     1.0000000E+00    
10    1 
   316.9000000     2.0753200E-03    
    74.8600000     1.6286900E-02    
    23.7200000     7.3869700E-02    
     8.6690000     2.1429700E-01    
     3.3630000     3.8215400E-01    
     1.3100000     3.9817800E-01    
     0.4911000     1.5287800E-01    
     0.2364000    -4.3754000E-03    
     0.0873300     6.2958200E-03    
     0.0323700    -1.5676900E-03    
10    1 
   316.9000000    -3.2972700E-04    
    74.8600000    -2.5875400E-03    
    23.7200000    -1.1912000E-02    
     8.6690000    -3.5022700E-02    
     3.3630000    -6.3996800E-02    
     1.3100000    -7.0443600E-02    
     0.4911000    -3.7583600E-02    
     0.2364000     1.7704300E-01    
     0.0873300     5.6670700E-01    
     0.0323700     3.9614300E-01    
 1    1 
     0.0873300     1.0000000E+00    
 1    1 
     0.0323700     1.0000000E+00    
 1    2 
     0.1260000     1.0000000E+00    
 1    2 
     0.2940000     1.0000000E+00    
 1    3 
     0.2520000     1.0000000E+00    
