23 
20    0 
2968000.0000000     1.9717700E-06    
444300.0000000     1.5336200E-05    
101100.0000000     8.0685200E-05    
 28640.0000000     3.4077100E-04    
  9343.0000000     1.2419400E-03    
  3373.0000000     4.0412400E-03    
  1316.0000000     1.1979700E-02    
   545.8000000     3.2425300E-02    
   238.1000000     7.8933200E-02    
   108.2000000     1.6657500E-01    
    50.8000000     2.8287100E-01    
    24.4800000     3.3189000E-01    
    11.9300000     2.0328700E-01    
     5.5430000     3.8289700E-02    
     2.6750000     3.0891600E-04    
     1.2630000     1.3890700E-03    
     0.5883000    -1.3615900E-04    
     0.1496000     8.5532200E-05    
     0.0670000    -5.6910200E-05    
     0.0295200     1.7725900E-05    
20    0 
2968000.0000000    -4.9816000E-07    
444300.0000000    -3.8756300E-06    
101100.0000000    -2.0385400E-05    
 28640.0000000    -8.6165900E-05    
  9343.0000000    -3.1417600E-04    
  3373.0000000    -1.0257700E-03    
  1316.0000000    -3.0581600E-03    
   545.8000000    -8.4106300E-03    
   238.1000000    -2.1120200E-02    
   108.2000000    -4.7688200E-02    
    50.8000000    -9.2411900E-02    
    24.4800000    -1.4254800E-01    
    11.9300000    -1.2616800E-01    
     5.5430000     7.1528200E-02    
     2.6750000     3.8303900E-01    
     1.2630000     4.9013300E-01    
     0.5883000     2.0438100E-01    
     0.1496000     7.0223100E-03    
     0.0670000    -2.6787400E-03    
     0.0295200     6.9369000E-04    
20    0 
2968000.0000000     9.6017500E-08    
444300.0000000     7.4616400E-07    
101100.0000000     3.9311900E-06    
 28640.0000000     1.6581200E-05    
  9343.0000000     6.0625700E-05    
  3373.0000000     1.9732200E-04    
  1316.0000000     5.9088100E-04    
   545.8000000     1.6190400E-03    
   238.1000000     4.0975600E-03    
   108.2000000     9.2298900E-03    
    50.8000000     1.8216800E-02    
    24.4800000     2.8288400E-02    
    11.9300000     2.6505900E-02    
     5.5430000    -1.7205300E-02    
     2.6750000    -8.8591700E-02    
     1.2630000    -1.6387100E-01    
     0.5883000    -1.5950600E-01    
     0.1496000     3.2171500E-01    
     0.0670000     5.9137300E-01    
     0.0295200     2.3686600E-01    
 1    0 
     0.5883000     1.0000000E+00    
 1    0 
     0.1496000     1.0000000E+00    
 1    0 
     0.0670000     1.0000000E+00    
 1    0 
     0.0295200     1.0000000E+00    
14    1 
  1441.0000000     1.5240700E-04    
   341.4000000     1.3276400E-03    
   110.7000000     7.2193700E-03    
    41.9700000     2.8520500E-02    
    17.4900000     8.6534600E-02    
     7.7530000     1.9495000E-01    
     3.5340000     3.1205100E-01    
     1.6140000     3.4847600E-01    
     0.7299000     2.1888600E-01    
     0.3029000     4.3557900E-02    
     0.1583000    -3.7374700E-03    
     0.0819000     3.0512300E-03    
     0.0412300    -8.6692200E-04    
     0.0198800     2.3051700E-04    
14    1 
  1441.0000000    -2.4103100E-05    
   341.4000000    -2.1080900E-04    
   110.7000000    -1.1453000E-03    
    41.9700000    -4.5641700E-03    
    17.4900000    -1.3960300E-02    
     7.7530000    -3.2110500E-02    
     3.5340000    -5.1621700E-02    
     1.6140000    -6.1371300E-02    
     0.7299000    -4.4246500E-02    
     0.3029000     5.2319100E-02    
     0.1583000     2.2169200E-01    
     0.0819000     3.9525500E-01    
     0.0412300     3.6407800E-01    
     0.0198800     9.7795200E-02    
 1    1 
     0.1583000     1.0000000E+00    
 1    1 
     0.0819000     1.0000000E+00    
 1    1 
     0.0412300     1.0000000E+00    
 1    1 
     0.0198800     1.0000000E+00    
 1    2 
     0.1100000     1.0000000E+00    
 1    2 
     0.2420000     1.0000000E+00    
 1    2 
     0.5320000     1.0000000E+00    
 1    2 
     1.1710000     1.0000000E+00    
 1    3 
     0.1550000     1.0000000E+00    
 1    3 
     0.2640000     1.0000000E+00    
 1    3 
     0.4480000     1.0000000E+00    
 1    4 
     0.2400000     1.0000000E+00    
 1    4 
     0.4440000     1.0000000E+00    
 1    5 
     0.3750000     1.0000000E+00    
