 8 
12    0 
 47390.0000000     3.4602300E-04    
  7108.0000000     2.6807700E-03    
  1618.0000000     1.3836700E-02    
   458.4000000     5.5176700E-02    
   149.3000000     1.6966000E-01    
    53.5900000     3.6470300E-01    
    20.7000000     4.0685600E-01    
     8.3840000     1.3508900E-01    
     2.5420000     4.9088400E-03    
     0.8787000     2.8646000E-04    
     0.1077000     2.6459000E-05    
     0.0399900    -1.1270800E-05    
12    0 
 47390.0000000    -8.7783900E-05    
  7108.0000000    -6.7472500E-04    
  1618.0000000    -3.5560300E-03    
   458.4000000    -1.4215400E-02    
   149.3000000    -4.7674800E-02    
    53.5900000    -1.1489200E-01    
    20.7000000    -2.0067600E-01    
     8.3840000    -3.4122400E-02    
     2.5420000     5.7045400E-01    
     0.8787000     5.4230900E-01    
     0.1077000     2.1812800E-02    
     0.0399900    -8.2770000E-03    
12    0 
 47390.0000000     1.6962800E-05    
  7108.0000000     1.2986500E-04    
  1618.0000000     6.8883100E-04    
   458.4000000     2.7353300E-03    
   149.3000000     9.3122400E-03    
    53.5900000     2.2326500E-02    
    20.7000000     4.1119500E-02    
     8.3840000     5.4564200E-03    
     2.5420000    -1.3401200E-01    
     0.8787000    -2.5617600E-01    
     0.1077000     6.0585600E-01    
     0.0399900     5.0944600E-01    
 1    0 
     0.0399900     1.0000000E+00    
 8    1 
   179.9000000     5.3816100E-03    
    42.1400000     3.9241800E-02    
    13.1300000     1.5744500E-01    
     4.6280000     3.5853500E-01    
     1.6700000     4.5722600E-01    
     0.5857000     2.1591800E-01    
     0.1311000     6.6494800E-03    
     0.0411200    -1.2530400E-04    
 8    1 
   179.9000000    -8.6594800E-04    
    42.1400000    -6.1597800E-03    
    13.1300000    -2.6151900E-02    
     4.6280000    -5.7064700E-02    
     1.6700000    -8.7390600E-02    
     0.5857000    -1.2299000E-02    
     0.1311000     5.0208500E-01    
     0.0411200     5.9724500E-01    
 1    1 
     0.0411200     1.0000000E+00    
 1    2 
     0.1870000     1.0000000E+00    
