20 
12    0 
 45840.0000000     9.2000000E-05    
  6868.0000000     7.1700000E-04    
  1563.0000000     3.7490000E-03    
   442.4000000     1.5532000E-02    
   144.3000000     5.3146000E-02    
    52.1800000     1.4678700E-01    
    20.3400000     3.0466300E-01    
     8.3810000     3.9768400E-01    
     3.5290000     2.1764100E-01    
     1.0540000     1.6963000E-02    
     0.4118000    -2.7450000E-03    
     0.1552000     9.5300000E-04    
12    0 
 45840.0000000    -2.0000000E-05    
  6868.0000000    -1.5900000E-04    
  1563.0000000    -8.2400000E-04    
   442.4000000    -3.4780000E-03    
   144.3000000    -1.1966000E-02    
    52.1800000    -3.5388000E-02    
    20.3400000    -8.0077000E-02    
     8.3810000    -1.4672200E-01    
     3.5290000    -1.1636000E-01    
     1.0540000     2.7991900E-01    
     0.4118000     5.8548100E-01    
     0.1552000     2.8402800E-01    
 1    0 
     1.0540000     1.0000000E+00    
 1    0 
     0.4118000     1.0000000E+00    
 1    0 
     0.1552000     1.0000000E+00    
 1    0 
     0.0546400     1.0000000E+00    
 6    1 
    49.3300000     5.5330000E-03    
    11.3700000     3.7962000E-02    
     3.4350000     1.4902800E-01    
     1.1820000     3.4892200E-01    
     0.4173000     4.5897200E-01    
     0.1428000     2.4492300E-01    
 1    1 
     1.1820000     1.0000000E+00    
 1    1 
     0.4173000     1.0000000E+00    
 1    1 
     0.1428000     1.0000000E+00    
 1    1 
     0.0440200     1.0000000E+00    
 1    2 
     2.8370000     1.0000000E+00    
 1    2 
     0.9680000     1.0000000E+00    
 1    2 
     0.3350000     1.0000000E+00    
 1    2 
     0.1110000     1.0000000E+00    
 1    3 
     2.0270000     1.0000000E+00    
 1    3 
     0.6850000     1.0000000E+00    
 1    3 
     0.2450000     1.0000000E+00    
 1    4 
     1.4270000     1.0000000E+00    
 1    4 
     0.5590000     1.0000000E+00    
