28 
16    0 
570800.0000000     5.5500000E-06    
 85480.0000000     4.3110000E-05    
 19460.0000000     2.2667000E-04    
  5512.0000000     9.5637000E-04    
  1798.0000000     3.4732000E-03    
   648.9000000     1.1197780E-02    
   253.1000000     3.2387660E-02    
   104.9000000     8.2859770E-02    
    45.6500000     1.7958381E-01    
    20.6200000     3.0522110E-01    
     9.5870000     3.4089349E-01    
     4.4930000     1.7742611E-01    
     1.8370000     2.0491070E-02    
     0.8349000    -9.6807000E-04    
     0.3658000     1.0571500E-03    
     0.1570000    -9.7210000E-05    
16    0 
570800.0000000    -1.2600000E-06    
 85480.0000000    -9.7700000E-06    
 19460.0000000    -5.1480000E-05    
  5512.0000000    -2.1696000E-04    
  1798.0000000    -7.9162000E-04    
   648.9000000    -2.5590000E-03    
   253.1000000    -7.5331300E-03    
   104.9000000    -1.9788970E-02    
    45.6500000    -4.6062880E-02    
    20.6200000    -8.9195600E-02    
     9.5870000    -1.3754216E-01    
     4.4930000    -1.0511948E-01    
     1.8370000     1.4477143E-01    
     0.8349000     4.4146336E-01    
     0.3658000     4.4468145E-01    
     0.1570000     1.2824259E-01    
 1    0 
     4.4930000     1.0000000E+00    
 1    0 
     1.8370000     1.0000000E+00    
 1    0 
     0.8349000     1.0000000E+00    
 1    0 
     0.3658000     1.0000000E+00    
 1    0 
     0.1570000     1.0000000E+00    
10    1 
   525.6000000     1.6664000E-04    
   124.6000000     1.4333600E-03    
    40.3400000     7.5476200E-03    
    15.1800000     2.8594560E-02    
     6.2450000     8.4388580E-02    
     2.7320000     1.8748342E-01    
     1.2270000     2.9790579E-01    
     0.5492000     3.3855755E-01    
     0.2418000     2.4726093E-01    
     0.1025000     7.0033500E-02    
 1    1 
     2.7320000     1.0000000E+00    
 1    1 
     1.2270000     1.0000000E+00    
 1    1 
     0.5492000     1.0000000E+00    
 1    1 
     0.2418000     1.0000000E+00    
 1    1 
     0.1025000     1.0000000E+00    
 1    2 
     8.2530000     1.0000000E+00    
 1    2 
     3.5970000     1.0000000E+00    
 1    2 
     1.5680000     1.0000000E+00    
 1    2 
     0.6840000     1.0000000E+00    
 1    2 
     0.2980000     1.0000000E+00    
 1    3 
     5.4300000     1.0000000E+00    
 1    3 
     2.4160000     1.0000000E+00    
 1    3 
     1.0750000     1.0000000E+00    
 1    3 
     0.4780000     1.0000000E+00    
 1    4 
     5.2110000     1.0000000E+00    
 1    4 
     2.1900000     1.0000000E+00    
 1    4 
     0.9200000     1.0000000E+00    
 1    5 
     3.8720000     1.0000000E+00    
 1    5 
     1.5050000     1.0000000E+00    
 1    6 
     2.7730000     1.0000000E+00    
