12 
10    0 
 15330.0000000     5.0800000E-04    
  2299.0000000     3.9290000E-03    
   522.4000000     2.0243000E-02    
   147.3000000     7.9181000E-02    
    47.5500000     2.3068700E-01    
    16.7600000     4.3311800E-01    
     6.2070000     3.5026000E-01    
     1.7520000     4.2728000E-02    
     0.6882000    -8.1540000E-03    
     0.2384000     2.3810000E-03    
10    0 
 15330.0000000    -1.1500000E-04    
  2299.0000000    -8.9500000E-04    
   522.4000000    -4.6360000E-03    
   147.3000000    -1.8724000E-02    
    47.5500000    -5.8463000E-02    
    16.7600000    -1.3646300E-01    
     6.2070000    -1.7574000E-01    
     1.7520000     1.6093400E-01    
     0.6882000     6.0341800E-01    
     0.2384000     3.7876500E-01    
 1    0 
     1.7520000     1.0000000E+00    
 1    0 
     0.2384000     1.0000000E+00    
 1    0 
     0.0737600     1.0000000E+00    
 5    1 
    34.4600000     1.5928000E-02    
     7.7490000     9.9740000E-02    
     2.2800000     3.1049200E-01    
     0.7156000     4.9102600E-01    
     0.2140000     3.3633700E-01    
 1    1 
     0.7156000     1.0000000E+00    
 1    1 
     0.2140000     1.0000000E+00    
 1    1 
     0.0597400     1.0000000E+00    
 1    2 
     2.3140000     1.0000000E+00    
 1    2 
     0.6450000     1.0000000E+00    
 1    3 
     1.4280000     1.0000000E+00    
