14 
15    0 
312400.0000000     5.7696000E-05    
 46800.0000000     4.4829600E-04    
 10650.0000000     2.3493900E-03    
  3018.0000000     9.7826500E-03    
   986.8000000     3.4146700E-02    
   357.4000000     1.0020400E-01    
   139.6000000     2.3437200E-01    
    57.6300000     3.8243400E-01    
    24.6000000     3.1808800E-01    
    10.1200000     7.0778800E-02    
     4.2830000    -1.8179900E-03    
     1.8050000     2.1618000E-03    
     0.6158000    -8.3474200E-04    
     0.2782000     4.3229700E-04    
     0.1055000    -1.1425100E-04    
15    0 
312400.0000000    -1.5670900E-05    
 46800.0000000    -1.2172400E-04    
 10650.0000000    -6.3967200E-04    
  3018.0000000    -2.6742600E-03    
   986.8000000    -9.4983100E-03    
   357.4000000    -2.8934900E-02    
   139.6000000    -7.4512100E-02    
    57.6300000    -1.4993800E-01    
    24.6000000    -1.8946700E-01    
    10.1200000     3.6327000E-02    
     4.2830000     5.2881600E-01    
     1.8050000     5.1911500E-01    
     0.6158000     6.0554700E-02    
     0.2782000    -9.2569500E-03    
     0.1055000     2.1037200E-03    
15    0 
312400.0000000     4.3063100E-06    
 46800.0000000     3.3419400E-05    
 10650.0000000     1.7588500E-04    
  3018.0000000     7.3434000E-04    
   986.8000000     2.6177500E-03    
   357.4000000     7.9785200E-03    
   139.6000000     2.0794000E-02    
    57.6300000     4.2444600E-02    
    24.6000000     5.6343600E-02    
    10.1200000    -1.2735800E-02    
     4.2830000    -1.9649500E-01    
     1.8050000    -3.5355500E-01    
     0.6158000     7.4140700E-02    
     0.2782000     7.0091200E-01    
     0.1055000     4.0473900E-01    
 1    0 
     0.6158000     1.0000000E+00    
 1    0 
     0.1055000     1.0000000E+00    
 9    1 
   504.9000000     2.3372800E-03    
   119.4000000     1.8541000E-02    
    37.9600000     8.4969300E-02    
    13.9500000     2.4461500E-01    
     5.4570000     4.2276600E-01    
     2.1770000     3.6843900E-01    
     0.8010000     7.7273400E-02    
     0.2877000    -3.7900500E-03    
     0.0971400     1.5993900E-03    
 9    1 
   504.9000000    -5.5523600E-04    
   119.4000000    -4.4591300E-03    
    37.9600000    -2.0635000E-02    
    13.9500000    -6.1769400E-02    
     5.4570000    -1.0892400E-01    
     2.1770000    -1.0559900E-01    
     0.8010000     1.5348300E-01    
     0.2877000     5.7698100E-01    
     0.0971400     4.2243900E-01    
 1    1 
     0.8010000     1.0000000E+00    
 1    1 
     0.0971400     1.0000000E+00    
 1    2 
     0.2160000     1.0000000E+00    
 1    2 
     0.6520000     1.0000000E+00    
 1    3 
     0.4520000     1.0000000E+00    
 1   0
      0.0409000              1.0000000        
 1   1
      0.0307000              1.0000000        
