4
3    0
   1210.6200000              0.0650070        
    182.7470000              0.3820400        
     39.6673000              0.6765450        
3    10
     52.2236000             -0.1003100              0.1096460        
     11.9629000              0.0650880              0.4576490        
      3.2891100              0.9814550              0.6042610        
2    10
      1.2238400             -0.2860890              0.1647770        
      0.4573030              1.2280600              0.8708550        
1    10
      0.1422690              1.0000000              1.0000000        
