14 
15    0 
374100.0000000     5.4214000E-05    
 56050.0000000     4.2085500E-04    
 12760.0000000     2.2069800E-03    
  3615.0000000     9.1925800E-03    
  1183.0000000     3.2112300E-02    
   428.8000000     9.4668300E-02    
   167.8000000     2.2363000E-01    
    69.4700000     3.7439300E-01    
    29.8400000     3.2910800E-01    
    12.7200000     8.4703800E-02    
     5.2440000     4.4085100E-04    
     2.2190000     1.6482700E-03    
     0.7767000    -6.2233200E-04    
     0.3490000     3.0130600E-04    
     0.1322000    -8.4129000E-05    
15    0 
374100.0000000    -1.4983700E-05    
 56050.0000000    -1.1619800E-04    
 12760.0000000    -6.1158300E-04    
  3615.0000000    -2.5537000E-03    
  1183.0000000    -9.0870800E-03    
   428.8000000    -2.7704500E-02    
   167.8000000    -7.2002000E-02    
    69.4700000    -1.4643900E-01    
    29.8400000    -1.9515000E-01    
    12.7200000     8.1919300E-03    
     5.2440000     5.1660100E-01    
     2.2190000     5.4217800E-01    
     0.7767000     6.8843000E-02    
     0.3490000    -9.1807200E-03    
     0.1322000     2.2683200E-03    
15    0 
374100.0000000     4.3506600E-06    
 56050.0000000     3.3714000E-05    
 12760.0000000     1.7767400E-04    
  3615.0000000     7.4111600E-04    
  1183.0000000     2.6459100E-03    
   428.8000000     8.0748700E-03    
   167.8000000     2.1227600E-02    
    69.4700000     4.3832300E-02    
    29.8400000     6.1271600E-02    
    12.7200000    -3.6151000E-03    
     5.2440000    -2.0451000E-01    
     2.2190000    -3.8187100E-01    
     0.7767000     8.2684400E-02    
     0.3490000     7.1414700E-01    
     0.1322000     3.9379100E-01    
 1    0 
     0.7767000     1.0000000E+00    
 1    0 
     0.1322000     1.0000000E+00    
 1    0 
     0.0497000     1.0000000E+00    
 9    1 
   574.4000000     2.4226400E-03    
   135.8000000     1.9279600E-02    
    43.1900000     8.8540100E-02    
    15.8700000     2.5465400E-01    
     6.2080000     4.3398400E-01    
     2.4830000     3.5495300E-01    
     0.8688000     6.1894100E-02    
     0.3229000    -5.0297700E-03    
     0.1098000     2.0981300E-03    
 9    1 
   574.4000000    -6.2010200E-04    
   135.8000000    -4.9388200E-03    
    43.1900000    -2.3264700E-02    
    15.8700000    -6.8519500E-02    
     6.2080000    -1.2389600E-01    
     2.4830000    -9.6949900E-02    
     0.8688000     2.2821500E-01    
     0.3229000     5.6939400E-01    
     0.1098000     3.6630200E-01    
 1    1 
     0.8688000     1.0000000E+00    
 1    1 
     0.1098000     1.0000000E+00    
 1    1 
     0.0351000     1.0000000E+00    
 1    2 
     0.2690000     1.0000000E+00    
 1    2 
     0.8190000     1.0000000E+00    
 1    3 
     0.5570000     1.0000000E+00    
