 8 
12    0 
 78860.0000000     2.7044300E-04    
 11820.0000000     2.0971700E-03    
  2692.0000000     1.0850600E-02    
   763.4000000     4.3675400E-02    
   249.6000000     1.3765300E-01    
    90.2800000     3.1664400E-01    
    35.2900000     4.1858100E-01    
    14.5100000     2.1021200E-01    
     4.0530000     1.4495200E-02    
     1.4820000    -2.0359000E-03    
     0.2517000     6.2418600E-04    
     0.0924300    -2.8287200E-04    
12    0 
 78860.0000000    -7.2317700E-05    
 11820.0000000    -5.5511600E-04    
  2692.0000000    -2.9380500E-03    
   763.4000000    -1.1768700E-02    
   249.6000000    -4.0290700E-02    
    90.2800000    -1.0060900E-01    
    35.2900000    -1.9652800E-01    
    14.5100000    -1.0238200E-01    
     4.0530000     5.2719000E-01    
     1.4820000     5.9325100E-01    
     0.2517000     3.3265200E-02    
     0.0924300    -9.7366200E-03    
12    0 
 78860.0000000     1.8511300E-05    
 11820.0000000     1.4223600E-04    
  2692.0000000     7.5218500E-04    
   763.4000000     3.0227900E-03    
   249.6000000     1.0367700E-02    
    90.2800000     2.6256300E-02    
    35.2900000     5.2398900E-02    
    14.5100000     2.9095900E-02    
     4.0530000    -1.7800300E-01    
     1.4820000    -3.4687400E-01    
     0.2517000     6.2302000E-01    
     0.0924300     5.3771200E-01    
 1    0 
     0.0924300     1.0000000E+00    
 8    1 
   315.9000000     3.9265600E-03    
    74.4200000     2.9881100E-02    
    23.4800000     1.2721200E-01    
     8.4880000     3.2094300E-01    
     3.2170000     4.5542900E-01    
     1.2290000     2.6856300E-01    
     0.2964000     1.8833600E-02    
     0.0876800    -2.6243100E-03    
 8    1 
   315.9000000    -8.5830200E-04    
    74.4200000    -6.3032800E-03    
    23.4800000    -2.8825500E-02    
     8.4880000    -6.9456000E-02    
     3.2170000    -1.1949300E-01    
     1.2290000    -1.9958100E-02    
     0.2964000     5.1026800E-01    
     0.0876800     6.0038200E-01    
 1    1 
     0.0876800     1.0000000E+00    
 1    2 
     0.2750000     1.0000000E+00    
