14
3  0
    1.11907800e+04    6.14950000e-02
    1.69507700e+03    3.68405000e-01
    3.72675200e+02    6.89325000e-01
3  0
    5.04616200e+02   -1.12658000e-01
    1.09871800e+02    8.40280000e-02
    3.52951300e+01    9.69234000e-01
3  1
    5.04616200e+02    1.51480000e-01
    1.09871800e+02    6.06514000e-01
    3.52951300e+01    4.01830000e-01
3  0
    3.15687700e+01   -1.42202800e+00
    2.83439700e+01    1.23409800e+00
    5.94512700e+00    1.05568300e+00
3  1
    3.15687700e+01   -1.67336600e+00
    2.83439700e+01    2.01897600e+00
    5.94512700e+00    7.12689000e-01
3  0
    5.80025600e+00   -4.19617000e-01
    2.12725600e+00    4.84350000e-01
    7.93551000e-01    7.95203000e-01
3  1
    5.80025600e+00    1.43040000e-02
    2.12725600e+00    5.07194000e-01
    7.93551000e-01    5.53974000e-01
2  0
    9.28544000e-01   -2.52300000e-01
    9.72550000e-02    1.08739200e+00
2  1
    9.28544000e-01   -1.48100000e-03
    9.72550000e-02    1.00038800e+00
1  0
    3.49330000e-02    1.00000000e+00
1  1
    3.49330000e-02    1.00000000e+00
3  2
    8.99333500e+01    1.24016000e-01
    2.48749600e+01    4.92383000e-01
    7.73819100e+00    5.81497000e-01
2  2
    3.79655700e+00    3.31426000e-01
    1.25664400e+00    7.65163000e-01
1  2
    3.88133000e-01    1.00000000e+00
