29
16  0
    3.26900000e+06    2.13962000e-06
    4.89400000e+05    1.66264000e-05
    1.11400000e+05    8.75168000e-05
    3.15600000e+04    3.68990000e-04
    1.03200000e+04    1.33903000e-03
    3.73100000e+03    4.35636000e-03
    1.45600000e+03    1.28955000e-02
    6.04100000e+02    3.48201000e-02
    2.63500000e+02    8.43530000e-02
    1.19800000e+02    1.75907000e-01
    5.63200000e+01    2.92091000e-01
    2.71900000e+01    3.28220000e-01
    1.32600000e+01    1.86927000e-01
    6.05200000e+00    3.10430000e-02
    2.98100000e+00   -5.08922000e-04
    1.47600000e+00    1.48836000e-03
16  0
    3.26900000e+06   -5.56026000e-07
    4.89400000e+05   -4.32303000e-06
    1.11400000e+05   -2.27413000e-05
    3.15600000e+04   -9.60116000e-05
    1.03200000e+04   -3.48376000e-04
    3.73100000e+03   -1.13836000e-03
    1.45600000e+03   -3.38744000e-03
    6.04100000e+02   -9.31505000e-03
    2.63500000e+02   -2.33023000e-02
    1.19800000e+02   -5.23486000e-02
    5.63200000e+01   -9.99499000e-02
    2.71900000e+01   -1.50560000e-01
    1.32600000e+01   -1.19121000e-01
    6.05200000e+00    1.08091000e-01
    2.98100000e+00    4.11129000e-01
    1.47600000e+00    4.57214000e-01
16  0
    3.26900000e+06    1.28423000e-07
    4.89400000e+05    9.97514000e-07
    1.11400000e+05    5.25480000e-06
    3.15600000e+04    2.21450000e-05
    1.03200000e+04    8.05464000e-05
    3.73100000e+03    2.62506000e-04
    1.45600000e+03    7.84220000e-04
    6.04100000e+02    2.15039000e-03
    2.63500000e+02    5.41974000e-03
    1.19800000e+02    1.21686000e-02
    5.63200000e+01    2.36823000e-02
    2.71900000e+01    3.60937000e-02
    1.32600000e+01    3.03284000e-02
    6.05200000e+00   -3.09034000e-02
    2.98100000e+00   -1.19126000e-01
    1.47600000e+00   -2.11145000e-01
1  0
    7.33400000e-01    1.00000000e+00
1  0
    2.44700000e-01    1.00000000e+00
1  0
    1.08800000e-01    1.00000000e+00
1  0
    4.67200000e-02    1.00000000e+00
1  0
    1.77000000e-02    1.00000000e+00
8  1
    1.46100000e+03    2.08613000e-04
    3.46200000e+02    1.81005000e-03
    1.12200000e+02    9.73433000e-03
    4.25100000e+01    3.78266000e-02
    1.77200000e+01    1.10898000e-01
    7.85200000e+00    2.34295000e-01
    3.57100000e+00    3.45245000e-01
    1.63700000e+00    3.31430000e-01
8  1
    1.46100000e+03   -3.71947000e-05
    3.46200000e+02   -3.28563000e-04
    1.12200000e+02   -1.74264000e-03
    4.25100000e+01   -6.94828000e-03
    1.77200000e+01   -2.02807000e-02
    7.85200000e+00   -4.48657000e-02
    3.57100000e+00   -6.43278000e-02
    1.63700000e+00   -7.52666000e-02
1  1
    7.38200000e-01    1.00000000e+00
1  1
    2.57700000e-01    1.00000000e+00
1  1
    9.77300000e-02    1.00000000e+00
1  1
    3.69000000e-02    1.00000000e+00
1  1
    1.15000000e-02    1.00000000e+00
1  2
    1.31700000e+00    1.00000000e+00
1  2
    5.26000000e-01    1.00000000e+00
1  2
    2.10000000e-01    1.00000000e+00
1  2
    8.40000000e-02    1.00000000e+00
1  2
    2.94000000e-02    1.00000000e+00
1  3
    1.30000000e-01    1.00000000e+00
1  3
    2.58000000e-01    1.00000000e+00
1  3
    5.13000000e-01    1.00000000e+00
1  3
    5.09000000e-02    1.00000000e+00
1  4
    2.52000000e-01    1.00000000e+00
1  4
    5.43000000e-01    1.00000000e+00
1  4
    1.06900000e-01    1.00000000e+00
1  5
    4.46000000e-01    1.00000000e+00
1  5
    2.27000000e-01    1.00000000e+00
