44
1  0
    3.03587601e+02    1.00000000e+00
1  0
    1.05814567e+02    1.00000000e+00
1  0
    4.04194398e+01    1.00000000e+00
1  0
    1.27618002e+01    1.00000000e+00
1  0
    5.54897875e+00    1.00000000e+00
1  0
    3.23308552e+00    1.00000000e+00
1  0
    1.06549553e+00    1.00000000e+00
1  0
    4.75988946e-01    1.00000000e+00
1  0
    2.91708814e-01    1.00000000e+00
1  0
    1.94421259e-01    1.00000000e+00
1  0
    9.15607088e-02    1.00000000e+00
1  1
    1.62863857e+02    1.00000000e+00
1  1
    5.48161895e+01    1.00000000e+00
1  1
    8.96425781e+00    1.00000000e+00
1  1
    6.00632191e+00    1.00000000e+00
1  1
    2.04334079e+00    1.00000000e+00
1  1
    9.30221352e-01    1.00000000e+00
1  1
    4.42818320e-01    1.00000000e+00
1  1
    2.20432123e-01    1.00000000e+00
1  1
    1.11562728e-01    1.00000000e+00
1  2
    4.70769460e+01    1.00000000e+00
1  2
    1.36341757e+01    1.00000000e+00
1  2
    4.56532106e+00    1.00000000e+00
1  2
    2.59147722e+00    1.00000000e+00
1  2
    1.31315556e+00    1.00000000e+00
1  2
    5.79168881e-01    1.00000000e+00
1  2
    2.99599730e-01    1.00000000e+00
1  2
    1.49922706e-01    1.00000000e+00
1  3
    7.36106723e+00    1.00000000e+00
1  3
    3.27580386e+00    1.00000000e+00
1  3
    1.29761733e+00    1.00000000e+00
1  3
    5.29860450e-01    1.00000000e+00
1  3
    2.89979988e-01    1.00000000e+00
1  3
    1.69359107e-01    1.00000000e+00
1  4
    1.75491181e+00    1.00000000e+00
1  4
    5.17858752e-01    1.00000000e+00
1  4
    2.45248317e-01    1.00000000e+00
1  5
    5.08729888e-01    1.00000000e+00
1  0
    5.04025626e-02    1.00000000e+00
1  1
    5.72609019e-02    1.00000000e+00
1  2
    6.78572777e-02    1.00000000e+00
1  3
    7.22783857e-02    1.00000000e+00
1  4
    9.58740737e-02    1.00000000e+00
1  5
    2.12390240e-01    1.00000000e+00
