37
1  0
    3.00626409e+02    1.00000000e+00
1  0
    1.04773953e+02    1.00000000e+00
1  0
    4.05124505e+01    1.00000000e+00
1  0
    1.62551688e+01    1.00000000e+00
1  0
    6.74057935e+00    1.00000000e+00
1  0
    3.08557266e+00    1.00000000e+00
1  0
    1.34820413e+00    1.00000000e+00
1  0
    5.42142504e-01    1.00000000e+00
1  0
    2.29764672e-01    1.00000000e+00
1  0
    1.32897041e-01    1.00000000e+00
1  1
    7.62023443e+01    1.00000000e+00
1  1
    9.73237482e+00    1.00000000e+00
1  1
    5.43009763e+00    1.00000000e+00
1  1
    2.04989545e+00    1.00000000e+00
1  1
    8.78467819e-01    1.00000000e+00
1  1
    3.43916196e-01    1.00000000e+00
1  1
    1.65122703e-01    1.00000000e+00
1  1
    6.90773434e-02    1.00000000e+00
1  2
    3.73301568e+01    1.00000000e+00
1  2
    1.10471525e+01    1.00000000e+00
1  2
    3.74343959e+00    1.00000000e+00
1  2
    1.88256817e+00    1.00000000e+00
1  2
    7.45312615e-01    1.00000000e+00
1  2
    4.56954021e-01    1.00000000e+00
1  2
    1.94798964e-01    1.00000000e+00
1  3
    5.78149922e+00    1.00000000e+00
1  3
    2.62958804e+00    1.00000000e+00
1  3
    6.84043510e-01    1.00000000e+00
1  3
    4.58367066e-01    1.00000000e+00
1  3
    2.06770963e-01    1.00000000e+00
1  4
    1.30104732e+00    1.00000000e+00
1  4
    3.51112394e-01    1.00000000e+00
1  0
    4.85433370e-02    1.00000000e+00
1  1
    3.17963358e-02    1.00000000e+00
1  2
    7.94939368e-02    1.00000000e+00
1  3
    6.97759025e-02    1.00000000e+00
1  4
    1.15617557e-01    1.00000000e+00
