 8 
12    0 
 64150.0000000     2.9025000E-04    
  9617.0000000     2.2506400E-03    
  2189.0000000     1.1645900E-02    
   620.5000000     4.6737700E-02    
   202.7000000     1.4629900E-01    
    73.1500000     3.3028300E-01    
    28.5500000     4.1586100E-01    
    11.7700000     1.8925300E-01    
     3.3000000     1.1588900E-02    
     1.1730000    -1.2838500E-03    
     0.1752000     4.2588300E-04    
     0.0647300    -1.9928000E-04    
12    0 
 64150.0000000    -7.5804800E-05    
  9617.0000000    -5.8179100E-04    
  2189.0000000    -3.0811300E-03    
   620.5000000    -1.2311200E-02    
   202.7000000    -4.1978100E-02    
    73.1500000    -1.0337100E-01    
    28.5500000    -1.9630800E-01    
    11.7700000    -8.3000200E-02    
     3.3000000     5.4104000E-01    
     1.1730000     5.7879600E-01    
     0.1752000     2.8814700E-02    
     0.0647300    -9.5379500E-03    
12    0 
 64150.0000000     1.7507800E-05    
  9617.0000000     1.3420800E-04    
  2189.0000000     7.1244200E-04    
   620.5000000     2.8433000E-03    
   202.7000000     9.7684200E-03    
    73.1500000     2.4185000E-02    
    28.5500000     4.7499300E-02    
    11.7700000     2.0362100E-02    
     3.3000000    -1.5878800E-01    
     1.1730000    -3.1169400E-01    
     0.1752000     6.2014700E-01    
     0.0647300     5.2094300E-01    
 1    0 
     0.0647300     1.0000000E+00    
 8    1 
   258.8000000     4.0684700E-03    
    60.8900000     3.0681500E-02    
    19.1400000     1.2914900E-01    
     6.8810000     3.2083100E-01    
     2.5740000     4.5381500E-01    
     0.9572000     2.7506600E-01    
     0.2099000     1.9080700E-02    
     0.0598600    -3.1284800E-03    
 8    1 
   258.8000000    -7.4805300E-04    
    60.8900000    -5.4579600E-03    
    19.1400000    -2.4537100E-02    
     6.8810000    -5.8213800E-02    
     2.5740000    -9.8375600E-02    
     0.9572000    -2.6006400E-02    
     0.2099000     4.6402000E-01    
     0.0598600     6.4887000E-01    
 1    1 
     0.0598600     1.0000000E+00    
 1    2 
     0.1890000     1.0000000E+00    
