12 
15    0 
205500.0000000     6.7883600E-05    
 30780.0000000     5.2714900E-04    
  7006.0000000     2.7620300E-03    
  1985.0000000     1.1472800E-02    
   649.1000000     3.9818800E-02    
   235.0000000     1.1504000E-01    
    91.6200000     2.6088700E-01    
    37.6700000     3.9638600E-01    
    15.9100000     2.8459700E-01    
     5.8500000     4.4458300E-02    
     2.5420000    -4.8983800E-03    
     1.0570000     2.6125300E-03    
     0.2931000    -1.0891500E-03    
     0.1455000     7.2206800E-04    
     0.0565000    -1.7848500E-04    
15    0 
205500.0000000    -1.7637700E-05    
 30780.0000000    -1.3719500E-04    
  7006.0000000    -7.1891000E-04    
  1985.0000000    -3.0114600E-03    
   649.1000000    -1.0601400E-02    
   235.0000000    -3.2134500E-02    
    91.6200000    -8.0315600E-02    
    37.6700000    -1.5679400E-01    
    15.9100000    -1.6837600E-01    
     5.8500000     1.2687900E-01    
     2.5420000     5.6149400E-01    
     1.0570000     4.3661300E-01    
     0.2931000     3.5729300E-02    
     0.1455000    -1.1456300E-02    
     0.0565000     2.2020100E-03    
15    0 
205500.0000000     4.0731500E-06    
 30780.0000000     3.1656600E-05    
  7006.0000000     1.6611600E-04    
  1985.0000000     6.9499200E-04    
   649.1000000     2.4551100E-03    
   235.0000000     7.4459800E-03    
    91.6200000     1.8825300E-02    
    37.6700000     3.7277200E-02    
    15.9100000     4.1949600E-02    
     5.8500000    -3.5437500E-02    
     2.5420000    -1.7513200E-01    
     1.0570000    -2.7620300E-01    
     0.2931000     1.0872900E-01    
     0.1455000     6.5280900E-01    
     0.0565000     3.9458700E-01    
 1    0 
     0.2931000     1.0000000E+00    
 1    0 
     0.0565000     1.0000000E+00    
 9    1 
   444.4000000     1.6278600E-03    
   105.1000000     1.3068700E-02    
    33.4700000     6.1234100E-02    
    12.3300000     1.8787000E-01    
     4.8690000     3.6045200E-01    
     1.9610000     4.0845400E-01    
     0.7834000     1.8864000E-01    
     0.1888000     9.7651400E-03    
     0.0555700    -1.1505700E-03    
 9    1 
   444.4000000    -2.8634100E-04    
   105.1000000    -2.4230800E-03    
    33.4700000    -1.0865800E-02    
    12.3300000    -3.6430700E-02    
     4.8690000    -6.4107400E-02    
     1.9610000    -9.7223900E-02    
     0.7834000     1.4743700E-02    
     0.1888000     5.0344800E-01    
     0.0555700     5.9798400E-01    
 1    1 
     0.7834000     1.0000000E+00    
 1    1 
     0.0555700     1.0000000E+00    
 1    2 
     0.1090000     1.0000000E+00    
 1    2 
     0.3330000     1.0000000E+00    
 1    3 
     0.2440000     1.0000000E+00    
