48
1  0
    6.22658000e+02    1.00000000e+00
1  0
    1.26723000e+02    1.00000000e+00
1  0
    5.09880000e+01    1.00000000e+00
1  0
    1.69015000e+01    1.00000000e+00
1  0
    8.59628000e+00    1.00000000e+00
1  0
    2.99932000e+00    1.00000000e+00
1  0
    1.70329000e+00    1.00000000e+00
1  0
    7.93673000e-01    1.00000000e+00
1  0
    4.31825000e-01    1.00000000e+00
1  0
    2.63767000e-01    1.00000000e+00
1  0
    1.67892000e-01    1.00000000e+00
1  0
    9.60479000e-02    1.00000000e+00
1  1
    1.81655000e+02    1.00000000e+00
1  1
    5.30463000e+01    1.00000000e+00
1  1
    2.04735000e+01    1.00000000e+00
1  1
    8.19824000e+00    1.00000000e+00
1  1
    3.99594000e+00    1.00000000e+00
1  1
    1.79991000e+00    1.00000000e+00
1  1
    8.60716000e-01    1.00000000e+00
1  1
    5.40931000e-01    1.00000000e+00
1  1
    3.20945000e-01    1.00000000e+00
1  1
    2.05576000e-01    1.00000000e+00
1  1
    9.70405000e-02    1.00000000e+00
1  2
    4.30134000e+01    1.00000000e+00
1  2
    1.30651000e+01    1.00000000e+00
1  2
    4.52895000e+00    1.00000000e+00
1  2
    2.00554000e+00    1.00000000e+00
1  2
    8.50034000e-01    1.00000000e+00
1  2
    4.84888000e-01    1.00000000e+00
1  2
    3.19410000e-01    1.00000000e+00
1  2
    2.09892000e-01    1.00000000e+00
1  2
    1.20513000e-01    1.00000000e+00
1  3
    9.08223000e+00    1.00000000e+00
1  3
    4.29617000e+00    1.00000000e+00
1  3
    1.50809000e+00    1.00000000e+00
1  3
    7.47970000e-01    1.00000000e+00
1  3
    4.39091000e-01    1.00000000e+00
1  3
    2.78218000e-01    1.00000000e+00
1  3
    1.70021000e-01    1.00000000e+00
1  4
    3.24094000e+00    1.00000000e+00
1  4
    1.44074000e+00    1.00000000e+00
1  4
    6.30760000e-01    1.00000000e+00
1  4
    3.68941000e-01    1.00000000e+00
1  4
    1.79601000e-01    1.00000000e+00
1  5
    1.85034000e+00    1.00000000e+00
1  5
    6.13491000e-01    1.00000000e+00
1  5
    3.60425000e-01    1.00000000e+00
1  6
    5.99455000e-01    1.00000000e+00
