13
7  0
    3.77925508e+04    5.70478887e-04
    5.66806822e+03    4.40930165e-03
    1.28985828e+03    2.26309674e-02
    3.64865960e+02    8.80256443e-02
    1.18576315e+02    2.52237016e-01
    4.20248676e+01    4.59605472e-01
    1.54995016e+01    3.32778860e-01
3  0
    7.52080266e+01    1.92505602e-02
    2.30314090e+01    8.79067440e-02
    3.63487976e+00   -3.42467045e-01
2  0
    1.60650500e+00    1.51062661e+00
    7.61033946e-01    5.80710165e-01
1  0
    1.65567088e-01    1.00000000e+00
1  0
    6.00415771e-02    1.00000000e+00
5  1
    4.52523032e+02    2.31108125e-03
    1.07081950e+02    1.85686418e-02
    3.41310213e+01    8.72162370e-02
    1.25870374e+01    2.69021015e-01
    4.98119197e+00    5.21283243e-01
1  1
    2.00703509e+00    1.00000000e+00
1  1
    8.00837144e-01    1.00000000e+00
1  1
    2.01789275e-01    1.00000000e+00
1  1
    5.78955504e-02    1.00000000e+00
2  2
    1.57000000e+00    2.00000000e-01
    3.33000000e-01    1.00000000e+00
1  2
    1.11000000e-01    1.00000000e+00
1  3
    2.44000000e-01    1.00000000e+00
