17
1  0
    6.86100000e+03    1.00000000e+00
1  0
    1.37200000e+03    1.00000000e+00
1  0
    3.43000000e+02    1.00000000e+00
1  0
    8.58000000e+01    1.00000000e+00
1  0
    2.14000000e+01    1.00000000e+00
1  10
    6.72000000e+00    1.00000000e+00
1  10
    6.72000000e+00    1.00000000e+00
1  10
    1.34000000e+00    1.00000000e+00
1  10
    1.34000000e+00    1.00000000e+00
1  10
    3.40000000e-01    1.00000000e+00
1  10
    3.40000000e-01    1.00000000e+00
1  10
    8.40000000e-02    1.00000000e+00
1  10
    8.40000000e-02    1.00000000e+00
1  2
    6.72000000e+00    1.00000000e+00
1  2
    1.34000000e+00    1.00000000e+00
1  2
    3.40000000e-01    1.00000000e+00
1  2
    8.40000000e-02    1.00000000e+00
