5
3  0
    3.51421477e+02    1.54328967e-01
    6.40118607e+01    5.35328142e-01
    1.73241076e+01    4.44634542e-01
3  10
    1.88993962e+01   -9.99672292e-02
    4.39181323e+00    3.99512826e-01
    1.42835397e+00    7.00115469e-01
3  10
    1.88993962e+01    1.55916275e-01
    4.39181323e+00    6.07683719e-01
    1.42835397e+00    3.91957393e-01
3  10
    1.39544829e+00   -2.19620369e-01
    3.89326532e-01    2.25595434e-01
    1.52379766e-01    9.00398426e-01
3  10
    1.39544829e+00    1.05876043e-02
    3.89326532e-01    5.95167005e-01
    1.52379766e-01    4.62001012e-01
