7
3  0
    1.55371000e+03    6.41707000e-02
    2.34678000e+02    3.78797000e-01
    5.10121000e+01    6.79752000e-01
3  0
    7.00453000e+01   -9.74661000e-02
    1.61473000e+01    3.90569000e-02
    4.53492000e+00    9.99916000e-01
3  1
    7.00453000e+01    1.07619000e-01
    1.61473000e+01    4.59576000e-01
    4.53492000e+00    6.00041000e-01
2  0
    1.54209000e+00   -1.76866000e-01
    6.07267000e-01    1.14690000e+00
2  1
    1.54209000e+00    2.55687000e-01
    6.07267000e-01    7.89842000e-01
1  0
    1.95373000e-01    1.00000000e+00
1  1
    1.95373000e-01    1.00000000e+00
