6
6  0
    2.83483000e+04    1.82526000e-03
    4.25762000e+03    1.39686000e-02
    9.69857000e+02    6.87073000e-02
    2.73263000e+02    2.36204000e-01
    8.73695000e+01    4.82214000e-01
    2.96867000e+01    3.42043000e-01
6  10
    5.75891000e+02   -2.15972000e-03  3.80665000e-03
    1.36816000e+02   -2.90775000e-02  2.92305000e-02
    4.38098000e+01   -1.10827000e-01  1.26467000e-01
    1.62094000e+01    2.76999000e-02  3.23510000e-01
    6.46084000e+00    5.77613000e-01  4.54896000e-01
    2.65114000e+00    4.88688000e-01  2.56630000e-01
3  10
    3.86028000e+00   -2.55592000e-01  -1.59197000e-02
    1.41373000e+00    3.78066000e-02   3.24646000e-01
    5.16646000e-01    1.08056000e+00   7.43990000e-01
1  10
    1.73888000e-01    1.00000000e+00   1.00000000e+00
1  10
    6.00000000e-02    1.00000000e+00   1.00000000e+00
1  2
    8.50000000e-01    1.00000000e+00
