70
1  0
    2.69268000e+03    1.00000000e+00
1  0
    5.69712000e+02    1.00000000e+00
1  0
    1.10230000e+02    1.00000000e+00
1  0
    5.00000000e+01    1.00000000e+00
1  0
    2.19730000e+01    1.00000000e+00
1  0
    1.16813000e+01    1.00000000e+00
1  0
    5.45393000e+00    1.00000000e+00
1  0
    3.30528000e+00    1.00000000e+00
1  0
    2.29863000e+00    1.00000000e+00
1  0
    1.23791000e+00    1.00000000e+00
1  0
    6.42763000e-01    1.00000000e+00
1  0
    3.66584000e-01    1.00000000e+00
1  0
    1.78657000e-01    1.00000000e+00
1  1
    5.52389000e+02    1.00000000e+00
1  1
    1.55597000e+02    1.00000000e+00
1  1
    6.05430000e+01    1.00000000e+00
1  1
    2.79999000e+01    1.00000000e+00
1  1
    1.53106000e+01    1.00000000e+00
1  1
    7.62795000e+00    1.00000000e+00
1  1
    3.90000000e+00    1.00000000e+00
1  1
    2.65000000e+00    1.00000000e+00
1  1
    1.60000000e+00    1.00000000e+00
1  1
    1.10000000e+00    1.00000000e+00
1  1
    7.00000000e-01    1.00000000e+00
1  1
    3.90000000e-01    1.00000000e+00
1  1
    2.20000000e-01    1.00000000e+00
1  2
    1.66714000e+02    1.00000000e+00
1  2
    5.41709000e+01    1.00000000e+00
1  2
    2.26958000e+01    1.00000000e+00
1  2
    1.01953000e+01    1.00000000e+00
1  2
    5.17957000e+00    1.00000000e+00
1  2
    2.77643000e+00    1.00000000e+00
1  2
    1.82981000e+00    1.00000000e+00
1  2
    1.21264000e+00    1.00000000e+00
1  2
    8.27748000e-01    1.00000000e+00
1  2
    4.64964000e-01    1.00000000e+00
1  2
    2.09170000e-01    1.00000000e+00
1  3
    4.84364000e+01    1.00000000e+00
1  3
    2.47256000e+01    1.00000000e+00
1  3
    1.09569000e+01    1.00000000e+00
1  3
    5.36323000e+00    1.00000000e+00
1  3
    2.89680000e+00    1.00000000e+00
1  3
    2.00939000e+00    1.00000000e+00
1  3
    1.16074000e+00    1.00000000e+00
1  3
    7.56422000e-01    1.00000000e+00
1  3
    4.60573000e-01    1.00000000e+00
1  4
    1.64687000e+01    1.00000000e+00
1  4
    7.38767000e+00    1.00000000e+00
1  4
    3.90868000e+00    1.00000000e+00
1  4
    2.31623000e+00    1.00000000e+00
1  4
    1.38578000e+00    1.00000000e+00
1  4
    8.55882000e-01    1.00000000e+00
1  4
    6.08471000e-01    1.00000000e+00
1  5
    7.65454000e+00    1.00000000e+00
1  5
    3.60727000e+00    1.00000000e+00
1  5
    2.20352000e+00    1.00000000e+00
1  5
    1.37920000e+00    1.00000000e+00
1  5
    7.49479000e-01    1.00000000e+00
1  6
    4.83280000e+00    1.00000000e+00
1  6
    2.35113000e+00    1.00000000e+00
1  6
    1.28622000e+00    1.00000000e+00
1  7
    2.03540000e+00    1.00000000e+00
1  0
    8.66461000e-02    1.00000000e+00
1  1
    1.40312000e-01    1.00000000e+00
1  2
    1.08652000e-01    1.00000000e+00
1  3
    2.03782000e-01    1.00000000e+00
1  4
    2.60828000e-01    1.00000000e+00
1  5
    4.45638000e-01    1.00000000e+00
1  6
    7.92785000e-01    1.00000000e+00
1  7
    1.38993000e+00    1.00000000e+00
