37
16  0
    9.14900000e+06    1.30000000e-06
    1.37000000e+06    1.04000000e-05
    3.11900000e+05    5.49000000e-05
    8.86500000e+04    2.29600000e-04
    2.93300000e+04    8.10300000e-04
    1.09300000e+04    2.48530000e-03
    4.48000000e+03    6.83690000e-03
    1.96200000e+03    1.76199000e-02
    8.94100000e+02    4.28752000e-02
    4.19600000e+02    9.54853000e-02
    2.02300000e+02    1.85064000e-01
    9.98400000e+01    2.89042000e-01
    5.00700000e+01    3.10166000e-01
    2.51400000e+01    1.72183000e-01
    1.18100000e+01    2.85227000e-02
    5.88200000e+00   -5.75700000e-04
16  0
    9.14900000e+06   -4.00000000e-07
    1.37000000e+06   -3.00000000e-06
    3.11900000e+05   -1.56000000e-05
    8.86500000e+04   -6.52000000e-05
    2.93300000e+04   -2.30400000e-04
    1.09300000e+04   -7.07500000e-04
    4.48000000e+03   -1.95730000e-03
    1.96200000e+03   -5.08560000e-03
    8.94100000e+02   -1.26528000e-02
    4.19600000e+02   -2.93065000e-02
    2.02300000e+02   -6.17712000e-02
    9.98400000e+01   -1.12541000e-01
    5.00700000e+01   -1.62293000e-01
    2.51400000e+01   -1.18412000e-01
    1.18100000e+01    1.46148000e-01
    5.88200000e+00    4.97752000e-01
16  0
    9.14900000e+06    1.00000000e-07
    1.37000000e+06    9.00000000e-07
    3.11900000e+05    4.90000000e-06
    8.86500000e+04    2.04000000e-05
    2.93300000e+04    7.20000000e-05
    1.09300000e+04    2.21000000e-04
    4.48000000e+03    6.12500000e-04
    1.96200000e+03    1.59080000e-03
    8.94100000e+02    3.97220000e-03
    4.19600000e+02    9.22040000e-03
    2.02300000e+02    1.96367000e-02
    9.98400000e+01    3.62570000e-02
    5.00700000e+01    5.41725000e-02
    2.51400000e+01    4.09996000e-02
    1.18100000e+01   -5.51744000e-02
    5.88200000e+00   -2.38754000e-01
1  0
    2.93900000e+00    1.00000000e+00
1  0
    1.40500000e+00    1.00000000e+00
1  0
    6.96300000e-01    1.00000000e+00
1  0
    3.18800000e-01    1.00000000e+00
1  0
    1.41000000e-01    1.00000000e+00
1  0
    5.35700000e-02    1.00000000e+00
9  1
    7.05000000e+03    5.02000000e-05
    1.66900000e+03    4.45400000e-04
    5.42100000e+02    2.54800000e-03
    2.07100000e+02    1.10155000e-02
    8.75200000e+01    3.78490000e-02
    3.96100000e+01    1.04355000e-01
    1.87800000e+01    2.19335000e-01
    9.13000000e+00    3.34615000e-01
    4.51600000e+00    3.26771000e-01
9  1
    7.05000000e+03   -1.40000000e-05
    1.66900000e+03   -1.24300000e-04
    5.42100000e+02   -7.14700000e-04
    2.07100000e+02   -3.09680000e-03
    8.75200000e+01   -1.07961000e-02
    3.96100000e+01   -3.03536000e-02
    1.87800000e+01   -6.59785000e-02
    9.13000000e+00   -1.03877000e-01
    4.51600000e+00   -1.09956000e-01
1  1
    2.24500000e+00    1.00000000e+00
1  1
    1.06500000e+00    1.00000000e+00
1  1
    4.88500000e-01    1.00000000e+00
1  1
    2.16600000e-01    1.00000000e+00
1  1
    9.25500000e-02    1.00000000e+00
1  1
    3.67800000e-02    1.00000000e+00
1  2
    7.63270000e+00    1.00000000e+00
1  2
    3.28760000e+00    1.00000000e+00
1  2
    1.41600000e+00    1.00000000e+00
1  2
    6.09900000e-01    1.00000000e+00
1  2
    2.62700000e-01    1.00000000e+00
1  2
    1.07800000e-01    1.00000000e+00
1  3
    3.05820000e+00    1.00000000e+00
1  3
    1.52920000e+00    1.00000000e+00
1  3
    7.64700000e-01    1.00000000e+00
1  3
    3.82400000e-01    1.00000000e+00
1  3
    1.83000000e-01    1.00000000e+00
1  4
    1.84500000e+00    1.00000000e+00
1  4
    9.65700000e-01    1.00000000e+00
1  4
    5.05500000e-01    1.00000000e+00
1  4
    2.55500000e-01    1.00000000e+00
1  5
    1.87430000e+00    1.00000000e+00
1  5
    8.87100000e-01    1.00000000e+00
1  5
    5.26500000e-01    1.00000000e+00
1  6
    1.50660000e+00    1.00000000e+00
1  6
    9.92600000e-01    1.00000000e+00
