10
3  0
    5.40761380e+03    6.26010000e-02
    8.18174360e+02    3.72779000e-01
    1.79265690e+02    6.85184000e-01
3  0
    2.37778300e+02   -1.12838000e-01
    5.42566200e+01    8.72270000e-02
    1.63280300e+01    9.68188000e-01
3  1
    2.37778300e+02    1.49680000e-01
    5.42566200e+01    5.62322000e-01
    1.63280300e+01    4.59323000e-01
3  0
    1.71018500e+01   -2.91454000e-01
    5.80514400e+00    2.96962000e-01
    1.90208400e+00    8.86579000e-01
3  1
    1.71018500e+01    2.56860000e-02
    5.80514400e+00    4.83397000e-01
    1.90208400e+00    5.88785000e-01
2  0
    1.67540400e+00   -5.05761000e-01
    3.41656000e-01    1.25176400e+00
2  1
    1.67540400e+00    2.52820000e-02
    3.41656000e-01    9.87433000e-01
1  0
    1.13630000e-01    1.00000000e+00
1  1
    1.13630000e-01    1.00000000e+00
3  2
    2.74372090e+01    1.54495000e-01
    7.08404400e+00    5.11432000e-01
    1.85582300e+00    5.82194000e-01
