14
13  0
    5.59583790e+05    2.02400000e-04
    8.38793300e+04    1.57090000e-03
    1.90926680e+04    8.16620000e-03
    5.40739250e+03    3.33399000e-02
    1.76375590e+03    1.09172600e-01
    6.36456720e+02    2.71885300e-01
    2.48088430e+02    4.20850900e-01
    1.01578510e+02    2.79225700e-01
    3.14755130e+01    3.00301000e-02
    1.34372820e+01   -6.88040000e-03
    4.00869000e+00    2.42400000e-03
    1.68492900e+00   -1.14910000e-03
    3.00019000e-01    3.09500000e-04
13  0
    5.59583790e+05   -6.34000000e-05
    8.38793300e+04   -4.88300000e-04
    1.90926680e+04   -2.58210000e-03
    5.40739250e+03   -1.05402000e-02
    1.76375590e+03   -3.69325000e-02
    6.36456720e+02   -1.00235500e-01
    2.48088430e+02   -2.14294800e-01
    1.01578510e+02   -1.81052600e-01
    3.14755130e+01    4.72541000e-01
    1.34372820e+01    6.38619400e-01
    4.00869000e+00    7.58107000e-02
    1.68492900e+00   -1.35278000e-02
    3.00019000e-01    3.19700000e-03
13  0
    5.59583790e+05    2.46000000e-05
    8.38793300e+04    1.90700000e-04
    1.90926680e+04    1.00310000e-03
    5.40739250e+03    4.13530000e-03
    1.76375590e+03    1.44259000e-02
    6.36456720e+02    4.02962000e-02
    2.48088430e+02    8.75670000e-02
    1.01578510e+02    8.35178000e-02
    3.14755130e+01   -2.93293500e-01
    1.34372820e+01   -5.47052000e-01
    4.00869000e+00    5.43873800e-01
    1.68492900e+00    7.14359100e-01
    3.00019000e-01    3.53443000e-02
13  0
    5.59583790e+05   -6.80000000e-06
    8.38793300e+04   -5.25000000e-05
    1.90926680e+04   -2.75600000e-04
    5.40739250e+03   -1.13890000e-03
    1.76375590e+03   -3.96460000e-03
    6.36456720e+02   -1.11423000e-02
    2.48088430e+02   -2.41991000e-02
    1.01578510e+02   -2.36339000e-02
    3.14755130e+01    8.66317000e-02
    1.34372820e+01    1.68583900e-01
    4.00869000e+00   -2.09142500e-01
    1.68492900e+00   -4.50091800e-01
    3.00019000e-01    6.60397800e-01
1  0
    1.13587000e-01    1.00000000e+00
1  0
    4.11520000e-02    1.00000000e+00
10  1
    3.88635640e+03    1.40970000e-03
    9.21202010e+02    1.18277000e-02
    2.97193190e+02    5.93280000e-02
    1.11975080e+02    1.96511500e-01
    4.60346210e+01    3.99789100e-01
    1.98741940e+01    4.00465300e-01
    8.38608800e+00    1.16419600e-01
    3.55872800e+00    6.91800000e-04
    1.44728200e+00    2.16330000e-03
    3.47779000e-01   -4.15000000e-04
10  1
    3.88635640e+03   -5.51900000e-04
    9.21202010e+02   -4.65500000e-03
    2.97193190e+02   -2.39176000e-02
    1.11975080e+02   -8.25627000e-02
    4.60346210e+01   -1.80679100e-01
    1.98741940e+01   -1.72484800e-01
    8.38608800e+00    2.08670000e-01
    3.55872800e+00    5.82362200e-01
    1.44728200e+00    3.53746500e-01
    3.47779000e-01    2.06439000e-02
10  1
    3.88635640e+03    1.23600000e-04
    9.21202010e+02    1.02400000e-03
    2.97193190e+02    5.38050000e-03
    1.11975080e+02    1.82443000e-02
    4.60346210e+01    4.15979000e-02
    1.98741940e+01    3.62998000e-02
    8.38608800e+00   -5.23569000e-02
    3.55872800e+00   -1.79166700e-01
    1.44728200e+00   -7.40477000e-02
    3.47779000e-01    5.35809400e-01
1  1
    1.07699000e-01    1.00000000e+00
1  1
    3.12680000e-02    1.00000000e+00
5  2
    8.44242340e+01    2.45288000e-02
    2.41815890e+01    1.41134000e-01
    8.40177700e+00    3.68757900e-01
    2.98050200e+00    4.84062600e-01
    9.79003000e-01    2.82443400e-01
1  2
    3.09800000e-01    1.00000000e+00
1  2
    1.07800000e-01    1.00000000e+00
