46
1  0
    1.19327273e+02    1.00000000e+00
1  0
    2.33786878e+01    1.00000000e+00
1  0
    1.56450450e+01    1.00000000e+00
1  0
    1.04300300e+01    1.00000000e+00
1  0
    2.71947429e+00    1.00000000e+00
1  0
    1.66945007e+00    1.00000000e+00
1  0
    8.69423540e-01    1.00000000e+00
1  0
    5.79060030e-01    1.00000000e+00
1  0
    2.41355480e-01    1.00000000e+00
1  0
    1.29290810e-01    1.00000000e+00
1  0
    6.05349200e-02    1.00000000e+00
1  1
    4.66079808e+01    1.00000000e+00
1  1
    3.11924733e+01    1.00000000e+00
1  1
    7.25143972e+00    1.00000000e+00
1  1
    3.79050453e+00    1.00000000e+00
1  1
    2.53475474e+00    1.00000000e+00
1  1
    1.14921795e+00    1.00000000e+00
1  1
    7.27131550e-01    1.00000000e+00
1  1
    3.62127400e-01    1.00000000e+00
1  1
    1.92617550e-01    1.00000000e+00
1  1
    1.04303990e-01    1.00000000e+00
1  2
    1.19213823e+02    1.00000000e+00
1  2
    3.29261710e+01    1.00000000e+00
1  2
    1.03944756e+01    1.00000000e+00
1  2
    4.65909250e+00    1.00000000e+00
1  2
    2.49868142e+00    1.00000000e+00
1  2
    1.08896809e+00    1.00000000e+00
1  2
    6.59154690e-01    1.00000000e+00
1  2
    3.25954890e-01    1.00000000e+00
1  2
    1.53470600e-01    1.00000000e+00
1  3
    8.31994711e+01    1.00000000e+00
1  3
    1.21757863e+01    1.00000000e+00
1  3
    7.08947119e+00    1.00000000e+00
1  3
    2.15112588e+00    1.00000000e+00
1  3
    9.12783760e-01    1.00000000e+00
1  3
    5.37806820e-01    1.00000000e+00
1  3
    2.42955850e-01    1.00000000e+00
1  4
    2.62873759e+01    1.00000000e+00
1  4
    9.28162800e+00    1.00000000e+00
1  4
    2.36983108e+00    1.00000000e+00
1  4
    8.70347080e-01    1.00000000e+00
1  4
    4.35643830e-01    1.00000000e+00
1  5
    4.36847684e+00    1.00000000e+00
1  5
    1.78730234e+00    1.00000000e+00
1  5
    7.56158410e-01    1.00000000e+00
1  6
    1.71247733e+00    1.00000000e+00
