20
18  0
    1.36003410e+07    3.80000000e-06
    2.03650730e+06    2.92000000e-05
    4.63432780e+05    1.53800000e-04
    1.31259940e+05    6.49600000e-04
    4.28191920e+04    2.36250000e-03
    1.54570190e+04    7.66090000e-03
    6.02845830e+03    2.24672000e-02
    2.50055990e+03    5.93425000e-02
    1.09061490e+03    1.37101500e-01
    4.95621540e+02    2.58947200e-01
    2.32816690e+02    3.47284700e-01
    1.11631180e+02    2.53424700e-01
    5.22699500e+01    5.96266000e-02
    2.61498780e+01   -1.18610000e-03
    1.30187570e+01    1.77910000e-03
    6.15543200e+00   -8.45500000e-04
    2.95912700e+00    3.66000000e-04
    1.37387400e+00   -1.62200000e-04
18  0
    1.36003410e+07   -1.20000000e-06
    2.03650730e+06   -9.10000000e-06
    4.63432780e+05   -4.80000000e-05
    1.31259940e+05   -2.02800000e-04
    4.28191920e+04   -7.39200000e-04
    1.54570190e+04   -2.40890000e-03
    6.02845830e+03   -7.15380000e-03
    2.50055990e+03   -1.94333000e-02
    1.09061490e+03   -4.77471000e-02
    4.95621540e+02   -1.02263900e-01
    2.32816690e+02   -1.75832600e-01
    1.11631180e+02   -1.83749400e-01
    5.22699500e+01    6.48276000e-02
    2.61498780e+01    5.10928100e-01
    1.30187570e+01    4.87314300e-01
    6.15543200e+00    1.03363600e-01
    2.95912700e+00    6.35500000e-04
    1.37387400e+00    1.97660000e-03
18  0
    1.36003410e+07    5.00000000e-07
    2.03650730e+06    3.60000000e-06
    4.63432780e+05    1.87000000e-05
    1.31259940e+05    7.90000000e-05
    4.28191920e+04    2.88100000e-04
    1.54570190e+04    9.38600000e-04
    6.02845830e+03    2.79460000e-03
    2.50055990e+03    7.60980000e-03
    1.09061490e+03    1.88699000e-02
    4.95621540e+02    4.10063000e-02
    2.32816690e+02    7.31275000e-02
    1.11631180e+02    8.07194000e-02
    5.22699500e+01   -3.16300000e-02
    2.61498780e+01   -3.31737600e-01
    1.30187570e+01   -4.63822100e-01
    6.15543200e+00    1.03699000e-01
    2.95912700e+00    7.18298600e-01
    1.37387400e+00    4.35330500e-01
18  0
    1.36003410e+07   -1.00000000e-07
    2.03650730e+06   -1.00000000e-06
    4.63432780e+05   -5.20000000e-06
    1.31259940e+05   -2.17000000e-05
    4.28191920e+04   -7.94000000e-05
    1.54570190e+04   -2.58300000e-04
    6.02845830e+03   -7.70900000e-04
    2.50055990e+03   -2.09460000e-03
    1.09061490e+03   -5.21640000e-03
    4.95621540e+02   -1.13163000e-02
    2.32816690e+02   -2.03935000e-02
    1.11631180e+02   -2.24664000e-02
    5.22699500e+01    8.55900000e-03
    2.61498780e+01    9.95692000e-02
    1.30187570e+01    1.43450100e-01
    6.15543200e+00   -3.71901000e-02
    2.95912700e+00   -3.08536800e-01
    1.37387400e+00   -3.47864900e-01
1  0
    4.08850000e-01    1.00000000e+00
1  0
    1.94511000e-01    1.00000000e+00
1  0
    8.36410000e-02    1.00000000e+00
13  1
    2.55704180e+04    5.33000000e-05
    6.05292370e+03    4.74400000e-04
    1.96570020e+03    2.73300000e-03
    7.51772290e+02    1.19871000e-02
    3.18681400e+02    4.20766000e-02
    1.45147490e+02    1.17589100e-01
    6.95411620e+01    2.47874700e-01
    3.44513760e+01    3.60514800e-01
    1.74606100e+01    2.95592100e-01
    8.80860900e+00    9.92163000e-02
    4.37864600e+00    8.78660000e-03
    2.14440500e+00    1.44620000e-03
    1.02935000e+00   -4.47000000e-05
13  1
    2.55704180e+04   -2.08000000e-05
    6.05292370e+03   -1.85500000e-04
    1.96570020e+03   -1.07040000e-03
    7.51772290e+02   -4.73920000e-03
    3.18681400e+02   -1.68885000e-02
    1.45147490e+02   -4.88445000e-02
    6.95411620e+01   -1.07598900e-01
    3.44513760e+01   -1.66937600e-01
    1.74606100e+01   -1.16921400e-01
    8.80860900e+00    1.51450500e-01
    4.37864600e+00    4.37173100e-01
    2.14440500e+00    4.19707800e-01
    1.02935000e+00    1.43763600e-01
13  1
    2.55704180e+04    4.60000000e-06
    6.05292370e+03    4.12000000e-05
    1.96570020e+03    2.39300000e-04
    7.51772290e+02    1.05310000e-03
    3.18681400e+02    3.78630000e-03
    1.45147490e+02    1.09101000e-02
    6.95411620e+01    2.43853000e-02
    3.44513760e+01    3.76482000e-02
    1.74606100e+01    2.65137000e-02
    8.80860900e+00   -4.45464000e-02
    4.37864600e+00   -1.16768100e-01
    2.14440500e+00   -1.40944100e-01
    1.02935000e+00   -1.21210000e-03
1  1
    4.04636000e-01    1.00000000e+00
1  1
    1.65622000e-01    1.00000000e+00
1  1
    6.56100000e-02    1.00000000e+00
9  2
    9.96979600e+02    1.46200000e-04
    3.00985180e+02    1.40340000e-03
    1.17234730e+02    8.01950000e-03
    5.19569040e+01    3.10048000e-02
    2.46894400e+01    8.78478000e-02
    1.22951710e+01    1.85225000e-01
    6.24465200e+00    2.80825100e-01
    3.15546000e+00    3.16319800e-01
    1.56804900e+00    2.57119200e-01
1  2
    7.48647000e-01    1.00000000e+00
1  2
    3.19125000e-01    1.00000000e+00
1  2
    1.30000000e-01    1.00000000e+00
1  3
    2.64000000e-01    1.00000000e+00
1  3
    6.44000000e-01    1.00000000e+00
1  4
    5.46500000e-01    1.00000000e+00
