20
1  0
    4.57600000e+04    1.00000000e+00
1  0
    9.15200000e+03    1.00000000e+00
1  0
    2.28800000e+03    1.00000000e+00
1  0
    5.72000000e+02    1.00000000e+00
1  0
    1.43000000e+02    1.00000000e+00
1  10
    4.48000000e+01    1.00000000e+00
1  10
    4.48000000e+01    1.00000000e+00
1  10
    8.96000000e+00    1.00000000e+00
1  10
    8.96000000e+00    1.00000000e+00
1  10
    2.24000000e+00    1.00000000e+00
1  10
    2.24000000e+00    1.00000000e+00
1  10
    5.60000000e-01    1.00000000e+00
1  10
    5.60000000e-01    1.00000000e+00
1  10
    1.40000000e-01    1.00000000e+00
1  10
    1.40000000e-01    1.00000000e+00
1  2
    4.48000000e+01    1.00000000e+00
1  2
    8.96000000e+00    1.00000000e+00
1  2
    2.24000000e+00    1.00000000e+00
1  2
    5.60000000e-01    1.00000000e+00
1  2
    1.40000000e-01    1.00000000e+00
