8
3  0
    2.33706567e+03    1.54328967e-01
    4.25699430e+02    5.35328142e-01
    1.15210879e+02    4.44634542e-01
3  0
    1.93197054e+02   -9.99672292e-02
    4.48948404e+01    3.99512826e-01
    1.46011955e+01    7.00115469e-01
3  1
    1.93197054e+02    1.55916275e-01
    4.48948404e+01    6.07683719e-01
    1.46011955e+01    3.91957393e-01
3  0
    1.58716358e+01   -2.27763502e-01
    4.84135482e+00    2.17543604e-01
    1.86794520e+00    9.16676961e-01
3  1
    1.58716358e+01    4.95151120e-03
    4.84135482e+00    5.77766469e-01
    1.86794520e+00    4.84646037e-01
3  0
    1.10768146e+00   -3.08844122e-01
    4.08804124e-01    1.96064117e-02
    1.80532211e-01    1.13103444e+00
3  1
    1.10768146e+00   -1.21546860e-01
    4.08804124e-01    5.71522760e-01
    1.80532211e-01    5.49894947e-01
3  2
    1.58716358e+01    2.19767951e-01
    4.84135482e+00    6.55547363e-01
    1.86794520e+00    2.86573259e-01
