8
6  0
    2.42376699e+04    9.16359628e-03
    4.44395024e+03    4.93614929e-02
    1.24325713e+03    1.68538305e-01
    4.27092380e+02    3.70562800e-01
    1.65852469e+02    4.16491530e-01
    6.83072058e+01    1.30334084e-01
6  10
    2.00322248e+03   -1.32527881e-02
    3.96490007e+02   -4.69917101e-02
    1.23228799e+02   -3.37853715e-02
    4.74105606e+01    2.50241786e-01
    2.05904388e+01    5.95117253e-01
    9.43810460e+00    2.40706176e-01
6  10
    2.00322248e+03    3.75969662e-03
    3.96490007e+02    3.76793698e-02
    1.23228799e+02    1.73896744e-01
    4.74105606e+01    4.18036435e-01
    2.05904388e+01    4.25859548e-01
    9.43810460e+00    1.01708296e-01
6  10
    9.50489556e+01   -7.94312636e-03
    2.73692600e+01   -7.10026417e-02
    1.07650152e+01   -1.78502693e-01
    4.91997783e+00    1.51063506e-01
    2.44850573e+00    7.35491477e-01
    1.25745965e+00    2.76059312e-01
6  10
    9.50489556e+01   -7.13935891e-03
    2.73692600e+01   -1.82927707e-02
    1.07650152e+01    7.62162143e-02
    4.91997783e+00    4.14509860e-01
    2.44850573e+00    4.88962147e-01
    1.25745965e+00    1.05881652e-01
6  10
    6.13641106e+00    3.77505600e-03
    1.97448565e+00   -5.58596500e-02
    8.43629891e-01   -3.19294600e-01
    4.20687975e-01   -2.76478000e-02
    2.27068908e-01    9.04919900e-01
    1.26263606e-01    3.40625800e-01
6  10
    6.13641106e+00   -7.05207500e-03
    1.97448565e+00   -5.25950500e-02
    8.43629891e-01   -3.77345000e-02
    4.20687975e-01    3.87477300e-01
    2.27068908e-01    5.79167200e-01
    1.26263606e-01    1.22181700e-01
6  2
    9.50489556e+01    6.63343439e-03
    2.73692600e+01    5.95817796e-02
    1.07650152e+01    2.40194958e-01
    4.91997783e+00    4.64811468e-01
    2.44850573e+00    3.43409233e-01
    1.25745965e+00    5.38905698e-02
