23
4  0
    2.82452505e+01    4.46785100e-01
    1.65778354e+01   -3.06628580e+00
    1.01476241e+01    7.79592030e+00
    5.96919050e+00   -7.04828330e+00
1  0
    3.65386070e+00    1.00000000e+00
1  0
    2.14454110e+00    1.00000000e+00
1  0
    1.26149470e+00    1.00000000e+00
1  0
    7.14693300e-01    1.00000000e+00
1  0
    4.20407800e-01    1.00000000e+00
1  0
    2.19955100e-01    1.00000000e+00
1  0
    9.62081000e-02    1.00000000e+00
1  1
    7.57228860e+00    1.00000000e+00
1  1
    2.69985440e+00    1.00000000e+00
1  1
    9.63572900e-01    1.00000000e+00
1  1
    3.44102400e-01    1.00000000e+00
1  1
    1.22907100e-01    1.00000000e+00
1  2
    6.80278100e+00    1.00000000e+00
1  2
    2.96256000e+00    1.00000000e+00
1  2
    1.30827940e+00    1.00000000e+00
1  2
    5.82648100e-01    1.00000000e+00
1  2
    2.60221600e-01    1.00000000e+00
2  3
    1.97545300e+00   -1.24600000e-02
    8.15756600e-01    1.06630000e-02
1  3
    3.40812800e-01    1.00000000e+00
1  4
    2.34631190e+00    1.00000000e+00
1  4
    8.95694000e-01    1.00000000e+00
1  4
    3.44212700e-01    1.00000000e+00
