36
1  0
    1.57114916e+02    1.00000000e+00
1  0
    3.28816712e+01    1.00000000e+00
1  0
    7.63925974e+00    1.00000000e+00
1  0
    4.90110421e+00    1.00000000e+00
1  0
    1.65761272e+00    1.00000000e+00
1  0
    7.83598150e-01    1.00000000e+00
1  0
    3.21564870e-01    1.00000000e+00
1  0
    1.72016630e-01    1.00000000e+00
1  1
    3.99262170e+01    1.00000000e+00
1  1
    1.00223426e+01    1.00000000e+00
1  1
    3.79552190e+00    1.00000000e+00
1  1
    1.68738303e+00    1.00000000e+00
1  1
    7.37441110e-01    1.00000000e+00
1  1
    3.36594530e-01    1.00000000e+00
1  1
    1.58492300e-01    1.00000000e+00
1  2
    1.48310875e+01    1.00000000e+00
1  2
    4.05324789e+00    1.00000000e+00
1  2
    1.34313619e+00    1.00000000e+00
1  2
    6.80469830e-01    1.00000000e+00
1  2
    4.70131470e-01    1.00000000e+00
1  2
    2.44681290e-01    1.00000000e+00
1  3
    4.29775693e+00    1.00000000e+00
1  3
    1.75710885e+00    1.00000000e+00
1  3
    1.09073089e+00    1.00000000e+00
1  3
    4.73903240e-01    1.00000000e+00
1  3
    2.12749530e-01    1.00000000e+00
1  4
    1.70494610e+00    1.00000000e+00
1  4
    8.74472170e-01    1.00000000e+00
1  4
    4.74416510e-01    1.00000000e+00
1  5
    9.61444830e-01    1.00000000e+00
1  0
    5.17893354e-02    1.00000000e+00
1  1
    5.89220329e-02    1.00000000e+00
1  2
    8.64377189e-02    1.00000000e+00
1  3
    7.56196296e-02    1.00000000e+00
1  4
    2.04313539e-01    1.00000000e+00
1  5
    4.28452469e-01    1.00000000e+00
