14 
10    0 
  5473.0000000     5.5500000E-04    
   820.9000000     4.2910000E-03    
   186.8000000     2.1949000E-02    
    52.8300000     8.4441000E-02    
    17.0800000     2.3855700E-01    
     5.9990000     4.3507200E-01    
     2.2080000     3.4195500E-01    
     0.5879000     3.6856000E-02    
     0.2415000    -9.5450000E-03    
     0.0861000     2.3680000E-03    
10    0 
  5473.0000000    -1.1200000E-04    
   820.9000000    -8.6800000E-04    
   186.8000000    -4.4840000E-03    
    52.8300000    -1.7683000E-02    
    17.0800000    -5.3639000E-02    
     5.9990000    -1.1900500E-01    
     2.2080000    -1.6582400E-01    
     0.5879000     1.2010700E-01    
     0.2415000     5.9598100E-01    
     0.0861000     4.1102100E-01    
 1    0 
     0.5879000     1.0000000E+00    
 1    0 
     0.0861000     1.0000000E+00    
 1    0 
     0.0291400     1.0000000E+00    
 5    1 
    12.0500000     1.3118000E-02    
     2.6130000     7.9896000E-02    
     0.7475000     2.7727500E-01    
     0.2385000     5.0427000E-01    
     0.0769800     3.5368000E-01    
 1    1 
     0.2385000     1.0000000E+00    
 1    1 
     0.0769800     1.0000000E+00    
 1    1 
     0.0209600     1.0000000E+00    
 1    2 
     0.6610000     1.0000000E+00    
 1    2 
     0.1990000     1.0000000E+00    
 1    2 
     0.0604000     1.0000000E+00    
 1    3 
     0.4900000     1.0000000E+00    
 1    3 
     0.1630000     1.0000000E+00    
