22
1  0
    5.36241692e+01    1.00000000e+00
1  0
    1.06476817e+01    1.00000000e+00
1  0
    4.02090771e+00    1.00000000e+00
1  0
    1.20371751e+00    1.00000000e+00
1  0
    5.57431690e-01    1.00000000e+00
1  0
    2.67324260e-01    1.00000000e+00
1  0
    1.17427280e-01    1.00000000e+00
1  1
    1.67217769e+01    1.00000000e+00
1  1
    5.11531213e+00    1.00000000e+00
1  1
    1.36387558e+00    1.00000000e+00
1  1
    5.42194820e-01    1.00000000e+00
1  1
    2.15048960e-01    1.00000000e+00
1  2
    2.47967914e+00    1.00000000e+00
1  2
    7.73259390e-01    1.00000000e+00
1  2
    3.73356870e-01    1.00000000e+00
1  2
    1.67851450e-01    1.00000000e+00
1  3
    2.52772462e+00    1.00000000e+00
1  3
    5.65053050e-01    1.00000000e+00
1  0
    3.56622158e-02    1.00000000e+00
1  1
    8.52720673e-02    1.00000000e+00
1  2
    5.43136825e-02    1.00000000e+00
1  3
    1.84760720e-01    1.00000000e+00
