39
1  0
    1.42715000e+02    1.00000000e+00
1  0
    3.47573000e+01    1.00000000e+00
1  0
    9.06332000e+00    1.00000000e+00
1  0
    4.12494000e+00    1.00000000e+00
1  0
    2.10328000e+00    1.00000000e+00
1  0
    1.04331000e+00    1.00000000e+00
1  0
    5.91867000e-01    1.00000000e+00
1  0
    3.87495000e-01    1.00000000e+00
1  0
    1.93579000e-01    1.00000000e+00
1  0
    1.00115000e-01    1.00000000e+00
1  1
    3.68023000e+01    1.00000000e+00
1  1
    9.89256000e+00    1.00000000e+00
1  1
    3.54892000e+00    1.00000000e+00
1  1
    1.67711000e+00    1.00000000e+00
1  1
    9.26420000e-01    1.00000000e+00
1  1
    4.45473000e-01    1.00000000e+00
1  1
    2.48681000e-01    1.00000000e+00
1  1
    1.40195000e-01    1.00000000e+00
1  2
    1.08085000e+01    1.00000000e+00
1  2
    4.55461000e+00    1.00000000e+00
1  2
    2.20287000e+00    1.00000000e+00
1  2
    1.05665000e+00    1.00000000e+00
1  2
    4.95164000e-01    1.00000000e+00
1  2
    2.64649000e-01    1.00000000e+00
1  2
    1.65073000e-01    1.00000000e+00
1  3
    4.90897000e+00    1.00000000e+00
1  3
    2.48356000e+00    1.00000000e+00
1  3
    1.42117000e+00    1.00000000e+00
1  3
    7.24300000e-01    1.00000000e+00
1  3
    3.98860000e-01    1.00000000e+00
1  3
    2.42397000e-01    1.00000000e+00
1  4
    3.56017000e+00    1.00000000e+00
1  4
    1.36419000e+00    1.00000000e+00
1  4
    6.62307000e-01    1.00000000e+00
1  4
    3.93770000e-01    1.00000000e+00
1  5
    1.85237000e+00    1.00000000e+00
1  5
    9.94333000e-01    1.00000000e+00
1  5
    6.25900000e-01    1.00000000e+00
1  6
    1.13018000e+00    1.00000000e+00
