23
1  0
    1.43766073e+02    1.00000000e+00
1  0
    3.24153600e+01    1.00000000e+00
1  0
    1.22996939e+01    1.00000000e+00
1  0
    4.56640919e+00    1.00000000e+00
1  0
    1.50097585e+00    1.00000000e+00
1  0
    8.50366910e-01    1.00000000e+00
1  0
    3.98389666e-01    1.00000000e+00
1  0
    1.83132232e-01    1.00000000e+00
1  1
    1.61656310e+01    1.00000000e+00
1  1
    4.14998936e+00    1.00000000e+00
1  1
    1.46688888e+00    1.00000000e+00
1  1
    7.12149119e-01    1.00000000e+00
1  1
    3.86372245e-01    1.00000000e+00
1  1
    1.79316606e-01    1.00000000e+00
1  2
    6.42444539e+00    1.00000000e+00
1  2
    2.29429241e+00    1.00000000e+00
1  2
    8.85215634e-01    1.00000000e+00
1  2
    3.65482959e-01    1.00000000e+00
1  2
    1.53357059e-01    1.00000000e+00
1  3
    2.01034497e+00    1.00000000e+00
1  3
    7.12658551e-01    1.00000000e+00
1  3
    3.48458808e-01    1.00000000e+00
1  4
    7.59321443e-01    1.00000000e+00
