3
6  0
    5.06011147e+02    9.16359628e-03
    9.27768142e+01    4.93614929e-02
    2.59556581e+01    1.68538305e-01
    8.91644514e+00    3.70562800e-01
    3.46250661e+00    4.16491530e-01
    1.42605431e+00    1.30334084e-01
6  0
    2.31945750e+01   -1.32527881e-02
    4.59081000e+00   -4.69917101e-02
    1.42681950e+00   -3.37853715e-02
    5.48948250e-01    2.50241786e-01
    2.38410000e-01    5.95117253e-01
    1.09280250e-01    2.40706176e-01
6  1
    2.31945750e+01    3.75969662e-03
    4.59081000e+00    3.76793698e-02
    1.42681950e+00    1.73896744e-01
    5.48948250e-01    4.18036435e-01
    2.38410000e-01    4.25859548e-01
    1.09280250e-01    1.01708296e-01
