9
5  0
    5.65849920e+03    5.52083270e-04
    8.48697030e+02    4.26514200e-03
    1.93136560e+02    2.18531650e-02
    5.45863170e+01    8.45706780e-02
    1.76001260e+01    2.43047640e-01
1  0
    6.12696180e+00    1.00000000e+00
1  0
    2.22452700e+00    1.00000000e+00
1  0
    5.56503520e-01    1.00000000e+00
1  0
    2.38762290e-01    1.00000000e+00
1  0
    8.57939550e-02    1.00000000e+00
4  1
    2.24558020e+01   -5.02606210e-03
    5.10306750e+00   -3.28269760e-02
    1.49840960e+00   -1.31409410e-01
    5.09890730e-01   -3.31252640e-01
1  1
    1.81913500e-01    1.00000000e+00
1  1
    6.48271830e-02    1.00000000e+00
