18
1  0
    4.18746000e+01    1.00000000e+00
1  0
    8.51217000e+00    1.00000000e+00
1  0
    3.10685000e+00    1.00000000e+00
1  0
    1.06950000e+00    1.00000000e+00
1  0
    4.31430000e-01    1.00000000e+00
1  0
    2.13349000e-01    1.00000000e+00
1  0
    1.24175000e-01    1.00000000e+00
1  1
    9.76007000e+00    1.00000000e+00
1  1
    2.64058000e+00    1.00000000e+00
1  1
    7.88905000e-01    1.00000000e+00
1  1
    3.16492000e-01    1.00000000e+00
1  1
    1.26019000e-01    1.00000000e+00
1  2
    2.31369000e+00    1.00000000e+00
1  2
    7.00086000e-01    1.00000000e+00
1  2
    3.53642000e-01    1.00000000e+00
1  2
    1.70008000e-01    1.00000000e+00
1  3
    2.02219000e+00    1.00000000e+00
1  3
    4.52039000e-01    1.00000000e+00
