39
1  0
    1.55476000e+02    1.00000000e+00
1  0
    3.36165000e+01    1.00000000e+00
1  0
    9.86575000e+00    1.00000000e+00
1  0
    5.18723000e+00    1.00000000e+00
1  0
    2.04825000e+00    1.00000000e+00
1  0
    9.41824000e-01    1.00000000e+00
1  0
    4.94373000e-01    1.00000000e+00
1  0
    3.04521000e-01    1.00000000e+00
1  0
    1.68188000e-01    1.00000000e+00
1  0
    9.08364000e-02    1.00000000e+00
1  1
    2.92263000e+01    1.00000000e+00
1  1
    8.19087000e+00    1.00000000e+00
1  1
    3.24470000e+00    1.00000000e+00
1  1
    1.27464000e+00    1.00000000e+00
1  1
    5.94885000e-01    1.00000000e+00
1  1
    2.89372000e-01    1.00000000e+00
1  1
    1.48487000e-01    1.00000000e+00
1  1
    7.85465000e-02    1.00000000e+00
1  2
    9.77610000e+00    1.00000000e+00
1  2
    3.81802000e+00    1.00000000e+00
1  2
    1.73383000e+00    1.00000000e+00
1  2
    8.97386000e-01    1.00000000e+00
1  2
    4.53927000e-01    1.00000000e+00
1  2
    2.38389000e-01    1.00000000e+00
1  2
    1.36955000e-01    1.00000000e+00
1  3
    4.09104000e+00    1.00000000e+00
1  3
    1.76139000e+00    1.00000000e+00
1  3
    8.74992000e-01    1.00000000e+00
1  3
    4.97082000e-01    1.00000000e+00
1  3
    3.30842000e-01    1.00000000e+00
1  3
    2.05294000e-01    1.00000000e+00
1  4
    2.35614000e+00    1.00000000e+00
1  4
    7.27039000e-01    1.00000000e+00
1  4
    5.15330000e-01    1.00000000e+00
1  4
    3.80351000e-01    1.00000000e+00
1  5
    1.50462000e+00    1.00000000e+00
1  5
    6.72211000e-01    1.00000000e+00
1  5
    5.11708000e-01    1.00000000e+00
1  6
    6.72211000e-01    1.00000000e+00
