6
9     0
   2940.0000000              0.0006800
    441.2000000              0.0052360
    100.5000000              0.0266060
     28.4300000              0.0999930
      9.1690000              0.2697020
      3.1960000              0.4514690
      1.1590000              0.2950740
      0.1811000              0.0125870
      0.0589000             -0.0037560
9     0
   2940.0000000             -0.0001230
    441.2000000             -0.0009660
    100.5000000             -0.0048310
     28.4300000             -0.0193140
      9.1690000             -0.0532800
      3.1960000             -0.1207230
      1.1590000             -0.1334350
      0.1811000              0.5307670
      0.0589000              0.5801170
1     0
      0.0589000              1.0000000
4     1
      3.6190000              0.0291110
      0.7110000              0.1693650
      0.1951000              0.5134580
      0.0601800              0.4793380
1     1
      0.0601800              1.0000000        
1     2
      0.2380000              1.0000000  
