8
8  0
    2.94000000e+03    6.80000000e-04
    4.41200000e+02    5.23600000e-03
    1.00500000e+02    2.66060000e-02
    2.84300000e+01    9.99930000e-02
    9.16900000e+00    2.69702000e-01
    3.19600000e+00    4.51469000e-01
    1.15900000e+00    2.95074000e-01
    1.81100000e-01    1.25870000e-02
8  0
    2.94000000e+03   -1.23000000e-04
    4.41200000e+02   -9.66000000e-04
    1.00500000e+02   -4.83100000e-03
    2.84300000e+01   -1.93140000e-02
    9.16900000e+00   -5.32800000e-02
    3.19600000e+00   -1.20723000e-01
    1.15900000e+00   -1.33435000e-01
    1.81100000e-01    5.30767000e-01
1  0
    5.89000000e-02    1.00000000e+00
1  0
    1.87700000e-02    1.00000000e+00
3  1
    3.61900000e+00    2.91110000e-02
    7.11000000e-01    1.69365000e-01
    1.95100000e-01    5.13458000e-01
1  1
    6.01800000e-02    1.00000000e+00
1  1
    8.50000000e-03    1.00000000e+00
1  2
    2.38000000e-01    1.00000000e+00
