8
5  0
    6.52614778e+03    4.37317397e-04
    9.78354964e+02    3.38820720e-03
    2.22658658e+02    1.75630851e-02
    6.30130283e+01    7.05804813e-02
    2.04687202e+01    2.22638362e-01
1  0
    7.26924874e+00    1.00000000e+00
1  0
    2.73937011e+00    1.00000000e+00
1  0
    1.06157911e+00    1.00000000e+00
1  0
    1.81584402e-01    1.00000000e+00
1  0
    5.88268200e-02    1.00000000e+00
3  1
    3.63169171e+00   -2.90339983e-02
    7.16956944e-01   -1.68778540e-01
    1.95419329e-01   -5.14034196e-01
1  1
    6.05154659e-02    1.00000000e+00
