19
18  0
    1.06390000e+07    5.90000000e-06
    1.59340000e+06    4.61000000e-05
    3.62610000e+05    2.42200000e-04
    1.02700000e+05    1.02260000e-03
    3.35010000e+04    3.71130000e-03
    1.20930000e+04    1.19785000e-02
    4.71590000e+03    3.46927000e-02
    1.95560000e+03    8.91239000e-02
    8.52610000e+02    1.93455700e-01
    3.87670000e+02    3.20901900e-01
    1.82680000e+02    3.29923300e-01
    8.82450000e+01    1.49412100e-01
    3.92630000e+01    1.49938000e-02
    1.92340000e+01   -9.16500000e-04
    9.40570000e+00    4.38000000e-04
    4.16010000e+00   -2.39800000e-04
    1.89950000e+00    7.36000000e-05
    3.01140000e-01    2.39000000e-05
18  0
    1.06390000e+07   -1.90000000e-06
    1.59340000e+06   -1.45000000e-05
    3.62610000e+05   -7.61000000e-05
    1.02700000e+05   -3.21000000e-04
    3.35010000e+04   -1.17090000e-03
    1.20930000e+04   -3.79680000e-03
    4.71590000e+03   -1.12307000e-02
    1.95560000e+03   -2.99277000e-02
    8.52610000e+02   -7.12706000e-02
    3.87670000e+02   -1.40313600e-01
    1.82680000e+02   -2.03076300e-01
    8.82450000e+01   -9.60985000e-02
    3.92630000e+01    3.55808600e-01
    1.92340000e+01    5.92179200e-01
    9.40570000e+00    2.21597700e-01
    4.16010000e+00    1.37648000e-02
    1.89950000e+00    8.39500000e-04
    3.01140000e-01   -8.50000000e-06
18  0
    1.06390000e+07    7.00000000e-07
    1.59340000e+06    5.70000000e-06
    3.62610000e+05    3.03000000e-05
    1.02700000e+05    1.27500000e-04
    3.35010000e+04    4.65900000e-04
    1.20930000e+04    1.50960000e-03
    4.71590000e+03    4.48520000e-03
    1.95560000e+03    1.19835000e-02
    8.52610000e+02    2.89571000e-02
    3.87670000e+02    5.81566000e-02
    1.82680000e+02    8.88133000e-02
    8.82450000e+01    4.45244000e-02
    3.92630000e+01   -2.06038700e-01
    1.92340000e+01   -5.12701700e-01
    9.40570000e+00   -1.50934900e-01
    4.16010000e+00    6.78920300e-01
    1.89950000e+00    5.81769700e-01
    3.01140000e-01   -1.11825000e-02
18  0
    1.06390000e+07   -2.00000000e-07
    1.59340000e+06   -1.80000000e-06
    3.62610000e+05   -9.30000000e-06
    1.02700000e+05   -3.91000000e-05
    3.35010000e+04   -1.42800000e-04
    1.20930000e+04   -4.62800000e-04
    4.71590000e+03   -1.37500000e-03
    1.95560000e+03   -3.67840000e-03
    8.52610000e+02   -8.89810000e-03
    3.87670000e+02   -1.79529000e-02
    1.82680000e+02   -2.75732000e-02
    8.82450000e+01   -1.40953000e-02
    3.92630000e+01    6.72561000e-02
    1.92340000e+01    1.76692800e-01
    9.40570000e+00    5.28861000e-02
    4.16010000e+00   -3.07595500e-01
    1.89950000e+00   -4.70065800e-01
    3.01140000e-01    6.98034100e-01
1  0
    6.04720000e-01    1.00000000e+00
1  0
    1.25150000e-01    1.00000000e+00
1  0
    4.55930000e-02    1.00000000e+00
11  1
    8.67650000e+03    4.35700000e-04
    2.05590000e+03    3.78150000e-03
    6.66230000e+02    2.04782000e-02
    2.53100000e+02    7.92834000e-02
    1.06120000e+02    2.17847300e-01
    4.72420000e+01    3.87858500e-01
    2.18250000e+01    3.59435000e-01
    9.96840000e+00    1.12199500e-01
    4.51710000e+00    4.38740000e-03
    1.99820000e+00    1.78090000e-03
    2.81450000e-01    2.12200000e-04
11  1
    8.67650000e+03   -1.74800000e-04
    2.05590000e+03   -1.52630000e-03
    6.66230000e+02   -8.33990000e-03
    2.53100000e+02   -3.32203000e-02
    1.06120000e+02   -9.54180000e-02
    4.72420000e+01   -1.82402600e-01
    2.18250000e+01   -1.55830800e-01
    9.96840000e+00    1.86789900e-01
    4.51710000e+00    5.42773300e-01
    1.99820000e+00    3.87330900e-01
    2.81450000e-01   -4.37840000e-03
11  1
    8.67650000e+03    4.51000000e-05
    2.05590000e+03    3.96400000e-04
    6.66230000e+02    2.15550000e-03
    2.53100000e+02    8.67200000e-03
    1.06120000e+02    2.48680000e-02
    4.72420000e+01    4.85472000e-02
    2.18250000e+01    3.96156000e-02
    9.96840000e+00   -6.05749000e-02
    4.51710000e+00   -1.87169900e-01
    1.99820000e+00   -1.37775700e-01
    2.81450000e-01    5.76089600e-01
1  1
    7.09880000e-01    1.00000000e+00
1  1
    1.02040000e-01    1.00000000e+00
1  1
    3.51420000e-02    1.00000000e+00
7  2
    4.03830000e+02    1.47320000e-03
    1.21170000e+02    1.26725000e-02
    4.63450000e+01    5.80451000e-02
    1.97210000e+01    1.70510300e-01
    8.86240000e+00    3.18595800e-01
    3.99620000e+00    3.84502300e-01
    1.76360000e+00    2.73773700e-01
1  2
    7.06190000e-01    1.00000000e+00
1  2
    2.63900000e-01    1.00000000e+00
1  2
    1.04700000e-01    1.00000000e+00
1  3
    5.51500000e-01    1.00000000e+00
1  3
    2.58000000e-01    1.00000000e+00
