11
13  0
    6.40100000e+05    1.98400000e-04
    9.59380000e+04    1.54000000e-03
    2.18330000e+04    8.00960000e-03
    6.18190000e+03    3.27341000e-02
    2.01570000e+03    1.07448000e-01
    7.27100000e+02    2.68894600e-01
    2.83280000e+02    4.20441100e-01
    1.15910000e+02    2.83804100e-01
    3.61240000e+01    3.15455000e-02
    1.55320000e+01   -7.42680000e-03
    4.78570000e+00    2.77280000e-03
    2.08170000e+00   -1.36350000e-03
    4.20280000e-01    3.81200000e-04
13  0
    6.40100000e+05   -6.25000000e-05
    9.59380000e+04   -4.81600000e-04
    2.18330000e+04   -2.54660000e-03
    6.18190000e+03   -1.04112000e-02
    2.01570000e+03   -3.65179000e-02
    7.27100000e+02   -9.96295000e-02
    2.83280000e+02   -2.14131000e-01
    1.15910000e+02   -1.86091100e-01
    3.61240000e+01    4.62826100e-01
    1.55320000e+01    6.44114100e-01
    4.78570000e+00    8.25502000e-02
    2.08170000e+00   -1.49694000e-02
    4.20280000e-01    3.52880000e-03
13  0
    6.40100000e+05    2.48000000e-05
    9.59380000e+04    1.91900000e-04
    2.18330000e+04    1.01000000e-03
    6.18190000e+03    4.16590000e-03
    2.01570000e+03    1.45683000e-02
    7.27100000e+02    4.08345000e-02
    2.83280000e+02    8.94859000e-02
    1.15910000e+02    8.72786000e-02
    3.61240000e+01   -2.93364400e-01
    1.55320000e+01   -5.66710900e-01
    4.78570000e+00    5.10565800e-01
    2.08170000e+00    7.47721400e-01
    4.20280000e-01    4.21512000e-02
13  0
    6.40100000e+05   -7.60000000e-06
    9.59380000e+04   -5.88000000e-05
    2.18330000e+04   -3.09200000e-04
    6.18190000e+03   -1.27660000e-03
    2.01570000e+03   -4.46340000e-03
    7.27100000e+02   -1.25575000e-02
    2.83280000e+02   -2.76145000e-02
    1.15910000e+02   -2.73945000e-02
    3.61240000e+01    9.64094000e-02
    1.55320000e+01    1.97687100e-01
    4.78570000e+00   -2.26669300e-01
    2.08170000e+00   -5.24116500e-01
    4.20280000e-01    6.88986500e-01
1  0
    1.60690000e-01    1.00000000e+00
10  1
    4.34080000e+03    1.44480000e-03
    1.02890000e+03    1.21288000e-02
    3.32020000e+02    6.08077000e-02
    1.25160000e+02    2.00935800e-01
    5.15110000e+01    4.04741900e-01
    2.22810000e+01    3.95715100e-01
    9.34170000e+00    1.10221300e-01
    4.01320000e+00   -9.09000000e-04
    1.70020000e+00    2.48320000e-03
    4.71940000e-01   -5.74400000e-04
10  1
    4.34080000e+03   -5.81900000e-04
    1.02890000e+03   -4.90650000e-03
    3.32020000e+02   -2.52514000e-02
    1.25160000e+02   -8.69445000e-02
    5.15110000e+01   -1.89342200e-01
    2.22810000e+01   -1.71088200e-01
    9.34170000e+00    2.36875500e-01
    4.01320000e+00    5.89840000e-01
    1.70020000e+00    3.17194400e-01
    4.71940000e-01    1.79833000e-02
10  1
    4.34080000e+03    1.51800000e-04
    1.02890000e+03    1.25630000e-03
    3.32020000e+02    6.62240000e-03
    1.25160000e+02    2.23816000e-02
    5.15110000e+01    5.09717000e-02
    2.22810000e+01    4.14009000e-02
    9.34170000e+00   -7.03970000e-02
    4.01320000e+00   -2.23254000e-01
    1.70020000e+00   -5.64179000e-02
    4.71940000e-01    5.80807900e-01
1  1
    1.44210000e-01    1.00000000e+00
5  2
    1.04830000e+02    2.26583000e-02
    3.02720000e+01    1.34589500e-01
    1.06490000e+01    3.64718100e-01
    3.86960000e+00    4.90419600e-01
    1.32390000e+00    2.71388500e-01
1  2
    4.09800000e-01    1.00000000e+00
