16
6  0
    6.46312410e+05    2.08441734e-04
    9.68730389e+04    1.61695568e-03
    2.20489676e+04    8.42249348e-03
    6.24835575e+03    3.43608768e-02
    2.04874680e+03    1.12063611e-01
    7.54708270e+02    2.73604311e-01
2  0
    3.02696891e+02    4.05612798e-01
    1.24168669e+02    3.25415010e-01
1  0
    3.15442811e+01    1.00000000e+00
1  0
    1.40294360e+01    1.00000000e+00
1  0
    4.94166792e+00    1.00000000e+00
1  0
    2.07566180e+00    1.00000000e+00
1  0
    4.21014744e-01    1.00000000e+00
1  0
    1.60581144e-01    1.00000000e+00
3  1
    3.89071818e+03    1.51197871e-03
    9.23858695e+02    1.25293030e-02
    3.00755371e+02    6.04055869e-02
3  1
    1.15963769e+02    2.11022890e-01
    4.90932711e+01    4.03412883e-01
    2.18103921e+01    3.73864810e-01
1  1
    9.61901356e+00    1.00000000e+00
2  1
    4.13415490e+00    5.99316250e-01
    1.75495989e+00    3.39794002e-01
1  1
    5.28015323e-01    1.00000000e+00
1  1
    1.56048380e-01    1.00000000e+00
4  2
    1.04857330e+02    2.26493130e-02
    3.02800805e+01    1.34562495e-01
    1.06514971e+01    3.64696747e-01
    3.87058934e+00    4.90464769e-01
1  2
    1.32429969e+00    1.00000000e+00
