18
12  0
    1.81929691e+05    9.70382000e-01
    2.17825062e+04    3.13418190e+00
    7.84323917e+03    1.10443801e+01
    2.60802718e+03    2.46916778e+01
    1.56496965e+03    1.23123948e+01
    9.20570355e+02    2.46284398e+01
    5.52396338e+02    1.62668646e+01
    1.91140591e+02   -3.18659430e+00
    1.08048443e+02    5.17976120e+00
    6.48354183e+01    2.58419691e+01
    3.81384803e+01    1.55771030e+01
    2.24343995e+01   -9.19537760e+00
1  0
    1.31967052e+01    1.00000000e+00
1  0
    7.91879910e+00    1.00000000e+00
1  0
    4.65811700e+00    1.00000000e+00
1  0
    2.63315230e+00    1.00000000e+00
1  0
    5.57718000e-01    1.00000000e+00
1  0
    3.15268300e-01    1.00000000e+00
1  0
    1.85451900e-01    1.00000000e+00
2  1
    8.44818540e+00    1.34690000e-02
    3.08128810e+00   -3.89777000e-02
1  1
    1.15367780e+00    1.00000000e+00
1  1
    4.38947800e-01    1.00000000e+00
1  1
    1.67915800e-01    1.00000000e+00
3  2
    8.79336290e+00   -1.94411000e-02
    3.55982660e+00    2.01204000e-02
    1.48665140e+00   -1.58267000e-02
1  2
    6.32848400e-01    1.00000000e+00
1  2
    2.71141500e-01    1.00000000e+00
2  3
    3.46818580e+00   -2.95760000e-03
    8.70800700e-01    1.24094000e-02
1  3
    2.18642700e-01    1.00000000e+00
1  4
    1.10785750e+00    1.00000000e+00
