35
11  0
    3.12100000e+05    5.67000000e-06
    4.67400000e+04    4.41000000e-05
    1.06400000e+04    2.31900000e-04
    3.01300000e+03    9.78970000e-04
    9.82800000e+02    3.55163000e-03
    3.54800000e+02    1.14406100e-02
    1.38400000e+02    3.29985500e-02
    5.73500000e+01    8.40534700e-02
    2.49200000e+01    1.80676130e-01
    1.12300000e+01    3.04911400e-01
    5.20100000e+00    3.41415700e-01
11  0
    3.12100000e+05   -1.21000000e-06
    4.67400000e+04   -9.39000000e-06
    1.06400000e+04   -4.94700000e-05
    3.01300000e+03   -2.08570000e-04
    9.82800000e+02   -7.60150000e-04
    3.54800000e+02   -2.45469000e-03
    1.38400000e+02   -7.20153000e-03
    5.73500000e+01   -1.88074200e-02
    2.49200000e+01   -4.32500100e-02
    1.12300000e+01   -8.25973300e-02
    5.20100000e+00   -1.28575920e-01
1  0
    2.42600000e+00    1.00000000e+00
1  0
    9.67300000e-01    1.00000000e+00
1  0
    4.45600000e-01    1.00000000e+00
1  0
    1.97100000e-01    1.00000000e+00
1  0
    8.63500000e-02    1.00000000e+00
1  0
    3.54000000e-02    1.00000000e+00
5  1
    2.95200000e+02    1.42490000e-04
    6.99800000e+01    1.22010000e-03
    2.26400000e+01    6.33696000e-03
    8.48500000e+00    2.35187500e-02
    3.45900000e+00    6.99044700e-02
1  1
    1.50400000e+00    1.00000000e+00
1  1
    6.78300000e-01    1.00000000e+00
1  1
    3.08700000e-01    1.00000000e+00
1  1
    1.40000000e-01    1.00000000e+00
1  1
    6.17800000e-02    1.00000000e+00
1  1
    2.37600000e-02    1.00000000e+00
1  2
    4.54200000e+00    1.00000000e+00
1  2
    1.97900000e+00    1.00000000e+00
1  2
    8.62100000e-01    1.00000000e+00
1  2
    3.75600000e-01    1.00000000e+00
1  2
    1.63600000e-01    1.00000000e+00
1  2
    6.36000000e-02    1.00000000e+00
1  3
    2.63100000e+00    1.00000000e+00
1  3
    1.25500000e+00    1.00000000e+00
1  3
    5.98800000e-01    1.00000000e+00
1  3
    2.85700000e-01    1.00000000e+00
1  3
    1.18000000e-01    1.00000000e+00
1  4
    2.65200000e+00    1.00000000e+00
1  4
    1.20400000e+00    1.00000000e+00
1  4
    5.47000000e-01    1.00000000e+00
1  4
    2.54000000e-01    1.00000000e+00
1  5
    2.03000000e+00    1.00000000e+00
1  5
    8.51100000e-01    1.00000000e+00
1  5
    4.51000000e-01    1.00000000e+00
1  6
    1.49100000e+00    1.00000000e+00
1  6
    7.76000000e-01    1.00000000e+00
