46
1  0
    2.47064000e+02    1.00000000e+00
1  0
    5.34004000e+01    1.00000000e+00
1  0
    1.39320000e+01    1.00000000e+00
1  0
    6.15179000e+00    1.00000000e+00
1  0
    2.83827000e+00    1.00000000e+00
1  0
    1.69798000e+00    1.00000000e+00
1  0
    9.44763000e-01    1.00000000e+00
1  0
    5.55806000e-01    1.00000000e+00
1  0
    2.57433000e-01    1.00000000e+00
1  0
    1.18498000e-01    1.00000000e+00
1  1
    5.15175000e+01    1.00000000e+00
1  1
    1.40972000e+01    1.00000000e+00
1  1
    5.05319000e+00    1.00000000e+00
1  1
    2.54079000e+00    1.00000000e+00
1  1
    1.42059000e+00    1.00000000e+00
1  1
    7.05145000e-01    1.00000000e+00
1  1
    3.53612000e-01    1.00000000e+00
1  1
    2.23793000e-01    1.00000000e+00
1  2
    1.28448000e+01    1.00000000e+00
1  2
    4.99991000e+00    1.00000000e+00
1  2
    3.00015000e+00    1.00000000e+00
1  2
    1.63998000e+00    1.00000000e+00
1  2
    7.59964000e-01    1.00000000e+00
1  2
    4.13013000e-01    1.00000000e+00
1  2
    2.11749000e-01    1.00000000e+00
1  3
    7.55975000e+00    1.00000000e+00
1  3
    3.11654000e+00    1.00000000e+00
1  3
    2.05436000e+00    1.00000000e+00
1  3
    1.11418000e+00    1.00000000e+00
1  3
    6.03184000e-01    1.00000000e+00
1  3
    3.34627000e-01    1.00000000e+00
1  4
    4.24410000e+00    1.00000000e+00
1  4
    2.15599000e+00    1.00000000e+00
1  4
    1.02315000e+00    1.00000000e+00
1  4
    5.93235000e-01    1.00000000e+00
1  5
    2.70219000e+00    1.00000000e+00
1  5
    1.50808000e+00    1.00000000e+00
1  5
    8.60125000e-01    1.00000000e+00
1  6
    1.70258000e+00    1.00000000e+00
1  0
    6.25447000e-02    1.00000000e+00
1  1
    9.00000000e-02    1.00000000e+00
1  2
    8.47893000e-02    1.00000000e+00
1  3
    1.35351000e-01    1.00000000e+00
1  4
    2.41717000e-01    1.00000000e+00
1  5
    4.75436000e-01    1.00000000e+00
1  6
    8.33067000e-01    1.00000000e+00
