28 
 1    0 
   280.5566119     1.0000000E+00    
 1    0 
    60.2302472     1.0000000E+00    
 1    0 
    22.1166508     1.0000000E+00    
 1    0 
     6.8620933     1.0000000E+00    
 1    0 
     1.5622550     1.0000000E+00    
 1    0 
     0.9124505     1.0000000E+00    
 1    0 
     0.5027492     1.0000000E+00    
 1    0 
     0.2158235     1.0000000E+00    
 1    1 
    24.2318652     1.0000000E+00    
 1    1 
     6.4764514     1.0000000E+00    
 1    1 
     2.1290885     1.0000000E+00    
 1    1 
     1.0375640     1.0000000E+00    
 1    1 
     0.5494128     1.0000000E+00    
 1    1 
     0.2815265     1.0000000E+00    
 1    2 
     9.7189811     1.0000000E+00    
 1    2 
     3.0351475     1.0000000E+00    
 1    2 
     1.4677738     1.0000000E+00    
 1    2 
     0.5737083     1.0000000E+00    
 1    2 
     0.2905559     1.0000000E+00    
 1    3 
     2.2756201     1.0000000E+00    
 1    3 
     1.1968899     1.0000000E+00    
 1    3 
     0.5415749     1.0000000E+00    
 1    4 
     1.2166102     1.0000000E+00    
 1    0 
     0.1015363     1.0000000E+00    
 1    1 
     0.1150595     1.0000000E+00    
 1    2 
     0.1489046     1.0000000E+00    
 1    3 
     0.2017928     1.0000000E+00    
 1    4 
     0.4359975     1.0000000E+00    
