10 
 7    0 
  7857.1000000     5.6825000E-04    
  1178.7000000     4.3915000E-03    
   268.3200000     2.2504000E-02    
    75.9480000     8.6653000E-02    
    24.5590000     2.4405000E-01    
     8.6212000     4.4148000E-01    
     3.1278000     3.5332000E-01    
 7    0 
  1178.7000000    -5.9492000E-07    
   268.3200000    -6.2748000E-05    
    75.9480000    -7.5773000E-04    
    24.5590000    -7.3308000E-03    
     8.6212000    -3.8932000E-02    
     3.1278000    -8.8908000E-02    
     0.8220200     2.1689000E-01    
 1    0 
     0.3301700     1.0000000E+00    
 1    0 
     0.1146300     1.0000000E+00    
 4    1 
    33.7750000     6.0294000E-03    
     7.6766000     4.3228000E-02    
     2.2357000     1.6301000E-01    
     0.7644700     3.6504000E-01    
 1    1 
     0.2623200     1.0000000E+00    
 1    1 
     0.0846380     1.0000000E+00    
 1    2 
     1.4000000     1.0000000E+00    
 1    2 
     0.4500000     1.0000000E+00    
 1    3 
     0.9500000     1.0000000E+00    
