18 
 9    0 
 87141.0000000     2.8183000E-05    
 13052.0000000     2.1819000E-04    
  2970.6000000     1.1511000E-03    
   841.4600000     4.7859000E-03    
   274.5900000     1.7134000E-02    
    99.2150000     5.1120000E-02    
    38.6940000     1.2805000E-01    
    15.9110000     2.2773000E-01    
     6.7668000     2.4758000E-01    
 9    0 
 13052.0000000     2.5930000E-06    
  2970.6000000    -3.0907000E-06    
   841.4600000     1.2247000E-04    
   274.5900000     2.5494000E-04    
    99.2150000     5.1254000E-03    
    38.6940000     2.1955000E-02    
    15.9110000     1.4112000E-01    
     6.7668000     4.1303000E-01    
     2.8984000     8.2714000E-01    
 1    0 
     1.1246000     1.0000000E+00    
 1    0 
     0.5144600     1.0000000E+00    
 1    0 
     0.2117600     1.0000000E+00    
 1    0 
     0.0850170     1.0000000E+00    
 5    1 
   148.2400000     5.0756000E-04    
    34.9120000     4.2126000E-03    
    10.8940000     2.1335000E-02    
     4.1934000     6.2329000E-02    
     1.7134000     1.6642000E-01    
 1    1 
     0.7356600     1.0000000E+00    
 1    1 
     0.3163700     1.0000000E+00    
 1    1 
     0.1324200     1.0000000E+00    
 1    1 
     0.0519010     1.0000000E+00    
 1    2 
     5.2000000     1.0000000E+00    
 1    2 
     1.3500000     1.0000000E+00    
 1    2 
     0.5200000     1.0000000E+00    
 1    2 
     0.2000000     1.0000000E+00    
 1    3 
     1.5000000     1.0000000E+00    
 1    3 
     0.6500000     1.0000000E+00    
 1    4 
     1.4000000     1.0000000E+00    
