15 
 7    0 
  1861.0916331     7.4417100E-02    
   642.9939764     1.6539570E-01    
   235.1105725     5.5764840E-01    
    90.7028894     1.3108298E+00    
    36.7794552     2.1694681E+00    
    15.6046273     1.7668846E+00    
     6.8907294     2.9307690E-01    
 1    0 
     3.1478850    -1.7087020E-01    
 1    0 
     1.4777287     1.6415530E-01    
 1    0 
     0.7076466     4.1499410E-01    
 1    0 
     0.3430122     1.6243660E-01    
 1    0 
     0.1669453     2.0767500E-02    
 2    1 
    13.5472892    -2.0647700E-02    
     5.4669419    -1.1528200E-02    
 1    1 
     2.1751721     4.5591400E-02    
 1    1 
     0.8582194     2.8360000E-03    
 1    1 
     0.3376720     1.8187500E-02    
 2    2 
     5.9287253    -2.2594800E-02    
     1.9809209    -4.7682700E-02    
 1    2 
     0.8055417    -3.6537200E-02    
 1    2 
     0.3531244    -1.4541700E-02    
 2    3 
     1.6755626     8.8798000E-03    
     0.5997536     6.9903000E-03    
 1    4 
     1.0024600    -2.2192000E-03    
