9
3  0
    1.91543480e+03    6.46240000e-02
    2.89533240e+02    3.79838000e-01
    6.31063520e+01    6.78329000e-01
3  0
    8.03974400e+01   -1.09303000e-01
    1.73307500e+01    1.08900000e-01
    5.08362400e+00    9.49277000e-01
3  1
    8.03974400e+01    1.35433000e-01
    1.73307500e+01    5.37222000e-01
    5.08362400e+00    5.01804000e-01
3  0
    4.78222900e+00   -2.81607000e-01
    1.46255800e+00    3.41051000e-01
    4.79223000e-01    8.38104000e-01
3  1
    4.78222900e+00    1.90090000e-02
    1.46255800e+00    4.36038000e-01
    4.79223000e-01    6.38671000e-01
2  0
    4.39682000e-01   -2.69705000e-01
    5.91300000e-02    1.11329300e+00
2  1
    4.39682000e-01    3.08000000e-04
    5.91300000e-02    9.99896000e-01
1  0
    2.38970000e-02    1.00000000e+00
1  1
    2.38970000e-02    1.00000000e+00
