12
6  0
    3.52648600e+04    1.81350100e-03
    5.29550300e+03    1.38849300e-02
    1.20602000e+03    6.83616200e-02
    3.39683900e+02    2.35618800e-01
    1.08626400e+02    4.82063900e-01
    3.69210300e+01    3.42981900e-01
6  10
    7.06309600e+02    2.44822500e-03
    1.67818700e+02    3.24150400e-02
    5.38255800e+01    1.22621900e-01
    2.00163800e+01   -4.31696500e-02
    7.97027900e+00   -6.12699500e-01
    3.21205900e+00   -4.48754000e-01
6  10
    7.06309600e+02    4.02037100e-03
    1.67818700e+02    3.10060100e-02
    5.38255800e+01    1.33727900e-01
    2.00163800e+01    3.36798300e-01
    7.97027900e+00    4.63128100e-01
    3.21205900e+00    2.25753200e-01
6  10
    1.41951800e+01    1.08450000e-02
    4.88082800e+00    2.08833300e-01
    2.16039000e+00    3.15033800e-02
    9.87899000e-01   -5.52651800e-01
    4.49517000e-01   -5.43799700e-01
    1.87387000e-01   -6.66934200e-02
6  10
    1.41951800e+01   -1.28962100e-02
    4.88082800e+00   -1.02519800e-02
    2.16039000e+00    1.95978100e-01
    9.87899000e-01    4.35793300e-01
    4.49517000e-01    3.99645200e-01
    1.87387000e-01    9.71363600e-02
3  10
    1.03227100e+00   -4.43972000e-02
    3.81171000e-01   -3.28456300e-01
    6.51310000e-02    1.16301000e+00
3  10
    1.03227100e+00   -4.29862100e-01
    3.81171000e-01    6.93582900e-03
    6.51310000e-02    9.70593300e-01
1  10
    2.60100000e-02    1.00000000e+00
1  10
    2.60100000e-02    1.00000000e+00
1  10
    7.10000000e-03    1.00000000e+00
1  10
    7.10000000e-03    1.00000000e+00
1  2
    2.00000000e-01    1.00000000e+00
