20
19  0
    7.50396000e+06    2.24000000e-06
    1.12348600e+06    1.74400000e-05
    2.55663500e+05    9.17700000e-05
    7.24160600e+04    3.87680000e-04
    2.36260400e+04    1.41185000e-03
    8.52998600e+03    4.59359000e-03
    3.32734100e+03    1.35973300e-02
    1.38035400e+03    3.66736000e-02
    6.02214900e+02    8.87207600e-02
    2.73887400e+02    1.84148930e-01
    1.28945100e+02    3.00742160e-01
    6.24229900e+01    3.24348150e-01
    3.05743700e+01    1.71957470e-01
    1.38552200e+01    2.48093300e-02
    6.83620400e+00   -1.03408000e-03
    3.37815300e+00    1.01290000e-03
    1.49190700e+00   -4.66780000e-04
    7.21140000e-01    1.86620000e-04
    3.34152000e-01   -8.80800000e-05
19  0
    7.50396000e+06   -6.50000000e-07
    1.12348600e+06   -5.07000000e-06
    2.55663500e+05   -2.66300000e-05
    7.24160600e+04   -1.12660000e-04
    2.36260400e+04   -4.10300000e-04
    8.52998600e+03   -1.34111000e-03
    3.32734100e+03   -3.99404000e-03
    1.38035400e+03   -1.09890300e-02
    6.02214900e+02   -2.75644700e-02
    2.73887400e+02   -6.21624600e-02
    1.28945100e+02   -1.18604760e-01
    6.24229900e+01   -1.74104940e-01
    3.05743700e+01   -1.18477140e-01
    1.38552200e+01    1.94574680e-01
    6.83620400e+00    5.46611310e-01
    3.37815300e+00    3.81263240e-01
    1.49190700e+00    5.18785300e-02
    7.21140000e-01   -2.04996000e-03
    3.34152000e-01    1.68809000e-03
19  0
    7.50396000e+06    2.20000000e-07
    1.12348600e+06    1.75000000e-06
    2.55663500e+05    9.18000000e-06
    7.24160600e+04    3.88800000e-05
    2.36260400e+04    1.41380000e-04
    8.52998600e+03    4.63240000e-04
    3.32734100e+03    1.37731000e-03
    1.38035400e+03    3.80786000e-03
    6.02214900e+02    9.55641000e-03
    2.73887400e+02    2.18313200e-02
    1.28945100e+02    4.21495100e-02
    6.24229900e+01    6.46284500e-02
    3.05743700e+01    4.53598300e-02
    1.38552200e+01   -8.24985300e-02
    6.83620400e+00   -3.23151070e-01
    3.37815300e+00   -3.60634960e-01
    1.49190700e+00    2.04389540e-01
    7.21140000e-01    6.96100890e-01
    3.34152000e-01    3.61774980e-01
19  0
    7.50396000e+06   -5.00000000e-08
    1.12348600e+06   -4.20000000e-07
    2.55663500e+05   -2.19000000e-06
    7.24160600e+04   -9.29000000e-06
    2.36260400e+04   -3.37400000e-05
    8.52998600e+03   -1.10700000e-04
    3.32734100e+03   -3.28620000e-04
    1.38035400e+03   -9.10500000e-04
    6.02214900e+02   -2.28090000e-03
    2.73887400e+02   -5.23095000e-03
    1.28945100e+02   -1.00836100e-02
    6.24229900e+01   -1.56129400e-02
    3.05743700e+01   -1.08833800e-02
    1.38552200e+01    1.99576800e-02
    6.83620400e+00    8.34886000e-02
    3.37815300e+00    9.59495100e-02
    1.49190700e+00   -6.39577200e-02
    7.21140000e-01   -2.45224870e-01
    3.34152000e-01   -2.85846700e-01
1  0
    8.23820000e-02    1.00000000e+00
1  0
    4.16550000e-02    1.00000000e+00
1  0
    1.99730000e-02    1.00000000e+00
13  1
    9.36301000e+03    4.61700000e-05
    2.21625500e+03    4.10490000e-04
    7.19759600e+02    2.35567000e-03
    2.75172800e+02    1.02549100e-02
    1.16392400e+02    3.56603500e-02
    5.27777000e+01    9.96405600e-02
    2.51318800e+01    2.13206260e-01
    1.23141600e+01    3.31535240e-01
    6.16679700e+00    3.29342630e-01
    3.11427900e+00    1.54664140e-01
    1.51901300e+00    2.21552600e-02
    7.25435000e-01    5.51910000e-04
    3.40926000e-01    1.51770000e-04
13  1
    9.36301000e+03   -1.50500000e-05
    2.21625500e+03   -1.33610000e-04
    7.19759600e+02   -7.70140000e-04
    2.75172800e+02   -3.36453000e-03
    1.16392400e+02   -1.18662400e-02
    5.27777000e+01   -3.38942300e-02
    2.51318800e+01   -7.51432900e-02
    1.23141600e+01   -1.21443480e-01
    6.16679700e+00   -1.29220840e-01
    3.11427900e+00    1.58770300e-02
    1.51901300e+00    3.08536760e-01
    7.25435000e-01    4.72815210e-01
    3.40926000e-01    2.94102810e-01
13  1
    9.36301000e+03    3.13000000e-06
    2.21625500e+03    2.79500000e-05
    7.19759600e+02    1.60030000e-04
    2.75172800e+02    7.04170000e-04
    1.16392400e+02    2.46922000e-03
    5.27777000e+01    7.11899000e-03
    2.51318800e+01    1.56901700e-02
    1.23141600e+01    2.57856400e-02
    6.16679700e+00    2.69365600e-02
    3.11427900e+00   -4.85586000e-03
    1.51901300e+00   -7.65421200e-02
    7.25435000e-01   -1.15544590e-01
    3.40926000e-01   -1.21270620e-01
1  1
    1.44000000e-01    1.00000000e+00
1  1
    5.80000000e-02    1.00000000e+00
1  1
    2.31600000e-02    1.00000000e+00
4  2
    2.62708300e+01    7.34600000e-03
    7.30782000e+00    4.09010000e-02
    2.45498000e+00    1.30065000e-01
    8.87140000e-01    2.44151000e-01
1  2
    3.09250000e-01    1.00000000e+00
1  2
    1.03160000e-01    1.00000000e+00
1  2
    3.37400000e-02    1.00000000e+00
1  3
    4.88300000e-01    1.00000000e+00
1  3
    1.16500000e-01    1.00000000e+00
1  4
    1.46600000e-01    1.00000000e+00
