14
8  0
    1.72517327e+05    2.33175025e-04
    2.58615193e+04    1.80765220e-03
    5.88566187e+03    9.39438443e-03
    1.66597300e+03    3.81084090e-02
    5.42367181e+02    1.23312039e-01
    1.94578035e+02    2.90044710e-01
    7.53035976e+01    4.05871512e-01
    2.95740626e+01    2.03984107e-01
4  0
    1.91200747e+02   -2.44197598e-02
    5.88402999e+01   -1.15470274e-01
    8.96425408e+00    5.63566367e-01
    3.68569605e+00    5.67096827e-01
2  0
    5.24642897e+00   -2.28253343e-01
    8.48626215e-01    7.26252192e-01
1  0
    3.67433005e-01    1.00000000e+00
1  0
    6.68215826e-02    1.00000000e+00
1  0
    2.67597304e-02    1.00000000e+00
6  1
    8.36972621e+02    2.52583461e-03
    1.97930401e+02    2.00765067e-02
    6.31355581e+01    9.13029874e-02
    2.32826872e+01    2.52470299e-01
    9.11764449e+00    3.94263263e-01
    3.63361201e+00    2.30115595e-01
3  1
    1.34941631e+01   -2.64950220e-02
    1.81392598e+00    5.50881082e-01
    7.19818260e-01    1.02806166e+00
1  1
    2.76295770e-01    1.00000000e+00
1  1
    7.49790000e-02    1.00000000e+00
1  1
    2.69270000e-02    1.00000000e+00
2  2
    5.49790939e+00    7.37700114e-02
    1.31771280e+00    2.60528532e-01
1  2
    3.21886826e-01    1.00000000e+00
1  2
    7.05286149e-02    1.00000000e+00
