7
6  0
    8.85715704e+03    9.16359628e-03
    1.62395005e+03    4.93614929e-02
    4.54322702e+02    1.68538305e-01
    1.56072110e+02    3.70562800e-01
    6.06073675e+01    4.16491530e-01
    2.49614609e+01    1.30334084e-01
6  10
    6.17569100e+02   -1.32527881e-02
    1.22233042e+02   -4.69917101e-02
    3.79899383e+01   -3.37853715e-02
    1.46160986e+01    2.50241786e-01
    6.34778158e+00    5.95117253e-01
    2.90965274e+00    2.40706176e-01
6  10
    6.17569100e+02    3.75969662e-03
    1.22233042e+02    3.76793698e-02
    3.79899383e+01    1.73896744e-01
    1.46160986e+01    4.18036435e-01
    6.34778158e+00    4.25859548e-01
    2.90965274e+00    1.01708296e-01
6  10
    2.79066051e+01   -7.94312636e-03
    7.47363953e+00   -7.10026417e-02
    2.80269423e+00   -1.78502693e-01
    1.25453746e+00    1.51063506e-01
    6.20806655e-01    7.35491477e-01
    3.19942364e-01    2.76059312e-01
6  10
    2.79066051e+01   -7.13935891e-03
    7.47363953e+00   -1.82927707e-02
    2.80269423e+00    7.62162143e-02
    1.25453746e+00    4.14509860e-01
    6.20806655e-01    4.88962147e-01
    3.19942364e-01    1.05881652e-01
6  10
    2.52534396e+00    3.77505600e-03
    8.12568676e-01   -5.58596500e-02
    3.47182682e-01   -3.19294600e-01
    1.73127554e-01   -2.76478000e-02
    9.34466564e-02    9.04919900e-01
    5.19618116e-02    3.40625800e-01
6  10
    2.52534396e+00   -7.05207500e-03
    8.12568676e-01   -5.25950500e-02
    3.47182682e-01   -3.77345000e-02
    1.73127554e-01    3.87477300e-01
    9.34466564e-02    5.79167200e-01
    5.19618116e-02    1.22181700e-01
