7
3  0
    8.54032495e+02    1.54328967e-01
    1.55563085e+02    5.35328142e-01
    4.21014418e+01    4.44634542e-01
3  10
    5.95602994e+01   -9.99672292e-02
    1.38405327e+01    3.99512826e-01
    4.50137080e+00    7.00115469e-01
3  10
    5.95602994e+01    1.55916275e-01
    1.38405327e+01    6.07683719e-01
    4.50137080e+00    3.91957393e-01
3  10
    4.37470626e+00   -2.19620369e-01
    1.22053194e+00    2.25595434e-01
    4.77707930e-01    9.00398426e-01
3  10
    4.37470626e+00    1.05876043e-02
    1.22053194e+00    5.95167005e-01
    4.77707930e-01    4.62001012e-01
3  10
    4.55848976e-01   -3.08844122e-01
    1.68236941e-01    1.96064117e-02
    7.42952070e-02    1.13103444e+00
3  10
    4.55848976e-01   -1.21546860e-01
    1.68236941e-01    5.71522760e-01
    7.42952070e-02    5.49894947e-01
