7
3  0
    1.37640000e+03    6.45827000e-02
    2.07857000e+02    3.80363000e-01
    4.51554000e+01    6.78190000e-01
3  0
    6.08014000e+01   -9.87639000e-02
    1.39765000e+01    5.11338000e-02
    3.88710000e+00    9.91337000e-01
3  1
    6.08014000e+01    1.08598000e-01
    1.39765000e+01    4.58682000e-01
    3.88710000e+00    6.01962000e-01
2  0
    1.35299000e+00   -2.22401000e-01
    5.26955000e-01    1.18252000e+00
2  1
    1.35299000e+00    2.19216000e-01
    5.26955000e-01    8.22321000e-01
1  0
    1.66714000e-01    1.00000000e+00
1  1
    1.66714000e-01    1.00000000e+00
