37
1  0
    3.96329199e+02    1.00000000e+00
1  0
    1.31640208e+02    1.00000000e+00
1  0
    4.67773039e+01    1.00000000e+00
1  0
    1.70322901e+01    1.00000000e+00
1  0
    8.92558777e+00    1.00000000e+00
1  0
    4.04963191e+00    1.00000000e+00
1  0
    1.72328202e+00    1.00000000e+00
1  0
    1.05799961e+00    1.00000000e+00
1  0
    5.41566788e-01    1.00000000e+00
1  0
    2.27318007e-01    1.00000000e+00
1  1
    1.30863797e+02    1.00000000e+00
1  1
    1.56834550e+01    1.00000000e+00
1  1
    5.33307901e+00    1.00000000e+00
1  1
    3.62108887e+00    1.00000000e+00
1  1
    1.36331403e+00    1.00000000e+00
1  1
    8.43351293e-01    1.00000000e+00
1  1
    5.66617849e-01    1.00000000e+00
1  1
    2.94546449e-01    1.00000000e+00
1  2
    4.43690076e+01    1.00000000e+00
1  2
    1.30567760e+01    1.00000000e+00
1  2
    6.12126964e+00    1.00000000e+00
1  2
    3.04855071e+00    1.00000000e+00
1  2
    1.45702887e+00    1.00000000e+00
1  2
    7.11213974e-01    1.00000000e+00
1  2
    3.04138165e-01    1.00000000e+00
1  3
    1.33346356e+01    1.00000000e+00
1  3
    5.10607753e+00    1.00000000e+00
1  3
    2.00684857e+00    1.00000000e+00
1  3
    1.28152286e+00    1.00000000e+00
1  3
    5.96583823e-01    1.00000000e+00
1  4
    3.69530077e+00    1.00000000e+00
1  4
    1.09469081e+00    1.00000000e+00
1  0
    9.26955533e-02    1.00000000e+00
1  1
    1.51332990e-01    1.00000000e+00
1  2
    1.41029003e-01    1.00000000e+00
1  3
    2.50755971e-01    1.00000000e+00
1  4
    4.83348845e-01    1.00000000e+00
