48
1  0
    1.27519000e+03    1.00000000e+00
1  0
    3.08271000e+02    1.00000000e+00
1  0
    1.07711000e+02    1.00000000e+00
1  0
    3.44627000e+01    1.00000000e+00
1  0
    1.44529000e+01    1.00000000e+00
1  0
    7.54430000e+00    1.00000000e+00
1  0
    3.68544000e+00    1.00000000e+00
1  0
    1.78966000e+00    1.00000000e+00
1  0
    1.07291000e+00    1.00000000e+00
1  0
    7.36635000e-01    1.00000000e+00
1  0
    3.32604000e-01    1.00000000e+00
1  0
    1.83773000e-01    1.00000000e+00
1  1
    4.05243000e+02    1.00000000e+00
1  1
    1.17714000e+02    1.00000000e+00
1  1
    3.71388000e+01    1.00000000e+00
1  1
    1.93206000e+01    1.00000000e+00
1  1
    8.50376000e+00    1.00000000e+00
1  1
    4.26246000e+00    1.00000000e+00
1  1
    1.92904000e+00    1.00000000e+00
1  1
    1.24692000e+00    1.00000000e+00
1  1
    7.39900000e-01    1.00000000e+00
1  1
    4.95422000e-01    1.00000000e+00
1  1
    2.64132000e-01    1.00000000e+00
1  2
    1.18091000e+02    1.00000000e+00
1  2
    3.91574000e+01    1.00000000e+00
1  2
    1.31907000e+01    1.00000000e+00
1  2
    6.21871000e+00    1.00000000e+00
1  2
    2.50705000e+00    1.00000000e+00
1  2
    1.52224000e+00    1.00000000e+00
1  2
    8.72617000e-01    1.00000000e+00
1  2
    4.31274000e-01    1.00000000e+00
1  2
    2.31014000e-01    1.00000000e+00
1  3
    2.15584000e+01    1.00000000e+00
1  3
    1.01079000e+01    1.00000000e+00
1  3
    4.92169000e+00    1.00000000e+00
1  3
    2.19496000e+00    1.00000000e+00
1  3
    1.54162000e+00    1.00000000e+00
1  3
    8.06943000e-01    1.00000000e+00
1  3
    4.36387000e-01    1.00000000e+00
1  4
    6.77104000e+00    1.00000000e+00
1  4
    2.96680000e+00    1.00000000e+00
1  4
    1.63599000e+00    1.00000000e+00
1  4
    9.90518000e-01    1.00000000e+00
1  4
    4.98669000e-01    1.00000000e+00
1  5
    4.05947000e+00    1.00000000e+00
1  5
    1.69970000e+00    1.00000000e+00
1  5
    8.68258000e-01    1.00000000e+00
1  6
    1.48133000e+00    1.00000000e+00
