12 
 6    0 
 66148.9900000     1.7597870E-03    
  9933.0770000     1.3481620E-02    
  2262.8160000     6.6493420E-02    
   637.9154000     2.3079390E-01    
   204.4122000     4.7929190E-01    
    69.8253800     3.5140970E-01    
 6    0 
  1378.8410000     2.3762760E-03    
   328.2694000     3.1674500E-02    
   106.0946000     1.2628880E-01    
    39.8327500    -2.5845520E-02    
    16.1862200    -6.1834910E-01    
     6.6677880    -4.5670080E-01    
 6    0 
  1378.8410000     3.9714880E-03    
   328.2694000     3.1081740E-02    
   106.0946000     1.3574390E-01    
    39.8327500     3.4768270E-01    
    16.1862200     4.6263400E-01    
     6.6677880     2.0516320E-01    
 6    0 
    54.5235500    -3.9930040E-03    
    18.2978300     7.4096630E-02    
     7.8673480     2.5420000E-01    
     3.3405340    -2.9216570E-01    
     1.3937560    -7.3187030E-01    
     0.5513260    -2.0407840E-01    
 6    0 
    54.5235500    -7.2907720E-03    
    18.2978300    -2.9260270E-02    
     7.8673480     6.5641500E-02    
     3.3405340     4.0006520E-01    
     1.3937560     4.9502360E-01    
     0.5513260     1.7582400E-01    
 3    0 
     2.1519470     5.3798430E-02    
     0.8110630     2.7599710E-01    
     0.1210170    -1.1296920E+00    
 3    0 
     2.1519470    -2.1654960E-01    
     0.8110630     1.2404880E-01    
     0.1210170     9.7240640E-01    
 1    0 
     0.0430370     1.0000000E+00    
 1    0 
     0.0430370     1.0000000E+00    
 3    2 
    25.5930600     9.0047480E-02    
     6.8009900     3.9317030E-01    
     2.0516470     6.9768440E-01    
 1    2 
     0.5556710     1.0000000E+00    
 1    3 
     0.8000000     1.0000000E+00    
