33
27  0
    1.61030000e+08    8.66218300e-08
    2.87558000e+07    5.77176300e-07
    6.42324000e+06    3.33877700e-06
    1.72120000e+06    1.52563900e-05
    5.33994000e+05    5.89642900e-05
    1.86194000e+05    1.99270200e-04
    7.12017000e+04    6.07778900e-04
    2.92762000e+04    1.71096100e-03
    1.27423000e+04    4.51747400e-03
    5.80051000e+03    1.12778200e-02
    2.73696000e+03    2.66122700e-02
    1.32999000e+03    5.86063700e-02
    6.62611000e+02    1.16948200e-01
    3.37415000e+02    1.99974600e-01
    1.75234000e+02    2.64378400e-01
    9.26434000e+01    2.24934100e-01
    4.97576000e+01    9.90624000e-02
    2.70728000e+01    5.07148200e-02
    1.48610000e+01    8.90268500e-02
    8.18121000e+00    7.58615200e-02
    4.47941000e+00    2.21422200e-02
    2.41191000e+00    1.71753100e-03
    1.25844000e+00   -5.40940700e-06
    6.31234000e-01   -6.71843300e-05
    2.15297000e-01   -7.17860000e-07
    1.18510000e-01    6.03256000e-06
    5.72090000e-02    6.12631300e-06
27  0
    1.61030000e+08   -4.55618300e-08
    2.87558000e+07   -3.03584700e-07
    6.42324000e+06   -1.75616600e-06
    1.72120000e+06   -8.02482100e-06
    5.33994000e+05   -3.10176800e-05
    1.86194000e+05   -1.04842800e-04
    7.12017000e+04   -3.19931400e-04
    2.92762000e+04   -9.01610500e-04
    1.27423000e+04   -2.38639000e-03
    5.80051000e+03   -5.98810000e-03
    2.73696000e+03   -1.42806300e-02
    1.32999000e+03   -3.21173200e-02
    6.62611000e+02   -6.67849600e-02
    3.37415000e+02   -1.23662300e-01
    1.75234000e+02   -1.90801800e-01
    9.26434000e+01   -2.11546800e-01
    4.97576000e+01   -9.92222800e-02
    2.70728000e+01    1.72294600e-01
    1.48610000e+01    4.61921500e-01
    8.18121000e+00    3.99624700e-01
    4.47941000e+00    1.16279800e-01
    2.41191000e+00    8.60449800e-03
    1.25844000e+00   -1.26529300e-03
    6.31234000e-01   -7.64858600e-04
    2.15297000e-01   -6.40435200e-05
    1.18510000e-01    6.37263200e-05
    5.72090000e-02    1.66296500e-05
27  0
    1.61030000e+08    1.04156200e-08
    2.87558000e+07    6.94146100e-08
    6.42324000e+06    4.01447000e-07
    1.72120000e+06    1.83500900e-06
    5.33994000e+05    7.09042900e-06
    1.86194000e+05    2.39808400e-05
    7.12017000e+04    7.31628600e-05
    2.92762000e+04    2.06494400e-04
    1.27423000e+04    5.47093000e-04
    5.80051000e+03    1.37935900e-03
    2.73696000e+03    3.31150300e-03
    1.32999000e+03    7.57077400e-03
    6.62611000e+02    1.61738100e-02
    3.37415000e+02    3.15829900e-02
    1.75234000e+02    5.30711100e-02
    9.26434000e+01    6.68931900e-02
    4.97576000e+01    3.33885200e-02
    2.70728000e+01   -8.55321300e-02
    1.48610000e+01   -2.98321100e-01
    8.18121000e+00   -3.72068100e-01
    4.47941000e+00   -3.31328100e-02
    2.41191000e+00    4.47671300e-01
    1.25844000e+00    5.71122300e-01
    6.31234000e-01    2.34637000e-01
    2.15297000e-01    1.50583400e-02
    1.18510000e-01   -3.44435300e-03
    5.72090000e-02    3.21236900e-03
26  0
    2.87558000e+07   -1.46685000e-08
    6.42324000e+06   -8.48225900e-08
    1.72120000e+06   -3.87778400e-07
    5.33994000e+05   -1.49810500e-06
    1.86194000e+05   -5.06791300e-06
    7.12017000e+04   -1.54576300e-05
    2.92762000e+04   -4.36422000e-05
    1.27423000e+04   -1.15586700e-04
    5.80051000e+03   -2.91573300e-04
    2.73696000e+03   -6.99738800e-04
    1.32999000e+03   -1.60114300e-03
    6.62611000e+02   -3.42023400e-03
    3.37415000e+02   -6.69184700e-03
    1.75234000e+02   -1.12582500e-02
    9.26434000e+01   -1.42756200e-02
    4.97576000e+01   -7.13476800e-03
    2.70728000e+01    1.84834100e-02
    1.48610000e+01    6.72448400e-02
    8.18121000e+00    8.70435600e-02
    4.47941000e+00    4.99801400e-03
    2.41191000e+00   -1.23855600e-01
    1.25844000e+00   -1.98952000e-01
    6.31234000e-01   -1.75994000e-01
    2.15297000e-01    7.94452000e-02
    1.18510000e-01    4.02493300e-01
    5.72090000e-02    5.03406300e-01
26  0
    2.87558000e+07   -2.84838500e-08
    6.42324000e+06   -1.66297700e-07
    1.72120000e+06   -7.51545900e-07
    5.33994000e+05   -2.94468400e-06
    1.86194000e+05   -9.78956400e-06
    7.12017000e+04   -3.05037800e-05
    2.92762000e+04   -8.39190900e-05
    1.27423000e+04   -2.29207700e-04
    5.80051000e+03   -5.57822400e-04
    2.73696000e+03   -1.39505200e-03
    1.32999000e+03   -3.04592200e-03
    6.62611000e+02   -6.87344400e-03
    3.37415000e+02   -1.25977000e-02
    1.75234000e+02   -2.31486600e-02
    9.26434000e+01   -2.54839700e-02
    4.97576000e+01   -1.95804600e-02
    2.70728000e+01    4.77289700e-02
    1.48610000e+01    1.14929700e-01
    8.18121000e+00    2.25704200e-01
    4.47941000e+00   -6.55414800e-02
    2.41191000e+00   -2.49342500e-01
    1.25844000e+00   -6.68638900e-01
    6.31234000e-01    2.04110800e-01
    2.15297000e-01    1.22790700e+00
    1.18510000e-01    1.85751800e-01
    5.72090000e-02   -4.76328100e-01
26  0
    2.87558000e+07   -5.00606400e-08
    6.42324000e+06   -2.93890400e-07
    1.72120000e+06   -1.31935700e-06
    5.33994000e+05   -5.21171000e-06
    1.86194000e+05   -1.71526100e-05
    7.12017000e+04   -5.41096800e-05
    2.92762000e+04   -1.46645500e-04
    1.27423000e+04   -4.07724000e-04
    5.80051000e+03   -9.71913800e-04
    2.73696000e+03   -2.48963900e-03
    1.32999000e+03   -5.29102100e-03
    6.62611000e+02   -1.23303100e-02
    3.37415000e+02   -2.17791900e-02
    1.75234000e+02   -4.21530600e-02
    9.26434000e+01   -4.28176300e-02
    4.97576000e+01   -4.06481800e-02
    2.70728000e+01    9.66627400e-02
    1.48610000e+01    1.95245100e-01
    8.18121000e+00    5.13945200e-01
    4.47941000e+00   -2.54500500e-01
    2.41191000e+00   -9.21953900e-01
    1.25844000e+00   -1.00864300e+00
    6.31234000e-01    2.26466200e+00
    2.15297000e-01    5.80346400e-01
    1.18510000e-01   -2.10535900e+00
    5.72090000e-02    8.90944400e-02
26  0
    2.87558000e+07    6.18703300e-08
    6.42324000e+06    3.53532700e-07
    1.72120000e+06    1.63955400e-06
    5.33994000e+05    6.22359400e-06
    1.86194000e+05    2.15149100e-05
    7.12017000e+04    6.38971900e-05
    2.92762000e+04    1.86321000e-04
    1.27423000e+04    4.74969400e-04
    5.80051000e+03    1.25297400e-03
    2.73696000e+03    2.85920900e-03
    1.32999000e+03    6.94062400e-03
    6.62611000e+02    1.38957300e-02
    3.37415000e+02    2.95997200e-02
    1.75234000e+02    4.51631400e-02
    9.26434000e+01    6.84180800e-02
    4.97576000e+01    1.83971300e-02
    2.70728000e+01   -5.18622900e-02
    1.48610000e+01   -3.97452200e-01
    8.18121000e+00   -6.60677500e-01
    4.47941000e+00    5.21558100e-01
    2.41191000e+00    2.83814600e+00
    1.25844000e+00   -2.97065800e+00
    6.31234000e-01   -8.50755700e-01
    2.15297000e-01    4.24555900e+00
    1.18510000e-01   -2.93729300e+00
    5.72090000e-02   -1.14095400e+00
27  0
    1.61030000e+08   -1.07053400e-08
    2.87558000e+07   -7.03871400e-08
    6.42324000e+06   -4.14192300e-07
    1.72120000e+06   -1.85404900e-06
    5.33994000e+05   -7.35004100e-06
    1.86194000e+05   -2.40841100e-05
    7.12017000e+04   -7.63873100e-05
    2.92762000e+04   -2.05694500e-04
    1.27423000e+04   -5.76372100e-04
    5.80051000e+03   -1.36251500e-03
    2.73696000e+03   -3.52742400e-03
    1.32999000e+03   -7.42429300e-03
    6.62611000e+02   -1.75825500e-02
    3.37415000e+02   -3.07509500e-02
    1.75234000e+02   -6.13321700e-02
    9.26434000e+01   -6.12955900e-02
    4.97576000e+01   -6.54369300e-02
    2.70728000e+01    1.52393800e-01
    1.48610000e+01    3.48498800e-01
    8.18121000e+00    1.60440000e+00
    4.47941000e+00   -3.27446500e+00
    2.41191000e+00   -1.44925200e+00
    1.25844000e+00    7.54717000e+00
    6.31234000e-01   -6.99147000e+00
    2.15297000e-01    3.15520200e+00
    1.18510000e-01    9.78414100e-01
    5.72090000e-02   -3.64336400e+00
1  0
    2.71660000e-02    1.00000000e+00
19  1
    9.75126000e+04    2.00000000e-06
    2.38151000e+04    2.10000000e-05
    7.54043000e+03    1.30000000e-04
    2.85408000e+03    6.05000000e-04
    1.21769000e+03    2.33100000e-03
    5.62515000e+02    7.80700000e-03
    2.74274000e+02    2.30890000e-02
    1.39114000e+02    5.99080000e-02
    7.28598000e+01    1.31120000e-01
    3.92448000e+01    2.28323000e-01
    2.16430000e+01    3.03389000e-01
    1.21149000e+01    2.73532000e-01
    6.76912000e+00    1.33991000e-01
    3.70528000e+00    2.55160000e-02
    1.97901000e+00   -6.90000000e-04
    1.03127000e+00   -1.86100000e-03
    5.13609000e-01   -7.88000000e-04
    2.04264000e-01   -4.80000000e-05
    8.38780000e-02   -2.00000000e-06
19  1
    9.75126000e+04   -1.00000000e-06
    2.38151000e+04   -7.00000000e-06
    7.54043000e+03   -4.60000000e-05
    2.85408000e+03   -2.15000000e-04
    1.21769000e+03   -8.32000000e-04
    5.62515000e+02   -2.80100000e-03
    2.74274000e+02   -8.37300000e-03
    1.39114000e+02   -2.21600000e-02
    7.28598000e+01   -5.00430000e-02
    3.92448000e+01   -9.05020000e-02
    2.16430000e+01   -1.26668000e-01
    1.21149000e+01   -1.11319000e-01
    6.76912000e+00    3.27050000e-02
    3.70528000e+00    2.64189000e-01
    1.97901000e+00    4.01603000e-01
    1.03127000e+00    3.24422000e-01
    5.13609000e-01    1.21318000e-01
    2.04264000e-01    1.08150000e-02
    8.38780000e-02   -2.51000000e-04
18  1
    2.38151000e+04    2.00000000e-06
    7.54043000e+03    1.00000000e-05
    2.85408000e+03    4.70000000e-05
    1.21769000e+03    1.85000000e-04
    5.62515000e+02    6.13000000e-04
    2.74274000e+02    1.86000000e-03
    1.39114000e+02    4.86400000e-03
    7.28598000e+01    1.11750000e-02
    3.92448000e+01    1.99110000e-02
    2.16430000e+01    2.88090000e-02
    1.21149000e+01    2.40900000e-02
    6.76912000e+00   -8.66100000e-03
    3.70528000e+00   -7.29530000e-02
    1.97901000e+00   -1.06676000e-01
    1.03127000e+00   -1.07912000e-01
    5.13609000e-01    3.96150000e-02
    2.04264000e-01    3.56040000e-01
    8.38780000e-02    5.24909000e-01
18  1
    2.38151000e+04    3.00000000e-06
    7.54043000e+03    1.60000000e-05
    2.85408000e+03    7.30000000e-05
    1.21769000e+03    2.90000000e-04
    5.62515000e+02    9.51000000e-04
    2.74274000e+02    2.92200000e-03
    1.39114000e+02    7.53600000e-03
    7.28598000e+01    1.75660000e-02
    3.92448000e+01    3.07700000e-02
    2.16430000e+01    4.58540000e-02
    1.21149000e+01    3.67890000e-02
    6.76912000e+00   -1.07860000e-02
    3.70528000e+00   -1.23149000e-01
    1.97901000e+00   -1.70517000e-01
    1.03127000e+00   -1.59563000e-01
    5.13609000e-01    1.35651000e-01
    2.04264000e-01    6.25493000e-01
    8.38780000e-02    3.77067000e-01
19  1
    9.75126000e+04    1.00000000e-06
    2.38151000e+04    5.00000000e-06
    7.54043000e+03    3.50000000e-05
    2.85408000e+03    1.48000000e-04
    1.21769000e+03    6.34000000e-04
    5.62515000e+02    1.93500000e-03
    2.74274000e+02    6.38300000e-03
    1.39114000e+02    1.53400000e-02
    7.28598000e+01    3.86540000e-02
    3.92448000e+01    6.15060000e-02
    2.16430000e+01    1.06354000e-01
    1.21149000e+01    7.26590000e-02
    6.76912000e+00    2.67000000e-04
    3.70528000e+00   -4.22786000e-01
    1.97901000e+00   -4.23617000e-01
    1.03127000e+00    6.11960000e-02
    5.13609000e-01    1.14103500e+00
    2.04264000e-01   -7.07680000e-02
    8.38780000e-02   -7.19711000e-01
19  1
    9.75126000e+04    1.00000000e-06
    2.38151000e+04    8.00000000e-06
    7.54043000e+03    3.80000000e-05
    2.85408000e+03    2.17000000e-04
    1.21769000e+03    6.90000000e-04
    5.62515000e+02    2.82600000e-03
    2.74274000e+02    6.98300000e-03
    1.39114000e+02    2.25410000e-02
    7.28598000e+01    4.13350000e-02
    3.92448000e+01    9.64860000e-02
    2.16430000e+01    9.63110000e-02
    1.21149000e+01    2.18758000e-01
    6.76912000e+00   -1.99162000e-01
    3.70528000e+00   -7.57896000e-01
    1.97901000e+00   -4.88194000e-01
    1.03127000e+00    2.06565400e+00
    5.13609000e-01   -6.90182000e-01
    2.04264000e-01   -1.20648200e+00
    8.38780000e-02    1.06357800e+00
19  1
    9.75126000e+04    1.00000000e-06
    2.38151000e+04    1.10000000e-05
    7.54043000e+03    5.40000000e-05
    2.85408000e+03    3.07000000e-04
    1.21769000e+03    9.72000000e-04
    5.62515000e+02    4.00500000e-03
    2.74274000e+02    9.91100000e-03
    1.39114000e+02    3.23030000e-02
    7.28598000e+01    5.94730000e-02
    3.92448000e+01    1.40889000e-01
    2.16430000e+01    1.39322000e-01
    1.21149000e+01    4.56384000e-01
    6.76912000e+00   -9.86313000e-01
    3.70528000e+00   -1.40093100e+00
    1.97901000e+00    2.82816900e+00
    1.03127000e+00   -4.54419000e-01
    5.13609000e-01   -1.92626800e+00
    2.04264000e-01    2.08511700e+00
    8.38780000e-02   -9.65377000e-01
1  1
    3.41420000e-02    1.00000000e+00
11  2
    4.95248000e+02    1.95000000e-04
    1.49038000e+02    1.82000000e-03
    5.78728000e+01    9.86000000e-03
    2.53796000e+01    3.54170000e-02
    1.18594000e+01    9.48820000e-02
    5.79630000e+00    1.88651000e-01
    2.87275000e+00    2.70395000e-01
    1.40783600e+00    2.96347000e-01
    6.72407000e-01    2.56559000e-01
    3.08835000e-01    1.64055000e-01
    1.34297000e-01    6.05670000e-02
11  2
    4.95248000e+02   -2.26000000e-04
    1.49038000e+02   -2.11700000e-03
    5.78728000e+01   -1.15060000e-02
    2.53796000e+01   -4.16730000e-02
    1.18594000e+01   -1.14850000e-01
    5.79630000e+00   -2.30036000e-01
    2.87275000e+00   -2.78722000e-01
    1.40783600e+00   -1.09044000e-01
    6.72407000e-01    2.30918000e-01
    3.08835000e-01    4.34178000e-01
    1.34297000e-01    3.14681000e-01
11  2
    4.95248000e+02    2.98000000e-04
    1.49038000e+02    2.84100000e-03
    5.78728000e+01    1.53800000e-02
    2.53796000e+01    5.69320000e-02
    1.18594000e+01    1.62018000e-01
    5.79630000e+00    3.25124000e-01
    2.87275000e+00    2.07144000e-01
    1.40783600e+00   -3.68740000e-01
    6.72407000e-01   -5.80849000e-01
    3.08835000e-01    1.26706000e-01
    1.34297000e-01    5.87606000e-01
11  2
    4.95248000e+02   -4.19000000e-04
    1.49038000e+02   -4.07900000e-03
    5.78728000e+01   -2.18950000e-02
    2.53796000e+01   -8.30310000e-02
    1.18594000e+01   -2.56891000e-01
    5.79630000e+00   -5.03751000e-01
    2.87275000e+00    3.49761000e-01
    1.40783600e+00    9.34870000e-01
    6.72407000e-01   -6.38394000e-01
    3.08835000e-01   -6.37256000e-01
    1.34297000e-01    6.25456000e-01
11  2
    4.95248000e+02   -6.50000000e-04
    1.49038000e+02   -4.63300000e-03
    5.78728000e+01   -3.25190000e-02
    2.53796000e+01   -1.01078000e-01
    1.18594000e+01   -4.65019000e-01
    5.79630000e+00   -3.18601000e-01
    2.87275000e+00    1.51499100e+00
    1.40783600e+00   -7.61267000e-01
    6.72407000e-01   -9.67168000e-01
    3.08835000e-01    1.44333000e+00
    1.34297000e-01   -4.74200000e-01
1  2
    5.36190000e-02    1.00000000e+00
1  3
    8.59200000e+00    1.00000000e+00
1  3
    3.01870000e+00    1.00000000e+00
1  3
    1.06060000e+00    1.00000000e+00
1  3
    3.72600000e-01    1.00000000e+00
1  4
    6.77230000e+00    1.00000000e+00
1  4
    2.31900000e+00    1.00000000e+00
1  4
    7.94100000e-01    1.00000000e+00
1  5
    4.95110000e+00    1.00000000e+00
1  5
    1.55130000e+00    1.00000000e+00
1  6
    3.69500000e+00    1.00000000e+00
