26 
22    0 
14370220.0000000     1.9615790E-06    
2151540.0000000     1.5253080E-05    
489625.7000000     8.0246710E-05    
138690.3000000     3.3895820E-04    
 45249.8900000     1.2345510E-03    
 16337.6200000     4.0172370E-03    
  6373.0730000     1.1899360E-02    
  2643.9580000     3.2137210E-02    
  1153.6140000     7.7999700E-02    
   524.8606000     1.6268250E-01    
   247.3069000     2.6718490E-01    
   119.9063000     2.8814110E-01    
    58.9642900     1.5483010E-01    
    27.1361600     6.4518960E-02    
    13.6891200     1.0307280E-01    
     6.8827710     7.1379910E-02    
     3.1446470     9.1313320E-03    
     1.5062660    -2.9196790E-04    
     0.6872680    -5.5814880E-06    
     0.1609720    -1.7323510E-05    
     0.0730170     2.1323470E-05    
     0.0320710    -3.0164880E-07    
22    0 
14370220.0000000    -1.0320460E-06    
2151540.0000000    -8.0276140E-06    
489625.7000000    -4.2219300E-05    
138690.3000000    -1.7848170E-04    
 45249.8900000    -6.5014110E-04    
 16337.6200000    -2.1219090E-03    
  6373.0730000    -6.3117550E-03    
  2643.9580000    -1.7275580E-02    
  1153.6140000    -4.2993530E-02    
   524.8606000    -9.5071250E-02    
   247.3069000    -1.7522120E-01    
   119.9063000    -2.4161270E-01    
    58.9642900    -1.6459330E-01    
    27.1361600     1.8800600E-01    
    13.6891200     5.5051570E-01    
     6.8827710     3.7016820E-01    
     3.1446470     5.0072430E-02    
     1.5062660    -3.9756860E-03    
     0.6872680    -2.8964090E-04    
     0.1609720    -2.5525150E-04    
     0.0730170     2.1828070E-04    
     0.0320710    -3.6602480E-05    
22    0 
14370220.0000000     2.3577720E-07    
2151540.0000000     1.8353000E-06    
489625.7000000     9.6429510E-06    
138690.3000000     4.0829780E-05    
 45249.8900000     1.4856300E-04    
 16337.6200000     4.8666880E-04    
  6373.0730000     1.4496180E-03    
  2643.9580000     4.0151160E-03    
  1153.6140000     1.0148200E-02    
   524.8606000     2.3423210E-02    
   247.3069000     4.6172200E-02    
   119.9063000     7.2622050E-02    
    58.9642900     5.5124700E-02    
    27.1361600    -9.3568030E-02    
    13.6891200    -3.7520660E-01    
     6.8827710    -3.5950100E-01    
     3.1446470     2.8211870E-01    
     1.5062660     6.8828510E-01    
     0.6872680     3.2436800E-01    
     0.1609720     1.5014980E-02    
     0.0730170    -3.9060050E-03    
     0.0320710     2.4505620E-03    
22    0 
14370220.0000000    -4.9838800E-08    
2151540.0000000    -3.8793040E-07    
489625.7000000    -2.0383790E-06    
138690.3000000    -8.6301290E-06    
 45249.8900000    -3.1405190E-05    
 16337.6200000    -1.0286820E-04    
  6373.0730000    -3.0647760E-04    
  2643.9580000    -8.4885810E-04    
  1153.6140000    -2.1467320E-03    
   524.8606000    -4.9574990E-03    
   247.3069000    -9.7921830E-03    
   119.9063000    -1.5450650E-02    
    58.9642900    -1.1817940E-02    
    27.1361600     2.0315740E-02    
    13.6891200     8.4947540E-02    
     6.8827710     8.4558700E-02    
     3.1446470    -7.8244380E-02    
     1.5062660    -2.1614030E-01    
     0.6872680    -2.1206570E-01    
     0.1609720     2.7770480E-01    
     0.0730170     5.8863420E-01    
     0.0320710     2.8659140E-01    
22    0 
14370220.0000000    -9.6337720E-08    
2151540.0000000    -7.6540830E-07    
489625.7000000    -3.9036400E-06    
138690.3000000    -1.7186650E-05    
 45249.8900000    -5.9526400E-05    
 16337.6200000    -2.0704820E-04    
  6373.0730000    -5.7372930E-04    
  2643.9580000    -1.7315670E-03    
  1153.6140000    -3.9500290E-03    
   524.8606000    -1.0339690E-02    
   247.3069000    -1.7360270E-02    
   119.9063000    -3.4490740E-02    
    58.9642900    -1.4220400E-02    
    27.1361600     1.8167130E-02    
    13.6891200     2.2190440E-01    
     6.8827710     9.4969450E-02    
     3.1446470    -5.3567700E-02    
     1.5062660    -9.0710450E-01    
     0.6872680     3.4918740E-01    
     0.1609720     1.5866890E+00    
     0.0730170    -6.4259860E-01    
     0.0320710    -7.8848230E-01    
22    0 
14370220.0000000    -1.7336200E-07    
2151540.0000000    -1.3764340E-06    
489625.7000000    -7.0269090E-06    
138690.3000000    -3.0897570E-05    
 45249.8900000    -1.0719290E-04    
 16337.6200000    -3.7211610E-04    
  6373.0730000    -1.0337580E-03    
  2643.9580000    -3.1116020E-03    
  1153.6140000    -7.1274280E-03    
   524.8606000    -1.8593720E-02    
   247.3069000    -3.1483020E-02    
   119.9063000    -6.2220780E-02    
    58.9642900    -2.6843590E-02    
    27.1361600     3.4993600E-02    
    13.6891200     4.2200930E-01    
     6.8827710     2.5731470E-01    
     3.1446470    -5.3630890E-01    
     1.5062660    -1.8561120E+00    
     0.6872680     2.6514750E+00    
     0.1609720    -5.2287750E-01    
     0.0730170    -1.4830860E+00    
     0.0320710     1.4205990E+00    
22    0 
14370220.0000000    -1.9681090E-07    
2151540.0000000    -1.4397890E-06    
489625.7000000    -8.2659470E-06    
138690.3000000    -3.1089890E-05    
 45249.8900000    -1.3101840E-04    
 16337.6200000    -3.5773660E-04    
  6373.0730000    -1.3217260E-03    
  2643.9580000    -2.8216300E-03    
  1153.6140000    -9.6926460E-03    
   524.8606000    -1.5281430E-02    
   247.3069000    -4.8710940E-02    
   119.9063000    -3.6114650E-02    
    58.9642900    -1.0145590E-01    
    27.1361600     2.0591850E-01    
    13.6891200     1.7402090E-01    
     6.8827710     1.0618960E+00    
     3.1446470    -3.1875120E+00    
     1.5062660     2.0527300E+00    
     0.6872680     7.9624510E-01    
     0.1609720    -3.7309490E+00    
     0.0730170     5.0181100E+00    
     0.0320710    -2.4191080E+00    
 1    0 
     0.0320710     1.0000000E+00    
17    1 
 41961.4000000     1.1000000E-05    
  9928.3060000     9.5000000E-05    
  3224.9710000     5.5700000E-04    
  1235.2930000     2.5380000E-03    
   525.8469000     9.5540000E-03    
   240.9762000     3.0335000E-02    
   116.6418000     8.0984000E-02    
    58.8483400     1.7469200E-01    
    30.5291000     2.8854400E-01    
    16.1694300     3.3113600E-01    
     8.6642360     2.1289700E-01    
     4.5919430     5.6295000E-02    
     2.3810480     1.8950000E-03    
     1.2062460    -1.9550000E-03    
     0.5888220    -1.1260000E-03    
     0.2246580    -7.4000000E-05    
     0.0904360    -3.0000000E-06    
18    1 
 41961.4000000    -4.0000000E-06    
  9928.3060000    -3.4000000E-05    
  3224.9710000    -1.9800000E-04    
  1235.2930000    -9.0600000E-04    
   525.8469000    -3.4280000E-03    
   240.9762000    -1.1039000E-02    
   116.6418000    -3.0157000E-02    
    58.8483400    -6.7549000E-02    
    30.5291000    -1.1646600E-01    
    16.1694300    -1.4144100E-01    
     8.6642360    -4.8717000E-02    
     4.5919430     1.9465500E-01    
     2.3810480     4.0414800E-01    
     1.2062460     3.7890400E-01    
     0.5888220     1.6730600E-01    
     0.2246580     1.7719000E-02    
     0.0904360    -1.2520000E-03    
     0.0358480     5.5100000E-04    
18    1 
 41961.4000000     1.0000000E-06    
  9928.3060000     7.0000000E-06    
  3224.9710000     4.4000000E-05    
  1235.2930000     1.9900000E-04    
   525.8469000     7.6000000E-04    
   240.9762000     2.4250000E-03    
   116.6418000     6.7060000E-03    
    58.8483400     1.4890000E-02    
    30.5291000     2.6181000E-02    
    16.1694300     3.1310000E-02    
     8.6642360     1.0848000E-02    
     4.5919430    -5.3862000E-02    
     2.3810480    -1.0611200E-01    
     1.2062460    -1.2177500E-01    
     0.5888220     3.8630000E-03    
     0.2246580     3.2719800E-01    
     0.0904360     5.4196100E-01    
     0.0358480     2.6177800E-01    
18    1 
 41961.4000000     1.0000000E-06    
  9928.3060000     1.1000000E-05    
  3224.9710000     6.9000000E-05    
  1235.2930000     3.0800000E-04    
   525.8469000     1.1870000E-03    
   240.9762000     3.7600000E-03    
   116.6418000     1.0478000E-02    
    58.8483400     2.3058000E-02    
    30.5291000     4.1095000E-02    
    16.1694300     4.8529000E-02    
     8.6642360     1.8821000E-02    
     4.5919430    -8.8983000E-02    
     2.3810480    -1.7106100E-01    
     1.2062460    -1.8976400E-01    
     0.5888220     7.1874000E-02    
     0.2246580     6.0491700E-01    
     0.0904360     4.3578300E-01    
     0.0358480     2.3410000E-02    
18    1 
 41961.4000000     3.0000000E-06    
  9928.3060000     2.3000000E-05    
  3224.9710000     1.5000000E-04    
  1235.2930000     6.2000000E-04    
   525.8469000     2.5920000E-03    
   240.9762000     7.5710000E-03    
   116.6418000     2.3001000E-02    
    58.8483400     4.5943000E-02    
    30.5291000     9.2937000E-02    
    16.1694300     9.3407000E-02    
     8.6642360     8.0152000E-02    
     4.5919430    -3.1779300E-01    
     2.3810480    -4.3781300E-01    
     1.2062460    -2.3294600E-01    
     0.5888220     1.1648970E+00    
     0.2246580     1.7315600E-01    
     0.0904360    -8.1607100E-01    
     0.0358480    -3.1187000E-02    
18    1 
 41961.4000000    -4.0000000E-06    
  9928.3060000    -3.3000000E-05    
  3224.9710000    -1.8500000E-04    
  1235.2930000    -8.8700000E-04    
   525.8469000    -3.2040000E-03    
   240.9762000    -1.0849000E-02    
   116.6418000    -2.8331000E-02    
    58.8483400    -6.7369000E-02    
    30.5291000    -1.0832300E-01    
    16.1694300    -1.7198600E-01    
     8.6642360    -1.0844800E-01    
     4.5919430     7.4160700E-01    
     2.3810480     8.0826400E-01    
     1.2062460    -1.7802720E+00    
     0.5888220     6.3653000E-02    
     0.2246580     1.4742420E+00    
     0.0904360    -1.0385490E+00    
     0.0358480    -8.0330000E-02    
 1    1 
     0.0358480     1.0000000E+00    
11    2 
   375.3200000     3.5600000E-04    
   112.6040000     3.2390000E-03    
    43.5190000     1.6569000E-02    
    18.8147000     5.5983000E-02    
     8.6649100     1.3940300E-01    
     4.1371100     2.4437800E-01    
     1.9708000     3.0810700E-01    
     0.9150070     2.9726600E-01    
     0.4073700     2.1368500E-01    
     0.1704440     9.3414000E-02    
     0.0643790     1.2483000E-02    
11    2 
   375.3200000    -4.1100000E-04    
   112.6040000    -3.7740000E-03    
    43.5190000    -1.9316000E-02    
    18.8147000    -6.6437000E-02    
     8.6649100    -1.7054200E-01    
     4.1371100    -2.8547700E-01    
     1.9708000    -2.3288400E-01    
     0.9150070     9.4471000E-02    
     0.4073700     4.2017800E-01    
     0.1704440     4.0947400E-01    
     0.0643790     1.0405100E-01    
11    2 
   375.3200000    -5.4500000E-04    
   112.6040000    -5.0280000E-03    
    43.5190000    -2.5945000E-02    
    18.8147000    -9.1104000E-02    
     8.6649100    -2.4539500E-01    
     4.1371100    -3.4816000E-01    
     1.9708000     7.0083000E-02    
     0.9150070     6.4944500E-01    
     0.4073700     1.9394200E-01    
     0.1704440    -6.1846800E-01    
     0.0643790    -2.6102800E-01    
11    2 
   375.3200000    -8.2700000E-04    
   112.6040000    -7.0410000E-03    
    43.5190000    -3.9268000E-02    
    18.8147000    -1.3334100E-01    
     8.6649100    -4.3423000E-01    
     4.1371100    -2.5655400E-01    
     1.9708000     9.6624000E-01    
     0.9150070     1.0979800E-01    
     0.4073700    -1.0470350E+00    
     0.1704440     4.3759900E-01    
     0.0643790     3.8520400E-01    
 1    2 
     0.0643790     1.0000000E+00    
 1    3 
     5.9832000     1.0000000E+00    
 1    3 
     1.8045000     1.0000000E+00    
 1    3 
     0.5442000     1.0000000E+00    
 1    4 
     4.4514000     1.0000000E+00    
 1    4 
     1.2700000     1.0000000E+00    
 1    5 
     2.7959000     1.0000000E+00    
