15 
 8    0 
325817.0155300     2.2568462E-04    
 48839.6364530     1.7499398E-03    
 11114.9373070     9.1003134E-03    
  3146.1603642     3.6996257E-02    
  1024.4378465     1.2044270E-01    
   368.0250882     2.8598732E-01    
   142.9122920     4.0908312E-01    
    56.4826492     2.1500146E-01    
 4    0 
   356.4029832    -2.4767060E-02    
   110.3116522    -1.1702139E-01    
    17.6596348     5.5215522E-01    
     7.5059030     5.3246877E-01    
 2    0 
    11.5018072    -2.2942470E-01    
     1.9081995     7.1180934E-01    
 1    0 
     0.7939670     1.0000000E+00    
 1    0 
     0.1244445     1.0000000E+00    
 1    0 
     0.0444446     1.0000000E+00    
 6    1 
  1731.1369144     2.3905768E-03    
   409.9175044     1.9383000E-02    
   131.4564858     9.0905449E-02    
    48.9874397     2.6146682E-01    
    19.5370790     4.2157265E-01    
     7.9287282     2.4571814E-01    
 3    1 
    31.0760176    -2.9438070E-02    
     4.2835181     5.5615568E-01    
     1.7022922     9.6772195E-01    
 1    1 
     0.6420291     1.0000000E+00    
 1    1 
     0.1413080     1.0000000E+00    
 4    2 
    68.1407452     1.1983845E-02    
    19.6852410     7.3688540E-02    
     6.9322129     2.3085497E-01    
     2.6025126     3.9281059E-01    
 1    2 
     0.9401684     1.0000000E+00    
 1    2 
     0.3038146     1.0000000E+00    
 1    2 
     0.0980000     1.0000000E+00    
 1    3 
     1.9030000     1.0000000E+00    
