8
6  0
    1.61507194e+04    9.16359628e-03
    2.96121672e+03    4.93614929e-02
    8.28441727e+02    1.68538305e-01
    2.84592092e+02    3.70562800e-01
    1.10515438e+02    4.16491530e-01
    4.55163602e+01    1.30334084e-01
6  0
    1.26327784e+03   -1.32527881e-02
    2.50035653e+02   -4.69917101e-02
    7.77108947e+01   -3.37853715e-02
    2.98981822e+01    2.50241786e-01
    1.29848009e+01    5.95117253e-01
    5.95188430e+00    2.40706176e-01
6  1
    1.26327784e+03    3.75969662e-03
    2.50035653e+02    3.76793698e-02
    7.77108947e+01    1.73896744e-01
    2.98981822e+01    4.18036435e-01
    1.29848009e+01    4.25859548e-01
    5.95188430e+00    1.01708296e-01
6  0
    5.67770745e+01   -7.94312636e-03
    1.63489068e+01   -7.10026417e-02
    6.43043437e+00   -1.78502693e-01
    2.93892706e+00    1.51063506e-01
    1.46260410e+00    7.35491477e-01
    7.51137975e-01    2.76059312e-01
6  1
    5.67770745e+01   -7.13935891e-03
    1.63489068e+01   -1.82927707e-02
    6.43043437e+00    7.62162143e-02
    2.93892706e+00    4.14509860e-01
    1.46260410e+00    4.88962147e-01
    7.51137975e-01    1.05881652e-01
6  0
    3.28024376e+00    3.77505600e-03
    1.05546942e+00   -5.58596500e-02
    4.50965827e-01   -3.19294600e-01
    2.24880487e-01   -2.76478000e-02
    1.21380619e-01    9.04919900e-01
    6.74947299e-02    3.40625800e-01
6  1
    3.28024376e+00   -7.05207500e-03
    1.05546942e+00   -5.25950500e-02
    4.50965827e-01   -3.77345000e-02
    2.24880487e-01    3.87477300e-01
    1.21380619e-01    5.79167200e-01
    6.74947299e-02    1.22181700e-01
6  2
    4.58998260e+01    6.63343439e-03
    1.32168130e+01    5.95817796e-02
    5.19850347e+00    2.40194958e-01
    2.37589277e+00    4.64811468e-01
    1.18240107e+00    3.43409233e-01
    6.07236331e-01    5.38905698e-02
