23 
12    0 
 22984.7412470     1.8791745E+00    
 11624.1099270    -1.0097190E-01    
  5640.3127898     5.4867635E+00    
  2645.0376429     6.3829372E+00    
  1371.0418944     1.5317661E+01    
   651.5910470     1.9384152E+01    
   339.5908122     1.3776060E+01    
   160.5957974     4.3015350E-01    
    80.4014754    -2.4807282E+00    
    42.1316835     1.7166974E+01    
    21.1733240     1.2754956E+01    
    10.6983797    -5.3364495E+00    
 1    0 
     5.3718887     1.0000000E+00    
 1    0 
     2.7108298     1.0000000E+00    
 1    0 
     1.3406445     1.0000000E+00    
 1    0 
     0.6844781     1.0000000E+00    
 1    0 
     0.3500673     1.0000000E+00    
 1    0 
     0.1771067     1.0000000E+00    
 1    0 
     0.0899548     1.0000000E+00    
 1    1 
     2.4895098     1.0000000E+00    
 1    1 
     1.1178371     1.0000000E+00    
 1    1 
     0.5057605     1.0000000E+00    
 1    1 
     0.2298817     1.0000000E+00    
 1    1 
     0.1046479     1.0000000E+00    
 1    2 
    39.1009947     1.0000000E+00    
 1    2 
    13.4136581     1.0000000E+00    
 1    2 
     4.5931057     1.0000000E+00    
 1    2 
     1.5710363     1.0000000E+00    
 1    2 
     0.5371633     1.0000000E+00    
 2    3 
     6.3589028    -1.3940700E-02    
     1.8418252    -1.5213000E-03    
 1    3 
     0.5359683     1.0000000E+00    
 1    4 
    18.1954609     1.0000000E+00    
 1    4 
     6.0833764     1.0000000E+00    
 1    4 
     2.0211729     1.0000000E+00    
