15
8  0
    2.54477807e+05    2.33869457e-04
    3.81317971e+04    1.81426018e-03
    8.67529306e+03    9.43639257e-03
    2.45500998e+03    3.83436394e-02
    7.99162178e+02    1.24591948e-01
    2.86900215e+02    2.94896960e-01
    1.11254132e+02    4.18461496e-01
    4.38641526e+01    2.16337634e-01
4  0
    2.79326692e+02   -2.34509081e-02
    8.62747324e+01   -1.10803700e-01
    1.35557561e+01    5.30289658e-01
    5.69781128e+00    5.16035169e-01
2  0
    8.56365826e+00   -3.81095457e-01
    1.39882968e+00    1.19915914e+00
1  0
    5.72881711e-01    1.00000000e+00
1  0
    9.00961713e-02    1.00000000e+00
1  0
    3.41258851e-02    1.00000000e+00
6  1
    1.30643989e+03    2.42773262e-03
    3.09253114e+02    1.95440410e-02
    9.89962740e+01    9.06517946e-02
    3.67569165e+01    2.56992792e-01
    1.45666571e+01    4.09355049e-01
    5.87399374e+00    2.37293888e-01
3  1
    2.28909997e+01   -2.81660266e-02
    3.08550018e+00    5.60341201e-01
    1.21323291e+00    9.81190196e-01
1  1
    4.49316807e-01    1.00000000e+00
1  1
    1.20675000e-01    1.00000000e+00
4  2
    4.37200745e+01    1.36229640e-02
    1.23912427e+01    7.89351801e-02
    4.26394420e+00    2.38338400e-01
    1.55252218e+00    3.95268511e-01
1  2
    5.37619295e-01    1.00000000e+00
1  2
    1.64931731e-01    1.00000000e+00
1  2
    5.10000000e-02    1.00000000e+00
1  3
    1.14700000e+00    1.00000000e+00
