25 
20    0 
5430321.0000000     7.8010260E-06    
813166.5000000     6.0656660E-05    
185054.4000000     3.1889640E-04    
 52414.6600000     1.3446870E-03    
 17098.6800000     4.8690500E-03    
  6171.9940000     1.5610130E-02    
  2406.4810000     4.4520770E-02    
   997.2584000     1.1031110E-01    
   433.9289000     2.2203420E-01    
   196.2869000     3.1337390E-01    
    91.0428000     2.3151210E-01    
    41.3842500     7.6409200E-02    
    19.9327800     1.1038180E-01    
     9.5818910     1.0943720E-01    
     4.2345160     1.8363110E-02    
     1.9858140    -6.0430840E-04    
     0.8670830     5.0922450E-05    
     0.1813390    -5.5407300E-05    
     0.0836570     3.9694820E-05    
     0.0362670    -1.2695380E-05    
20    0 
5430321.0000000    -4.4047060E-06    
813166.5000000    -3.4248010E-05    
185054.4000000    -1.8012380E-04    
 52414.6600000    -7.6004550E-04    
 17098.6800000    -2.7593480E-03    
  6171.9940000    -8.9009700E-03    
  2406.4810000    -2.5793780E-02    
   997.2584000    -6.6238610E-02    
   433.9289000    -1.4459270E-01    
   196.2869000    -2.4401100E-01    
    91.0428000    -2.5048370E-01    
    41.3842500     2.8525770E-02    
    19.9327800     5.1158740E-01    
     9.5818910     4.9280610E-01    
     4.2345160     8.7884370E-02    
     1.9858140    -5.8202810E-03    
     0.8670830     2.0135080E-04    
     0.1813390    -5.1825530E-04    
     0.0836570     3.7315030E-04    
     0.0362670    -1.1931710E-04    
20    0 
5430321.0000000     9.7046820E-07    
813166.5000000     7.5492450E-06    
185054.4000000     3.9688920E-05    
 52414.6600000     1.6772000E-04    
 17098.6800000     6.0951010E-04    
  6171.9940000     1.9788460E-03    
  2406.4810000     5.7980490E-03    
   997.2584000     1.5341580E-02    
   433.9289000     3.5404840E-02    
   196.2869000     6.7020980E-02    
    91.0428000     8.0269450E-02    
    41.3842500    -1.9272310E-02    
    19.9327800    -3.1601290E-01    
     9.5818910    -4.5731620E-01    
     4.2345160     1.5508410E-01    
     1.9858140     7.2028720E-01    
     0.8670830     3.8851220E-01    
     0.1813390     1.9243260E-02    
     0.0836570    -7.1038070E-03    
     0.0362670     3.2729060E-03    
20    0 
5430321.0000000    -1.9593540E-07    
813166.5000000    -1.5234720E-06    
185054.4000000    -8.0148080E-06    
 52414.6600000    -3.3839920E-05    
 17098.6800000    -1.2311910E-04    
  6171.9940000    -3.9920850E-04    
  2406.4810000    -1.1719000E-03    
   997.2584000    -3.0961410E-03    
   433.9289000    -7.1719930E-03    
   196.2869000    -1.3566210E-02    
    91.0428000    -1.6439890E-02    
    41.3842500     4.1076280E-03    
    19.9327800     6.6939640E-02    
     9.5818910     1.0282210E-01    
     4.2345160    -4.4229450E-02    
     1.9858140    -2.0311910E-01    
     0.8670830    -2.2300220E-01    
     0.1813390     2.5179750E-01    
     0.0836570     5.6500910E-01    
     0.0362670     3.2472430E-01    
20    0 
5430321.0000000    -3.5322290E-07    
813166.5000000    -2.7988120E-06    
185054.4000000    -1.4325170E-05    
 52414.6600000    -6.2709460E-05    
 17098.6800000    -2.1794900E-04    
  6171.9940000    -7.4743160E-04    
  2406.4810000    -2.0492710E-03    
   997.2584000    -5.8852030E-03    
   433.9289000    -1.2268850E-02    
   196.2869000    -2.6831470E-02    
    91.0428000    -2.4792610E-02    
    41.3842500    -5.9847460E-03    
    19.9327800     1.5571240E-01    
     9.5818910     1.4366830E-01    
     4.2345160     8.3741030E-03    
     1.9858140    -7.4607110E-01    
     0.8670830     1.2443670E-01    
     0.1813390     1.5101100E+00    
     0.0836570    -3.4771220E-01    
     0.0362670    -9.7741690E-01    
20    0 
5430321.0000000    -7.5082670E-07    
813166.5000000    -5.9720180E-06    
185054.4000000    -3.0396820E-05    
 52414.6600000    -1.3404050E-04    
 17098.6800000    -4.6157780E-04    
  6171.9940000    -1.6010640E-03    
  2406.4810000    -4.3309420E-03    
   997.2584000    -1.2654340E-02    
   433.9289000    -2.5868640E-02    
   196.2869000    -5.8354280E-02    
    91.0428000    -5.1323220E-02    
    41.3842500    -1.9089530E-02    
    19.9327800     3.5861160E-01    
     9.5818910     3.8858180E-01    
     4.2345160    -3.0571060E-01    
     1.9858140    -2.0698960E+00    
     0.8670830     2.4317740E+00    
     0.1813390    -2.1219740E-02    
     0.0836570    -1.8202510E+00    
     0.0362670     1.4345850E+00    
 1    0 
     0.0362670     1.0000000E+00    
 1    0 
     0.0157200     1.0000000E+00    
16    1 
 22760.5700000     4.0000000E-05    
  5387.6790000     3.6100000E-04    
  1749.9450000     2.0830000E-03    
   669.6653000     9.1970000E-03    
   284.1948000     3.2660000E-02    
   129.6077000     9.3795000E-02    
    62.2541500     2.0827400E-01    
    30.9296400     3.3399300E-01    
    15.7582700     3.3249300E-01    
     8.0942110     1.5472800E-01    
     4.0469210     2.1271000E-02    
     1.9678690    -1.6900000E-03    
     0.9252950    -1.5160000E-03    
     0.3529920    -2.4200000E-04    
     0.1273070     2.3000000E-05    
     0.0443560    -9.0000000E-06    
16    1 
 22760.5700000    -1.5000000E-05    
  5387.6790000    -1.3100000E-04    
  1749.9450000    -7.5500000E-04    
   669.6653000    -3.3590000E-03    
   284.1948000    -1.2081000E-02    
   129.6077000    -3.5703000E-02    
    62.2541500    -8.2502000E-02    
    30.9296400    -1.3989000E-01    
    15.7582700    -1.4072900E-01    
     8.0942110     3.8766000E-02    
     4.0469210     3.4269500E-01    
     1.9678690     4.5231000E-01    
     0.9252950     2.7705400E-01    
     0.3529920     4.3885000E-02    
     0.1273070    -2.8020000E-03    
     0.0443560     1.1520000E-03    
16    1 
 22760.5700000     3.0000000E-06    
  5387.6790000     2.5000000E-05    
  1749.9450000     1.4700000E-04    
   669.6653000     6.5600000E-04    
   284.1948000     2.3510000E-03    
   129.6077000     7.0040000E-03    
    62.2541500     1.6131000E-02    
    30.9296400     2.7770000E-02    
    15.7582700     2.7567000E-02    
     8.0942110    -1.0115000E-02    
     4.0469210    -8.1009000E-02    
     1.9678690    -1.1040900E-01    
     0.9252950    -7.1732000E-02    
     0.3529920     1.8793000E-01    
     0.1273070     5.6462900E-01    
     0.0443560     4.0700000E-01    
16    1 
 22760.5700000     5.0000000E-06    
  5387.6790000     4.9000000E-05    
  1749.9450000     2.7800000E-04    
   669.6653000     1.2530000E-03    
   284.1948000     4.4470000E-03    
   129.6077000     1.3370000E-02    
    62.2541500     3.0469000E-02    
    30.9296400     5.3447000E-02    
    15.7582700     5.2639000E-02    
     8.0942110    -1.6881000E-02    
     4.0469210    -1.7944800E-01    
     1.9678690    -2.0958800E-01    
     0.9252950    -3.9633000E-02    
     0.3529920     5.0213000E-01    
     0.1273070     5.8111100E-01    
     0.0443560     4.5666000E-02    
16    1 
 22760.5700000     1.1000000E-05    
  5387.6790000     9.6000000E-05    
  1749.9450000     5.9000000E-04    
   669.6653000     2.4840000E-03    
   284.1948000     9.4630000E-03    
   129.6077000     2.6453000E-02    
    62.2541500     6.5689000E-02    
    30.9296400     1.0273200E-01    
    15.7582700     1.3704100E-01    
     8.0942110    -7.0961000E-02    
     4.0469210    -5.0470800E-01    
     1.9678690    -4.7805600E-01    
     0.9252950     9.4289200E-01    
     0.3529920     5.4469900E-01    
     0.1273070    -8.3276600E-01    
     0.0443560    -1.0841600E-01    
 1    1 
     0.0443560     1.0000000E+00    
 1    1 
     0.0154500     1.0000000E+00    
 8    2 
   173.8970000     2.7000000E-03    
    51.8869000     2.0909000E-02    
    19.3419000     8.4408000E-02    
     7.9757200     2.1399900E-01    
     3.3982300     3.3598000E-01    
     1.4093200     3.5730100E-01    
     0.5488580     2.6457800E-01    
     0.1901990     1.0397200E-01    
 8    2 
   173.8970000    -3.3630000E-03    
    51.8869000    -2.6079000E-02    
    19.3419000    -1.0823100E-01    
     7.9757200    -2.8221700E-01    
     3.3982300    -3.4719000E-01    
     1.4093200     2.6711000E-02    
     0.5488580     4.9204700E-01    
     0.1901990     4.3842200E-01    
 8    2 
   173.8970000     4.1330000E-03    
    51.8869000     3.3085000E-02    
    19.3419000     1.3833600E-01    
     7.9757200     3.9016600E-01    
     3.3982300     1.6984200E-01    
     1.4093200    -6.8301800E-01    
     0.5488580    -2.6579700E-01    
     0.1901990     8.3806300E-01    
 1    2 
     0.1901990     1.0000000E+00    
 1    2 
     0.0659100     1.0000000E+00    
 1    3 
     5.0821000     1.0000000E+00    
 1    3 
     1.2797000     1.0000000E+00    
 1    3 
     0.4617200     1.0000000E+00    
 1    4 
     3.4835000     1.0000000E+00    
 1    4 
     1.4597900     1.0000000E+00    
