32 
22    0 
16665490.0000000     1.9222100E-06    
2495213.0000000     1.4946550E-05    
567850.7000000     7.8631060E-05    
160853.1000000     3.3211890E-04    
 52481.8600000     1.2096490E-03    
 18948.8500000     3.9362310E-03    
  7391.6550000     1.1660310E-02    
  3066.5170000     3.1495120E-02    
  1337.9940000     7.6463850E-02    
   608.7830000     1.5951620E-01    
   286.8980000     2.6189830E-01    
   139.1530000     2.8167080E-01    
    68.4945500     1.5095870E-01    
    31.6010800     7.0419550E-02    
    15.9915800     1.1800390E-01    
     8.0565100     8.0151870E-02    
     3.6903290     1.0201220E-02    
     1.7629020    -3.7204640E-04    
     0.8012690    -2.2068860E-05    
     0.1842430    -2.4010850E-05    
     0.0817930     1.5298160E-05    
     0.0353030    -5.1511670E-06    
22    0 
16665490.0000000    -1.0826420E-06    
2495213.0000000    -8.4208690E-06    
567850.7000000    -4.4286250E-05    
160853.1000000    -1.8720710E-04    
 52481.8600000    -6.8192650E-04    
 18948.8500000    -2.2254850E-03    
  7391.6550000    -6.6196200E-03    
  3066.5170000    -1.8114000E-02    
  1337.9940000    -4.5066220E-02    
   608.7830000    -9.9554430E-02    
   286.8980000    -1.8305580E-01    
   139.1530000    -2.5105770E-01    
    68.4945500    -1.7034170E-01    
    31.6010800     1.9000770E-01    
    15.9915800     5.5070480E-01    
     8.0565100     3.6425320E-01    
     3.6903290     4.8689770E-02    
     1.7629020    -3.7999930E-03    
     0.8012690    -3.1563080E-04    
     0.1842430    -2.4304110E-04    
     0.0817930     1.5536450E-04    
     0.0353030    -5.1802560E-05    
22    0 
16665490.0000000     2.3896050E-07    
2495213.0000000     1.8600090E-06    
567850.7000000     9.7725800E-06    
160853.1000000     4.1376190E-05    
 52481.8600000     1.5055880E-04    
 18948.8500000     4.9321750E-04    
  7391.6550000     1.4694670E-03    
  3066.5170000     4.0714870E-03    
  1337.9940000     1.0300910E-02    
   608.7830000     2.3814080E-02    
   286.8980000     4.7070080E-02    
   139.1530000     7.4244500E-02    
    68.4945500     5.6576570E-02    
    31.6010800    -9.7608620E-02    
    15.9915800    -3.8563990E-01    
     8.0565100    -3.5403120E-01    
     3.6903290     2.9839590E-01    
     1.7629020     6.8618090E-01    
     0.8012690     3.1509890E-01    
     0.1842430     1.3945640E-02    
     0.0817930    -3.6116400E-03    
     0.0353030     2.2891150E-03    
22    0 
16665490.0000000    -4.8234360E-08    
2495213.0000000    -3.7538580E-07    
567850.7000000    -1.9727430E-06    
160853.1000000    -8.3499610E-06    
 52481.8600000    -3.0395350E-05    
 18948.8500000    -9.9530100E-05    
  7391.6550000    -2.9671880E-04    
  3066.5170000    -8.2172930E-04    
  1337.9940000    -2.0813770E-03    
   608.7830000    -4.8111490E-03    
   286.8980000    -9.5376830E-03    
   139.1530000    -1.5073510E-02    
    68.4945500    -1.1610880E-02    
    31.6010800     2.0327160E-02    
    15.9915800     8.3274030E-02    
     8.0565100     7.9531250E-02    
     3.6903290    -7.9015240E-02    
     1.7629020    -2.0543120E-01    
     0.8012690    -1.9851340E-01    
     0.1842430     2.6271330E-01    
     0.0817930     5.7940310E-01    
     0.0353030     3.0541490E-01    
22    0 
16665490.0000000    -8.8766350E-08    
2495213.0000000    -7.0321350E-07    
567850.7000000    -3.6013660E-06    
160853.1000000    -1.5768710E-05    
 52481.8600000    -5.4997260E-05    
 18948.8500000    -1.8970550E-04    
  7391.6550000    -5.3116560E-04    
  3066.5170000    -1.5845930E-03    
  1337.9940000    -3.6713160E-03    
   608.7830000    -9.4588930E-03    
   286.8980000    -1.6301340E-02    
   139.1530000    -3.1454020E-02    
    68.4945500    -1.4447120E-02    
    31.6010800     2.0378560E-02    
    15.9915800     1.9973070E-01    
     8.0565100     9.4759260E-02    
     3.6903290    -7.9353980E-02    
     1.7629020    -7.5913530E-01    
     0.8012690     2.3650790E-01    
     0.1842430     1.4226040E+00    
     0.0817930    -3.0662030E-01    
     0.0353030    -9.6193100E-01    
22    0 
16665490.0000000    -1.8493560E-07    
2495213.0000000    -1.4619050E-06    
567850.7000000    -7.5105340E-06    
160853.1000000    -3.2749890E-05    
 52481.8600000    -1.1482390E-04    
 18948.8500000    -3.9359030E-04    
  7391.6550000    -1.1106170E-03    
  3066.5170000    -3.2841740E-03    
  1337.9940000    -7.6972350E-03    
   608.7830000    -1.9590130E-02    
   286.8980000    -3.4447120E-02    
   139.1530000    -6.5071760E-02    
    68.4945500    -3.2694160E-02    
    31.6010800     4.7389150E-02    
    15.9915800     4.3337120E-01    
     8.0565100     3.1895210E-01    
     3.6903290    -7.2819550E-01    
     1.7629020    -1.6631160E+00    
     0.8012690     2.5132670E+00    
     0.1842430    -3.7368610E-01    
     0.0817930    -1.4791020E+00    
     0.0353030     1.3158940E+00    
22    0 
16665490.0000000    -1.9809510E-07    
2495213.0000000    -1.4461910E-06    
567850.7000000    -8.3263080E-06    
160853.1000000    -3.1193800E-05    
 52481.8600000    -1.3208420E-04    
 18948.8500000    -3.5853620E-04    
  7391.6550000    -1.3339960E-03    
  3066.5170000    -2.8247280E-03    
  1337.9940000    -9.8063330E-03    
   608.7830000    -1.5293230E-02    
   286.8980000    -4.9565730E-02    
   139.1530000    -3.5834680E-02    
    68.4945500    -1.0449060E-01    
    31.6010800     2.1058540E-01    
    15.9915800     1.6467320E-01    
     8.0565100     1.1505130E+00    
     3.6903290    -3.4837320E+00    
     1.7629020     2.5166360E+00    
     0.8012690     4.4290640E-01    
     0.1842430    -3.4043100E+00    
     0.0817930     4.6278500E+00    
     0.0353030    -2.2401200E+00    
 1    0 
     0.0353030     1.0000000E+00    
 1    0 
     0.0152400     1.0000000E+00    
17    1 
 48218.4100000     1.1000000E-05    
 11420.5500000     9.7000000E-05    
  3713.5690000     5.6900000E-04    
  1423.7620000     2.5890000E-03    
   606.6041000     9.7420000E-03    
   278.2564000     3.0930000E-02    
   134.8449000     8.2530000E-02    
    68.1225400     1.7775800E-01    
    35.4008800     2.9222500E-01    
    18.7902900     3.3034900E-01    
    10.0835600     2.0686300E-01    
     5.3461200     5.2793000E-02    
     2.7752280     1.7180000E-03    
     1.4075640    -1.7010000E-03    
     0.6872130    -9.7600000E-04    
     0.2468220    -5.4000000E-05    
     0.0370370    -1.0000000E-06    
18    1 
 48218.4100000    -4.0000000E-06    
 11420.5500000    -3.5000000E-05    
  3713.5690000    -2.0600000E-04    
  1423.7620000    -9.4100000E-04    
   606.6041000    -3.5560000E-03    
   278.2564000    -1.1461000E-02    
   134.8449000    -3.1309000E-02    
    68.1225400    -7.0139000E-02    
    35.4008800    -1.2056200E-01    
    18.7902900    -1.4355200E-01    
    10.0835600    -4.0327000E-02    
     5.3461200     2.0846600E-01    
     2.7752280     4.0872400E-01    
     1.4075640     3.6820100E-01    
     0.6872130     1.5965300E-01    
     0.2468220     1.5955000E-02    
     0.0962200    -1.6810000E-03    
     0.0370370     6.3100000E-04    
18    1 
 48218.4100000     1.0000000E-06    
 11420.5500000     7.0000000E-06    
  3713.5690000     4.0000000E-05    
  1423.7620000     1.8200000E-04    
   606.6041000     6.9700000E-04    
   278.2564000     2.2200000E-03    
   134.8449000     6.1630000E-03    
    68.1225400     1.3631000E-02    
    35.4008800     2.4033000E-02    
    18.7902900     2.7862000E-02    
    10.0835600     7.9750000E-03    
     5.3461200    -5.1133000E-02    
     2.7752280    -9.2305000E-02    
     1.4075640    -1.0645800E-01    
     0.6872130     3.7380000E-03    
     0.2468220     3.1054100E-01    
     0.0962200     5.4190300E-01    
     0.0370370     2.8250200E-01    
18    1 
 48218.4100000     2.0000000E-06    
 11420.5500000     1.3000000E-05    
  3713.5690000     7.9000000E-05    
  1423.7620000     3.4900000E-04    
   606.6041000     1.3730000E-03    
   278.2564000     4.2610000E-03    
   134.8449000     1.2146000E-02    
    68.1225400     2.6064000E-02    
    35.4008800     4.7907000E-02    
    18.7902900     5.2829000E-02    
    10.0835600     2.1575000E-02    
     5.3461200    -1.1778300E-01    
     2.7752280    -1.8839700E-01    
     1.4075640    -2.0191600E-01    
     0.6872130     1.7374300E-01    
     0.2468220     6.3684800E-01    
     0.0962200     3.5151800E-01    
     0.0370370     1.2383000E-02    
18    1 
 48218.4100000     3.0000000E-06    
 11420.5500000     2.5000000E-05    
  3713.5690000     1.6300000E-04    
  1423.7620000     6.7600000E-04    
   606.6041000     2.8080000E-03    
   278.2564000     8.2550000E-03    
   134.8449000     2.4946000E-02    
    68.1225400     5.0160000E-02    
    35.4008800     1.0028900E-01    
    18.7902900     1.0231900E-01    
    10.0835600     7.7241000E-02    
     5.3461200    -3.8444900E-01    
     2.7752280    -4.5135400E-01    
     1.4075640    -9.4778000E-02    
     0.6872130     1.1731180E+00    
     0.2468220    -5.4133000E-02    
     0.0962200    -7.2824400E-01    
     0.0370370     4.2700000E-04    
18    1 
 48218.4100000     4.0000000E-06    
 11420.5500000     3.7000000E-05    
  3713.5690000     1.9000000E-04    
  1423.7620000     9.7800000E-04    
   606.6041000     3.3080000E-03    
   278.2564000     1.1980000E-02    
   134.8449000     2.9207000E-02    
    68.1225400     7.5122000E-02    
    35.4008800     1.0783500E-01    
    18.7902900     2.0737900E-01    
    10.0835600     6.0406000E-02    
     5.3461200    -8.9497700E-01    
     2.7752280    -5.5840200E-01    
     1.4075640     1.8997060E+00    
     0.6872130    -5.0222400E-01    
     0.2468220    -1.1824130E+00    
     0.0962200     1.0445070E+00    
     0.0370370     1.2236000E-02    
 1    1 
     0.0370370     1.0000000E+00    
 1    1 
     0.0142600     1.0000000E+00    
11    2 
   527.8860000     2.5600000E-04    
   158.7330000     2.3780000E-03    
    61.5556000     1.2722000E-02    
    26.8834000     4.5012000E-02    
    12.5175000     1.1719600E-01    
     6.0697700     2.1855500E-01    
     2.9583190     2.9144800E-01    
     1.4141220     2.9713800E-01    
     0.6533290     2.3609200E-01    
     0.2866920     1.3144400E-01    
     0.1150140     3.4345000E-02    
11    2 
   527.8860000    -3.1600000E-04    
   158.7330000    -2.9580000E-03    
    61.5556000    -1.5877000E-02    
    26.8834000    -5.6864000E-02    
    12.5175000    -1.5358400E-01    
     6.0697700    -2.8113900E-01    
     2.9583190    -2.6851800E-01    
     1.4141220     2.3130000E-02    
     0.6533290     3.5662000E-01    
     0.2866920     4.1847000E-01    
     0.1150140     1.9282700E-01    
11    2 
   527.8860000     3.7900000E-04    
   158.7330000     3.5730000E-03    
    61.5556000     1.9229000E-02    
    26.8834000     6.9903000E-02    
    12.5175000     1.9938000E-01    
     6.0697700     3.4884800E-01    
     2.9583190     5.1394000E-02    
     1.4141220    -5.5967900E-01    
     0.6533290    -3.8458100E-01    
     0.2866920     4.3892500E-01    
     0.1150140     4.9049800E-01    
11    2 
   527.8860000    -5.9300000E-04    
   158.7330000    -5.1060000E-03    
    61.5556000    -2.9922000E-02    
    26.8834000    -1.0329300E-01    
    12.5175000    -3.5956800E-01    
     6.0697700    -4.1280700E-01    
     2.9583190     7.4768900E-01    
     1.4141220     5.4251500E-01    
     0.6533290    -9.7770600E-01    
     0.2866920    -8.8603000E-02    
     0.1150140     6.5507000E-01    
 1    2 
     0.1150140     1.0000000E+00    
 1    2 
     0.0461400     1.0000000E+00    
 1    3 
     7.7344000     1.0000000E+00    
 1    3 
     2.3909000     1.0000000E+00    
 1    3 
     0.7391000     1.0000000E+00    
 1    3 
     0.2574700     1.0000000E+00    
 1    4 
     6.0075000     1.0000000E+00    
 1    4 
     1.7760000     1.0000000E+00    
 1    4 
     0.7321200     1.0000000E+00    
 1    5 
     3.7909000     1.0000000E+00    
 1    5 
     1.6768100     1.0000000E+00    
