26
21  0
    1.66654900e+07    1.92221000e-06
    2.49521300e+06    1.49465500e-05
    5.67850700e+05    7.86310600e-05
    1.60853100e+05    3.32118900e-04
    5.24818600e+04    1.20964900e-03
    1.89488500e+04    3.93623100e-03
    7.39165500e+03    1.16603100e-02
    3.06651700e+03    3.14951200e-02
    1.33799400e+03    7.64638500e-02
    6.08783000e+02    1.59516200e-01
    2.86898000e+02    2.61898300e-01
    1.39153000e+02    2.81670800e-01
    6.84945500e+01    1.50958700e-01
    3.16010800e+01    7.04195500e-02
    1.59915800e+01    1.18003900e-01
    8.05651000e+00    8.01518700e-02
    3.69032900e+00    1.02012200e-02
    1.76290200e+00   -3.72046400e-04
    8.01269000e-01   -2.20688600e-05
    1.84243000e-01   -2.40108500e-05
    8.17930000e-02    1.52981600e-05
21  0
    1.66654900e+07   -1.08264200e-06
    2.49521300e+06   -8.42086900e-06
    5.67850700e+05   -4.42862500e-05
    1.60853100e+05   -1.87207100e-04
    5.24818600e+04   -6.81926500e-04
    1.89488500e+04   -2.22548500e-03
    7.39165500e+03   -6.61962000e-03
    3.06651700e+03   -1.81140000e-02
    1.33799400e+03   -4.50662200e-02
    6.08783000e+02   -9.95544300e-02
    2.86898000e+02   -1.83055800e-01
    1.39153000e+02   -2.51057700e-01
    6.84945500e+01   -1.70341700e-01
    3.16010800e+01    1.90007700e-01
    1.59915800e+01    5.50704800e-01
    8.05651000e+00    3.64253200e-01
    3.69032900e+00    4.86897700e-02
    1.76290200e+00   -3.79999300e-03
    8.01269000e-01   -3.15630800e-04
    1.84243000e-01   -2.43041100e-04
    8.17930000e-02    1.55364500e-04
21  0
    1.66654900e+07    2.38960500e-07
    2.49521300e+06    1.86000900e-06
    5.67850700e+05    9.77258000e-06
    1.60853100e+05    4.13761900e-05
    5.24818600e+04    1.50558800e-04
    1.89488500e+04    4.93217500e-04
    7.39165500e+03    1.46946700e-03
    3.06651700e+03    4.07148700e-03
    1.33799400e+03    1.03009100e-02
    6.08783000e+02    2.38140800e-02
    2.86898000e+02    4.70700800e-02
    1.39153000e+02    7.42445000e-02
    6.84945500e+01    5.65765700e-02
    3.16010800e+01   -9.76086200e-02
    1.59915800e+01   -3.85639900e-01
    8.05651000e+00   -3.54031200e-01
    3.69032900e+00    2.98395900e-01
    1.76290200e+00    6.86180900e-01
    8.01269000e-01    3.15098900e-01
    1.84243000e-01    1.39456400e-02
    8.17930000e-02   -3.61164000e-03
21  0
    1.66654900e+07   -4.82343600e-08
    2.49521300e+06   -3.75385800e-07
    5.67850700e+05   -1.97274300e-06
    1.60853100e+05   -8.34996100e-06
    5.24818600e+04   -3.03953500e-05
    1.89488500e+04   -9.95301000e-05
    7.39165500e+03   -2.96718800e-04
    3.06651700e+03   -8.21729300e-04
    1.33799400e+03   -2.08137700e-03
    6.08783000e+02   -4.81114900e-03
    2.86898000e+02   -9.53768300e-03
    1.39153000e+02   -1.50735100e-02
    6.84945500e+01   -1.16108800e-02
    3.16010800e+01    2.03271600e-02
    1.59915800e+01    8.32740300e-02
    8.05651000e+00    7.95312500e-02
    3.69032900e+00   -7.90152400e-02
    1.76290200e+00   -2.05431200e-01
    8.01269000e-01   -1.98513400e-01
    1.84243000e-01    2.62713300e-01
    8.17930000e-02    5.79403100e-01
21  0
    1.66654900e+07   -8.87663500e-08
    2.49521300e+06   -7.03213500e-07
    5.67850700e+05   -3.60136600e-06
    1.60853100e+05   -1.57687100e-05
    5.24818600e+04   -5.49972600e-05
    1.89488500e+04   -1.89705500e-04
    7.39165500e+03   -5.31165600e-04
    3.06651700e+03   -1.58459300e-03
    1.33799400e+03   -3.67131600e-03
    6.08783000e+02   -9.45889300e-03
    2.86898000e+02   -1.63013400e-02
    1.39153000e+02   -3.14540200e-02
    6.84945500e+01   -1.44471200e-02
    3.16010800e+01    2.03785600e-02
    1.59915800e+01    1.99730700e-01
    8.05651000e+00    9.47592600e-02
    3.69032900e+00   -7.93539800e-02
    1.76290200e+00   -7.59135300e-01
    8.01269000e-01    2.36507900e-01
    1.84243000e-01    1.42260400e+00
    8.17930000e-02   -3.06620300e-01
21  0
    1.66654900e+07   -1.84935600e-07
    2.49521300e+06   -1.46190500e-06
    5.67850700e+05   -7.51053400e-06
    1.60853100e+05   -3.27498900e-05
    5.24818600e+04   -1.14823900e-04
    1.89488500e+04   -3.93590300e-04
    7.39165500e+03   -1.11061700e-03
    3.06651700e+03   -3.28417400e-03
    1.33799400e+03   -7.69723500e-03
    6.08783000e+02   -1.95901300e-02
    2.86898000e+02   -3.44471200e-02
    1.39153000e+02   -6.50717600e-02
    6.84945500e+01   -3.26941600e-02
    3.16010800e+01    4.73891500e-02
    1.59915800e+01    4.33371200e-01
    8.05651000e+00    3.18952100e-01
    3.69032900e+00   -7.28195500e-01
    1.76290200e+00   -1.66311600e+00
    8.01269000e-01    2.51326700e+00
    1.84243000e-01   -3.73686100e-01
    8.17930000e-02   -1.47910200e+00
21  0
    1.66654900e+07   -1.98095100e-07
    2.49521300e+06   -1.44619100e-06
    5.67850700e+05   -8.32630800e-06
    1.60853100e+05   -3.11938000e-05
    5.24818600e+04   -1.32084200e-04
    1.89488500e+04   -3.58536200e-04
    7.39165500e+03   -1.33399600e-03
    3.06651700e+03   -2.82472800e-03
    1.33799400e+03   -9.80633300e-03
    6.08783000e+02   -1.52932300e-02
    2.86898000e+02   -4.95657300e-02
    1.39153000e+02   -3.58346800e-02
    6.84945500e+01   -1.04490600e-01
    3.16010800e+01    2.10585400e-01
    1.59915800e+01    1.64673200e-01
    8.05651000e+00    1.15051300e+00
    3.69032900e+00   -3.48373200e+00
    1.76290200e+00    2.51663600e+00
    8.01269000e-01    4.42906400e-01
    1.84243000e-01   -3.40431000e+00
    8.17930000e-02    4.62785000e+00
1  0
    3.53030000e-02    1.00000000e+00
16  1
    4.82184100e+04    1.10000000e-05
    1.14205500e+04    9.70000000e-05
    3.71356900e+03    5.69000000e-04
    1.42376200e+03    2.58900000e-03
    6.06604100e+02    9.74200000e-03
    2.78256400e+02    3.09300000e-02
    1.34844900e+02    8.25300000e-02
    6.81225400e+01    1.77758000e-01
    3.54008800e+01    2.92225000e-01
    1.87902900e+01    3.30349000e-01
    1.00835600e+01    2.06863000e-01
    5.34612000e+00    5.27930000e-02
    2.77522800e+00    1.71800000e-03
    1.40756400e+00   -1.70100000e-03
    6.87213000e-01   -9.76000000e-04
    2.46822000e-01   -5.40000000e-05
17  1
    4.82184100e+04   -4.00000000e-06
    1.14205500e+04   -3.50000000e-05
    3.71356900e+03   -2.06000000e-04
    1.42376200e+03   -9.41000000e-04
    6.06604100e+02   -3.55600000e-03
    2.78256400e+02   -1.14610000e-02
    1.34844900e+02   -3.13090000e-02
    6.81225400e+01   -7.01390000e-02
    3.54008800e+01   -1.20562000e-01
    1.87902900e+01   -1.43552000e-01
    1.00835600e+01   -4.03270000e-02
    5.34612000e+00    2.08466000e-01
    2.77522800e+00    4.08724000e-01
    1.40756400e+00    3.68201000e-01
    6.87213000e-01    1.59653000e-01
    2.46822000e-01    1.59550000e-02
    9.62200000e-02   -1.68100000e-03
17  1
    4.82184100e+04    1.00000000e-06
    1.14205500e+04    7.00000000e-06
    3.71356900e+03    4.00000000e-05
    1.42376200e+03    1.82000000e-04
    6.06604100e+02    6.97000000e-04
    2.78256400e+02    2.22000000e-03
    1.34844900e+02    6.16300000e-03
    6.81225400e+01    1.36310000e-02
    3.54008800e+01    2.40330000e-02
    1.87902900e+01    2.78620000e-02
    1.00835600e+01    7.97500000e-03
    5.34612000e+00   -5.11330000e-02
    2.77522800e+00   -9.23050000e-02
    1.40756400e+00   -1.06458000e-01
    6.87213000e-01    3.73800000e-03
    2.46822000e-01    3.10541000e-01
    9.62200000e-02    5.41903000e-01
17  1
    4.82184100e+04    2.00000000e-06
    1.14205500e+04    1.30000000e-05
    3.71356900e+03    7.90000000e-05
    1.42376200e+03    3.49000000e-04
    6.06604100e+02    1.37300000e-03
    2.78256400e+02    4.26100000e-03
    1.34844900e+02    1.21460000e-02
    6.81225400e+01    2.60640000e-02
    3.54008800e+01    4.79070000e-02
    1.87902900e+01    5.28290000e-02
    1.00835600e+01    2.15750000e-02
    5.34612000e+00   -1.17783000e-01
    2.77522800e+00   -1.88397000e-01
    1.40756400e+00   -2.01916000e-01
    6.87213000e-01    1.73743000e-01
    2.46822000e-01    6.36848000e-01
    9.62200000e-02    3.51518000e-01
17  1
    4.82184100e+04    3.00000000e-06
    1.14205500e+04    2.50000000e-05
    3.71356900e+03    1.63000000e-04
    1.42376200e+03    6.76000000e-04
    6.06604100e+02    2.80800000e-03
    2.78256400e+02    8.25500000e-03
    1.34844900e+02    2.49460000e-02
    6.81225400e+01    5.01600000e-02
    3.54008800e+01    1.00289000e-01
    1.87902900e+01    1.02319000e-01
    1.00835600e+01    7.72410000e-02
    5.34612000e+00   -3.84449000e-01
    2.77522800e+00   -4.51354000e-01
    1.40756400e+00   -9.47780000e-02
    6.87213000e-01    1.17311800e+00
    2.46822000e-01   -5.41330000e-02
    9.62200000e-02   -7.28244000e-01
17  1
    4.82184100e+04    4.00000000e-06
    1.14205500e+04    3.70000000e-05
    3.71356900e+03    1.90000000e-04
    1.42376200e+03    9.78000000e-04
    6.06604100e+02    3.30800000e-03
    2.78256400e+02    1.19800000e-02
    1.34844900e+02    2.92070000e-02
    6.81225400e+01    7.51220000e-02
    3.54008800e+01    1.07835000e-01
    1.87902900e+01    2.07379000e-01
    1.00835600e+01    6.04060000e-02
    5.34612000e+00   -8.94977000e-01
    2.77522800e+00   -5.58402000e-01
    1.40756400e+00    1.89970600e+00
    6.87213000e-01   -5.02224000e-01
    2.46822000e-01   -1.18241300e+00
    9.62200000e-02    1.04450700e+00
1  1
    3.70370000e-02    1.00000000e+00
10  2
    5.27886000e+02    2.56000000e-04
    1.58733000e+02    2.37800000e-03
    6.15556000e+01    1.27220000e-02
    2.68834000e+01    4.50120000e-02
    1.25175000e+01    1.17196000e-01
    6.06977000e+00    2.18555000e-01
    2.95831900e+00    2.91448000e-01
    1.41412200e+00    2.97138000e-01
    6.53329000e-01    2.36092000e-01
    2.86692000e-01    1.31444000e-01
10  2
    5.27886000e+02   -3.16000000e-04
    1.58733000e+02   -2.95800000e-03
    6.15556000e+01   -1.58770000e-02
    2.68834000e+01   -5.68640000e-02
    1.25175000e+01   -1.53584000e-01
    6.06977000e+00   -2.81139000e-01
    2.95831900e+00   -2.68518000e-01
    1.41412200e+00    2.31300000e-02
    6.53329000e-01    3.56620000e-01
    2.86692000e-01    4.18470000e-01
10  2
    5.27886000e+02    3.79000000e-04
    1.58733000e+02    3.57300000e-03
    6.15556000e+01    1.92290000e-02
    2.68834000e+01    6.99030000e-02
    1.25175000e+01    1.99380000e-01
    6.06977000e+00    3.48848000e-01
    2.95831900e+00    5.13940000e-02
    1.41412200e+00   -5.59679000e-01
    6.53329000e-01   -3.84581000e-01
    2.86692000e-01    4.38925000e-01
10  2
    5.27886000e+02   -5.93000000e-04
    1.58733000e+02   -5.10600000e-03
    6.15556000e+01   -2.99220000e-02
    2.68834000e+01   -1.03293000e-01
    1.25175000e+01   -3.59568000e-01
    6.06977000e+00   -4.12807000e-01
    2.95831900e+00    7.47689000e-01
    1.41412200e+00    5.42515000e-01
    6.53329000e-01   -9.77706000e-01
    2.86692000e-01   -8.86030000e-02
1  2
    1.15014000e-01    1.00000000e+00
1  3
    7.73440000e+00    1.00000000e+00
1  3
    2.39090000e+00    1.00000000e+00
1  3
    7.39100000e-01    1.00000000e+00
1  4
    6.00750000e+00    1.00000000e+00
1  4
    1.77600000e+00    1.00000000e+00
1  5
    3.79090000e+00    1.00000000e+00
