8
6  0
    1.86865081e+04    9.16359628e-03
    3.42615081e+03    4.93614929e-02
    9.58513531e+02    1.68538305e-01
    3.29275267e+02    3.70562800e-01
    1.27867222e+02    4.16491530e-01
    5.26627833e+01    1.30334084e-01
6  10
    1.49436474e+03   -1.32527881e-02
    2.95773780e+02   -4.69917101e-02
    9.19262705e+01   -3.37853715e-02
    3.53673497e+01    2.50241786e-01
    1.53600641e+01    5.95117253e-01
    7.04064120e+00    2.40706176e-01
6  10
    1.49436474e+03    3.75969662e-03
    2.95773780e+02    3.76793698e-02
    9.19262705e+01    1.73896744e-01
    3.53673497e+01    4.18036435e-01
    1.53600641e+01    4.25859548e-01
    7.04064120e+00    1.01708296e-01
6  10
    6.77176708e+01   -7.94312636e-03
    1.94992415e+01   -7.10026417e-02
    7.66953988e+00   -1.78502693e-01
    3.50524040e+00    1.51063506e-01
    1.74443900e+00    7.35491477e-01
    8.95877685e-01    2.76059312e-01
6  10
    6.77176708e+01   -7.13935891e-03
    1.94992415e+01   -1.82927707e-02
    7.66953988e+00    7.62162143e-02
    3.50524040e+00    4.14509860e-01
    1.74443900e+00    4.88962147e-01
    8.95877685e-01    1.05881652e-01
6  10
    3.49528576e+00    3.77505600e-03
    1.12466253e+00   -5.58596500e-02
    4.80529664e-01   -3.19294600e-01
    2.39622912e-01   -2.76478000e-02
    1.29337933e-01    9.04919900e-01
    7.19194624e-02    3.40625800e-01
6  10
    3.49528576e+00   -7.05207500e-03
    1.12466253e+00   -5.25950500e-02
    4.80529664e-01   -3.77345000e-02
    2.39622912e-01    3.87477300e-01
    1.29337933e-01    5.79167200e-01
    7.19194624e-02    1.22181700e-01
6  2
    5.77775324e+01    6.63343439e-03
    1.66369877e+01    5.95817796e-02
    6.54374381e+00    2.40194958e-01
    2.99071333e+00    4.64811468e-01
    1.48837636e+00    3.43409233e-01
    7.64373632e-01    5.38905698e-02
