16
6  0
    4.41087251e+05   -2.18141731e-04
    6.61120212e+04   -1.69219359e-03
    1.50470114e+04   -8.81371316e-03
    4.26342731e+03   -3.59546595e-02
    1.39638158e+03   -1.17429705e-01
    5.11960558e+02   -2.88442674e-01
2  0
    2.03454269e+02   -4.26788989e-01
    8.27923370e+01   -3.30441285e-01
1  0
    2.08542856e+01    1.00000000e+00
1  0
    9.04106796e+00    1.00000000e+00
1  0
    2.75181352e+00    1.00000000e+00
1  0
    1.04348565e+00    1.00000000e+00
1  0
    1.11722924e-01    1.00000000e+00
1  0
    4.10410203e-02    1.00000000e+00
3  1
    2.53009657e+03    1.91379413e-03
    6.00097930e+02    1.57976710e-02
    1.94082045e+02    7.62712596e-02
3  1
    7.36718214e+01    2.38814523e-01
    3.04473697e+01    4.49800159e-01
    1.31227149e+01    3.93376824e-01
1  1
    5.52148400e+00    1.00000000e+00
1  1
    2.14579221e+00    1.00000000e+00
1  1
    7.67974887e-01    1.00000000e+00
3  2
    4.73137437e+01    3.23997604e-02
    1.31546884e+01    1.68227065e-01
    4.36628857e+00    3.84944296e-01
1  2
    1.41220659e+00    1.00000000e+00
1  2
    3.88407130e-01    1.00000000e+00
