5
6  0
    7.00171309e+03    1.81961690e-03
    1.05136609e+03    1.39160796e-02
    2.39285690e+02    6.84053245e-02
    6.73974453e+01    2.33185760e-01
    2.15199573e+01    4.71267439e-01
    7.40310130e+00    3.56618546e-01
3  10
    2.08479528e+01   -1.08506975e-01
    4.80830834e+00   -1.46451658e-01
    1.34406986e+00    1.12868858e+00
3  10
    2.08479528e+01    7.16287243e-02
    4.80830834e+00    3.45912103e-01
    1.34406986e+00    7.22469957e-01
1  10
    3.58151393e-01    1.00000000e+00
1  10
    3.58151393e-01    1.00000000e+00
