46
1  0
    6.45424000e+02    1.00000000e+00
1  0
    1.38618000e+02    1.00000000e+00
1  0
    3.87295000e+01    1.00000000e+00
1  0
    2.17236000e+01    1.00000000e+00
1  0
    7.48035000e+00    1.00000000e+00
1  0
    4.28440000e+00    1.00000000e+00
1  0
    2.60199000e+00    1.00000000e+00
1  0
    1.34078000e+00    1.00000000e+00
1  0
    6.03875000e-01    1.00000000e+00
1  0
    2.99915000e-01    1.00000000e+00
1  1
    1.18066000e+02    1.00000000e+00
1  1
    3.20337000e+01    1.00000000e+00
1  1
    1.35925000e+01    1.00000000e+00
1  1
    6.28991000e+00    1.00000000e+00
1  1
    3.49079000e+00    1.00000000e+00
1  1
    1.63932000e+00    1.00000000e+00
1  1
    8.80017000e-01    1.00000000e+00
1  1
    5.33003000e-01    1.00000000e+00
1  2
    2.77676000e+01    1.00000000e+00
1  2
    8.88076000e+00    1.00000000e+00
1  2
    5.49502000e+00    1.00000000e+00
1  2
    2.97112000e+00    1.00000000e+00
1  2
    1.81972000e+00    1.00000000e+00
1  2
    8.90528000e-01    1.00000000e+00
1  2
    3.67580000e-01    1.00000000e+00
1  3
    1.85003000e+01    1.00000000e+00
1  3
    8.60861000e+00    1.00000000e+00
1  3
    4.94388000e+00    1.00000000e+00
1  3
    2.81449000e+00    1.00000000e+00
1  3
    1.58152000e+00    1.00000000e+00
1  3
    8.09465000e-01    1.00000000e+00
1  4
    9.16370000e+00    1.00000000e+00
1  4
    4.93669000e+00    1.00000000e+00
1  4
    2.71487000e+00    1.00000000e+00
1  4
    1.31919000e+00    1.00000000e+00
1  5
    7.10465000e+00    1.00000000e+00
1  5
    4.17287000e+00    1.00000000e+00
1  5
    2.20010000e+00    1.00000000e+00
1  6
    4.22372000e+00    1.00000000e+00
1  0
    1.23244000e-01    1.00000000e+00
1  1
    2.30106000e-01    1.00000000e+00
1  2
    1.80000000e-01    1.00000000e+00
1  3
    3.29422000e-01    1.00000000e+00
1  4
    5.69767000e-01    1.00000000e+00
1  5
    1.01855000e+00    1.00000000e+00
1  6
    1.82770000e+00    1.00000000e+00
