18
8  0
    1.95000000e+04    5.07000000e-04
    2.92300000e+03    3.92300000e-03
    6.64500000e+02    2.02000000e-02
    1.87500000e+02    7.90100000e-02
    6.06200000e+01    2.30439000e-01
    2.14200000e+01    4.32872000e-01
    7.95000000e+00    3.49964000e-01
    8.81500000e-01   -7.89200000e-03
8  0
    1.95000000e+04   -1.17000000e-04
    2.92300000e+03   -9.12000000e-04
    6.64500000e+02   -4.71700000e-03
    1.87500000e+02   -1.90860000e-02
    6.06200000e+01   -5.96550000e-02
    2.14200000e+01   -1.40010000e-01
    7.95000000e+00   -1.76782000e-01
    8.81500000e-01    6.05043000e-01
1  0
    2.25700000e+00    1.00000000e+00
1  0
    3.04100000e-01    1.00000000e+00
1  0
    9.15800000e-02    1.00000000e+00
1  0
    2.76000000e-02    1.00000000e+00
3  1
    4.38800000e+01    1.66650000e-02
    9.92600000e+00    1.04472000e-01
    2.93000000e+00    3.17260000e-01
1  1
    9.13200000e-01    1.00000000e+00
1  1
    2.67200000e-01    1.00000000e+00
1  1
    7.36100000e-02    1.00000000e+00
1  1
    2.03000000e-02    1.00000000e+00
1  2
    3.10700000e+00    1.00000000e+00
1  2
    8.55000000e-01    1.00000000e+00
1  2
    2.92000000e-01    1.00000000e+00
1  2
    9.97000000e-02    1.00000000e+00
1  3
    1.91700000e+00    1.00000000e+00
1  3
    7.24000000e-01    1.00000000e+00
1  3
    2.73000000e-01    1.00000000e+00
