33
10  0
    2.11400000e+05    2.60000000e-05
    3.16600000e+04    2.01000000e-04
    7.20200000e+03    1.05600000e-03
    2.04000000e+03    4.43200000e-03
    6.66400000e+02    1.57660000e-02
    2.42000000e+02    4.81120000e-02
    9.55300000e+01    1.23232000e-01
    4.02300000e+01    2.51519000e-01
    1.77200000e+01    3.64525000e-01
    8.00500000e+00    2.79766000e-01
10  0
    2.11400000e+05   -6.00000000e-06
    3.16600000e+04   -4.70000000e-05
    7.20200000e+03   -2.44000000e-04
    2.04000000e+03   -1.03100000e-03
    6.66400000e+02   -3.68300000e-03
    2.42000000e+02   -1.15130000e-02
    9.55300000e+01   -3.06630000e-02
    4.02300000e+01   -6.95720000e-02
    1.77200000e+01   -1.23992000e-01
    8.00500000e+00   -1.50214000e-01
1  0
    3.53800000e+00    1.00000000e+00
1  0
    1.45800000e+00    1.00000000e+00
1  0
    5.88700000e-01    1.00000000e+00
1  0
    2.32400000e-01    1.00000000e+00
1  0
    8.06000000e-02    1.00000000e+00
1  0
    2.80000000e-02    1.00000000e+00
4  1
    2.41900000e+02    1.00200000e-03
    5.71700000e+01    8.05400000e-03
    1.81300000e+01    3.80480000e-02
    6.62400000e+00    1.23779000e-01
1  1
    2.62200000e+00    1.00000000e+00
1  1
    1.05700000e+00    1.00000000e+00
1  1
    4.17600000e-01    1.00000000e+00
1  1
    1.57400000e-01    1.00000000e+00
1  1
    5.50000000e-02    1.00000000e+00
1  1
    1.92000000e-02    1.00000000e+00
1  2
    7.76000000e+00    1.00000000e+00
1  2
    3.03200000e+00    1.00000000e+00
1  2
    1.18500000e+00    1.00000000e+00
1  2
    4.63000000e-01    1.00000000e+00
1  2
    1.72000000e-01    1.00000000e+00
1  2
    6.39000000e-02    1.00000000e+00
1  3
    5.39800000e+00    1.00000000e+00
1  3
    2.07800000e+00    1.00000000e+00
1  3
    8.00000000e-01    1.00000000e+00
1  3
    3.31000000e-01    1.00000000e+00
1  3
    1.37000000e-01    1.00000000e+00
1  4
    4.33800000e+00    1.00000000e+00
1  4
    1.51300000e+00    1.00000000e+00
1  4
    6.63000000e-01    1.00000000e+00
1  4
    2.91000000e-01    1.00000000e+00
1  5
    2.99500000e+00    1.00000000e+00
1  5
    1.32600000e+00    1.00000000e+00
1  5
    5.87000000e-01    1.00000000e+00
