3
6  0
    1.72862657e+03    9.16359628e-03
    3.16941790e+02    4.93614929e-02
    8.86688914e+01    1.68538305e-01
    3.04601573e+01    3.70562800e-01
    1.18285704e+01    4.16491530e-01
    4.87165852e+00    1.30334084e-01
6  10
    6.70322809e+01   -1.32527881e-02
    1.32674378e+01   -4.69917101e-02
    4.12350977e+00   -3.37853715e-02
    1.58646284e+00    2.50241786e-01
    6.89001892e-01    5.95117253e-01
    3.15819978e-01    2.40706176e-01
6  10
    6.70322809e+01    3.75969660e-03
    1.32674378e+01    3.76793698e-02
    4.12350977e+00    1.73896744e-01
    1.58646284e+00    4.18036435e-01
    6.89001892e-01    4.25859548e-01
    3.15819978e-01    1.01708296e-01
