10
5  0
    2.04504890e+04    5.11034950e-04
    3.06695470e+03    3.95188200e-03
    6.97910030e+02    2.03345530e-02
    1.97270200e+02    7.98764800e-02
    6.37283430e+01    2.37756010e-01
1  0
    2.23218090e+01    1.00000000e+00
1  0
    8.15576090e+00    1.00000000e+00
1  0
    2.21142950e+00    1.00000000e+00
1  0
    8.90385670e-01    1.00000000e+00
1  0
    3.06966040e-01    1.00000000e+00
4  1
    8.02180200e+01    6.37444640e-03
    1.85872810e+01    4.43601910e-02
    5.68445810e+00    1.68800380e-01
    1.95127810e+00    3.61629790e-01
1  1
    6.70241140e-01    1.00000000e+00
1  1
    2.16822520e-01    1.00000000e+00
1  2
    1.40000000e+00    1.00000000e+00
