11
3  0
    3.29918400e+03    6.35860000e-02
    4.99088600e+02    3.76202000e-01
    1.09161400e+02    6.81785000e-01
3  0
    1.43465200e+02   -1.10552000e-01
    3.11685800e+01    9.68470000e-02
    9.48361200e+00    9.58797000e-01
3  1
    1.43465200e+02    1.41101000e-01
    3.11685800e+01    5.60387000e-01
    9.48361200e+00    4.67644000e-01
3  0
    9.46456500e+00   -2.92056000e-01
    3.10037300e+00    3.37524000e-01
    9.86493000e-01    8.51942000e-01
3  1
    9.46456500e+00    2.37620000e-02
    3.10037300e+00    4.68911000e-01
    9.86493000e-01    6.08311000e-01
2  0
    8.53412000e-01   -2.27944000e-01
    9.88120000e-02    1.08828700e+00
2  1
    8.53412000e-01   -4.26000000e-04
    9.88120000e-02    1.00012400e+00
1  0
    3.64420000e-02    1.00000000e+00
1  1
    3.64420000e-02    1.00000000e+00
2  2
    1.23544900e+01    2.68611000e-01
    3.05560500e+00    8.49272000e-01
1  2
    7.38591000e-01    1.00000000e+00
