11
6  0
    6.11326200e+04    1.76611100e-03
    9.17934200e+03    1.35303800e-02
    2.09085700e+03    6.67312800e-02
    5.89247900e+02    2.31482300e-01
    1.88754300e+02    4.79705800e-01
    6.44462900e+01    3.50197600e-01
6  10
    1.25998000e+03    2.43801400e-03
    2.99876100e+02    3.22404800e-02
    9.68491700e+01    1.26572400e-01
    3.63102000e+01   -3.13990200e-02
    1.47299600e+01   -6.20759300e-01
    6.06607500e+00   -4.50291400e-01
6  10
    1.25998000e+03    4.02801900e-03
    2.99876100e+02    3.14464700e-02
    9.68491700e+01    1.36831700e-01
    3.63102000e+01    3.48723600e-01
    1.47299600e+01    4.61793100e-01
    6.06607500e+00    2.04305800e-01
6  10
    5.04348500e+01   -3.87325600e-03
    1.68392900e+01    7.19659800e-02
    7.19208600e+00    2.55659100e-01
    3.05342000e+00   -2.88283700e-01
    1.27364300e+00   -7.34282200e-01
    5.04091000e-01   -2.04935300e-01
6  10
    5.04348500e+01   -7.01712800e-03
    1.68392900e+01   -2.87766000e-02
    7.19208600e+00    6.18138300e-02
    3.05342000e+00    3.95494600e-01
    1.27364300e+00    4.98905900e-01
    5.04091000e-01    1.79125100e-01
3  10
    1.95031600e+00    5.69486900e-02
    7.36721000e-01    2.88291500e-01
    1.14177000e-01   -1.13815900e+00
3  10
    1.95031600e+00   -4.59379600e-01
    7.36721000e-01    2.85213900e-01
    1.14177000e-01    9.07648500e-01
1  10
    4.11480000e-02    1.00000000e+00
1  10
    4.11480000e-02    1.00000000e+00
3  2
    2.31499400e+01    8.87693500e-02
    6.12236800e+00    3.89631900e-01
    1.84660100e+00    7.01481600e-01
1  2
    5.04361000e-01    1.00000000e+00
