33
27  0
    1.49769000e+08    8.65756000e-08
    2.67225000e+07    5.77912000e-07
    5.95900000e+06    3.35164500e-06
    1.59361000e+06    1.53576500e-05
    4.93464000e+05    5.94969000e-05
    1.71790000e+05    2.01415200e-04
    6.56209000e+04    6.14903700e-04
    2.69656000e+04    1.73132100e-03
    1.17353000e+04    4.56936800e-03
    5.34343000e+03    1.13979100e-02
    2.52250000e+03    2.68678400e-02
    1.22643000e+03    5.91076200e-02
    6.11269000e+02    1.17842600e-01
    3.11308000e+02    2.01376200e-01
    1.61624000e+02    2.66077400e-01
    8.53767000e+01    2.25986200e-01
    4.57911000e+01    9.89389000e-02
    2.48677000e+01    4.93255900e-02
    1.36202000e+01    8.60437600e-02
    7.48106000e+00    7.32246200e-02
    4.08817000e+00    2.11745000e-02
    2.19905000e+00    1.62314300e-03
    1.14815000e+00    1.19724200e-06
    5.77265000e-01   -5.96367300e-05
    1.97635000e-01   -7.98180200e-07
    1.08986000e-01    9.66471100e-06
    5.32160000e-02    9.13220000e-06
27  0
    1.49769000e+08   -4.46683300e-08
    2.67225000e+07   -2.98170800e-07
    5.95900000e+06   -1.72928400e-06
    1.59361000e+06   -7.92393300e-06
    4.93464000e+05   -3.07004100e-05
    1.71790000e+05   -1.03949500e-04
    6.56209000e+04   -3.17504500e-04
    2.69656000e+04   -8.94948700e-04
    1.17353000e+04   -2.36781200e-03
    5.34343000e+03   -5.93692600e-03
    2.52250000e+03   -1.41448600e-02
    1.22643000e+03   -3.17841300e-02
    6.11269000e+02   -6.60463000e-02
    3.11308000e+02   -1.22270300e-01
    1.61624000e+02   -1.88692000e-01
    8.53767000e+01   -2.09097000e-01
    4.57911000e+01   -9.69889600e-02
    2.48677000e+01    1.73191600e-01
    1.36202000e+01    4.62477200e-01
    7.48106000e+00    3.99834000e-01
    4.08817000e+00    1.15240800e-01
    2.19905000e+00    8.40874700e-03
    1.14815000e+00   -1.29691000e-03
    5.77265000e-01   -7.55023800e-04
    1.97635000e-01   -6.90741600e-05
    1.08986000e-01    8.77760400e-05
    5.32160000e-02    3.25070200e-05
27  0
    1.49769000e+08    1.02547100e-08
    2.67225000e+07    6.84667900e-08
    5.95900000e+06    3.96979000e-07
    1.59361000e+06    1.81965100e-06
    4.93464000e+05    7.04765100e-06
    1.71790000e+05    2.38777400e-05
    6.56209000e+04    7.29147200e-05
    2.69656000e+04    2.05839200e-04
    1.17353000e+04    5.45103500e-04
    5.34343000e+03    1.37327800e-03
    2.52250000e+03    3.29311700e-03
    1.22643000e+03    7.52074600e-03
    6.11269000e+02    1.60465200e-02
    3.11308000e+02    3.13026500e-02
    1.61624000e+02    5.25286500e-02
    8.53767000e+01    6.60529500e-02
    4.57911000e+01    3.24937700e-02
    2.48677000e+01   -8.47680900e-02
    1.36202000e+01   -2.95018000e-01
    7.48106000e+00   -3.70954700e-01
    4.08817000e+00   -3.46481300e-02
    2.19905000e+00    4.46248600e-01
    1.14815000e+00    5.71758600e-01
    5.77265000e-01    2.34867800e-01
    1.97635000e-01    1.50623300e-02
    1.08986000e-01   -3.43733900e-03
    5.32160000e-02    3.25418800e-03
26  0
    2.67225000e+07   -1.48059500e-08
    5.95900000e+06   -8.58390100e-08
    1.59361000e+06   -3.93507000e-07
    4.93464000e+05   -1.52388300e-06
    1.71790000e+05   -5.16383500e-06
    6.56209000e+04   -1.57655800e-05
    2.69656000e+04   -4.45179200e-05
    1.17353000e+04   -1.17862000e-04
    5.34343000e+03   -2.97050600e-04
    2.52250000e+03   -7.12150000e-04
    1.22643000e+03   -1.62757800e-03
    6.11269000e+02   -3.47281300e-03
    3.11308000e+02   -6.78638700e-03
    1.61624000e+02   -1.14044700e-02
    8.53767000e+01   -1.44202000e-02
    4.57911000e+01   -7.11219900e-03
    2.48677000e+01    1.87519600e-02
    1.36202000e+01    6.80006700e-02
    7.48106000e+00    8.89754900e-02
    4.08817000e+00    5.37566500e-03
    2.19905000e+00   -1.26245500e-01
    1.14815000e+00   -2.04777600e-01
    5.77265000e-01   -1.81337300e-01
    1.97635000e-01    8.92675500e-02
    1.08986000e-01    4.15235100e-01
    5.32160000e-02    4.98048100e-01
26  0
    2.67225000e+07   -2.93079200e-08
    5.95900000e+06   -1.71671000e-07
    1.59361000e+06   -7.77332000e-07
    4.93464000e+05   -3.05604000e-06
    1.71790000e+05   -1.01645300e-05
    6.56209000e+04   -3.17511200e-05
    2.69656000e+04   -8.71980800e-05
    1.17353000e+04   -2.38622800e-04
    5.34343000e+03   -5.78620800e-04
    2.52250000e+03   -1.45024300e-03
    1.22643000e+03   -3.15086200e-03
    6.11269000e+02   -7.13263400e-03
    3.11308000e+02   -1.29905900e-02
    1.61624000e+02   -2.39975700e-02
    8.53767000e+01   -2.60646300e-02
    4.57911000e+01   -2.03721600e-02
    2.48677000e+01    5.01568100e-02
    1.36202000e+01    1.17196600e-01
    7.48106000e+00    2.37638400e-01
    4.08817000e+00   -7.28735300e-02
    2.19905000e+00   -2.49588900e-01
    1.14815000e+00   -7.31722200e-01
    5.77265000e-01    2.56242600e-01
    1.97635000e-01    1.35606100e+00
    1.08986000e-01    5.87406100e-02
    5.32160000e-02   -5.62391700e-01
26  0
    2.67225000e+07   -4.82419100e-08
    5.95900000e+06   -2.83921200e-07
    1.59361000e+06   -1.27829000e-06
    4.93464000e+05   -5.06065900e-06
    1.71790000e+05   -1.66875000e-05
    6.56209000e+04   -5.26805400e-05
    2.69656000e+04   -1.42826900e-04
    1.17353000e+04   -3.96884200e-04
    5.34343000e+03   -9.45349700e-04
    2.52250000e+03   -2.41901700e-03
    1.22643000e+03   -5.13498100e-03
    6.11269000e+02   -1.19524400e-02
    3.11308000e+02   -2.10935900e-02
    1.61624000e+02   -4.07582400e-02
    8.53767000e+01   -4.13710400e-02
    4.57911000e+01   -3.87337000e-02
    2.48677000e+01    9.34557900e-02
    1.36202000e+01    1.92200500e-01
    7.48106000e+00    4.89803400e-01
    4.08817000e+00   -2.42089200e-01
    2.19905000e+00   -8.76461700e-01
    1.14815000e+00   -1.07445200e+00
    5.77265000e-01    2.35177300e+00
    1.97635000e-01    5.24043400e-01
    1.08986000e-01   -2.25172600e+00
    5.32160000e-02    2.69589500e-01
26  0
    2.67225000e+07    6.10667500e-08
    5.95900000e+06    3.47582900e-07
    1.59361000e+06    1.62889700e-06
    4.93464000e+05    6.13974200e-06
    1.71790000e+05    2.15085100e-05
    6.56209000e+04    6.30296700e-05
    2.69656000e+04    1.87031800e-04
    1.17353000e+04    4.66762300e-04
    5.34343000e+03    1.26039800e-03
    2.52250000e+03    2.79365800e-03
    1.22643000e+03    6.99293000e-03
    6.11269000e+02    1.34732300e-02
    3.11308000e+02    2.99628800e-02
    1.61624000e+02    4.30406400e-02
    8.53767000e+01    7.11400800e-02
    4.57911000e+01    9.91124000e-03
    2.48677000e+01   -3.63576800e-02
    1.36202000e+01   -4.43572700e-01
    7.48106000e+00   -5.15964700e-01
    4.08817000e+00    3.27652100e-01
    2.19905000e+00    2.90036300e+00
    1.14815000e+00   -2.83822300e+00
    5.77265000e-01   -1.04305900e+00
    1.97635000e-01    4.53166500e+00
    1.08986000e-01   -3.26996200e+00
    5.32160000e-02   -1.02606100e+00
27  0
    1.49769000e+08   -1.05457600e-08
    2.67225000e+07   -7.05629800e-08
    5.95900000e+06   -4.07978000e-07
    1.59361000e+06   -1.87653800e-06
    4.93464000e+05   -7.23709400e-06
    1.71790000e+05   -2.46497400e-05
    6.56209000e+04   -7.47896500e-05
    2.69656000e+04   -2.12828100e-04
    1.17353000e+04   -5.58525700e-04
    5.34343000e+03   -1.42342000e-03
    2.52250000e+03   -3.37547600e-03
    1.22643000e+03   -7.83812400e-03
    6.11269000e+02   -1.65415700e-02
    3.11308000e+02   -3.31936400e-02
    1.61624000e+02   -5.53315000e-02
    8.53767000e+01   -7.43171800e-02
    4.57911000e+01   -3.57626100e-02
    2.48677000e+01    9.55526400e-02
    1.36202000e+01    4.92046300e-01
    7.48106000e+00    1.20923900e+00
    4.08817000e+00   -2.53310600e+00
    2.19905000e+00   -2.32771900e+00
    1.14815000e+00    8.19541700e+00
    5.77265000e-01   -7.24488100e+00
    1.97635000e-01    3.12924600e+00
    1.08986000e-01    1.16136200e+00
    5.32160000e-02   -3.87582400e+00
1  0
    2.55710000e-02    1.00000000e+00
19  1
    8.69473000e+04    2.00000000e-06
    2.12540000e+04    2.20000000e-05
    6.74114000e+03    1.37000000e-04
    2.55716000e+03    6.33000000e-04
    1.09351000e+03    2.42800000e-03
    5.06161000e+02    8.08800000e-03
    2.47139000e+02    2.38010000e-02
    1.25415000e+02    6.14900000e-02
    6.56512000e+01    1.33896000e-01
    3.53079000e+01    2.31590000e-01
    1.94260000e+01    3.05164000e-01
    1.08438000e+01    2.70961000e-01
    6.04359000e+00    1.29085000e-01
    3.30245000e+00    2.34320000e-02
    1.76389000e+00   -9.12000000e-04
    9.21386000e-01   -1.88000000e-03
    4.60373000e-01   -7.74000000e-04
    1.83613000e-01   -5.00000000e-05
    7.58570000e-02   -2.00000000e-06
19  1
    8.69473000e+04   -1.00000000e-06
    2.12540000e+04   -8.00000000e-06
    6.74114000e+03   -4.80000000e-05
    2.55716000e+03   -2.23000000e-04
    1.09351000e+03   -8.58000000e-04
    5.06161000e+02   -2.87400000e-03
    2.47139000e+02   -8.54900000e-03
    1.25415000e+02   -2.25280000e-02
    6.56512000e+01   -5.06120000e-02
    3.53079000e+01   -9.08530000e-02
    1.94260000e+01   -1.26167000e-01
    1.08438000e+01   -1.08783000e-01
    6.04359000e+00    3.80140000e-02
    3.30245000e+00    2.68601000e-01
    1.76389000e+00    4.01118000e-01
    9.21386000e-01    3.20159000e-01
    4.60373000e-01    1.17828000e-01
    1.83613000e-01    1.03210000e-02
    7.58570000e-02   -2.07000000e-04
18  1
    2.12540000e+04    2.00000000e-06
    6.74114000e+03    1.10000000e-05
    2.55716000e+03    4.90000000e-05
    1.09351000e+03    1.90000000e-04
    5.06161000e+02    6.29000000e-04
    2.47139000e+02    1.89600000e-03
    1.25415000e+02    4.94000000e-03
    6.56512000e+01    1.12840000e-02
    3.53079000e+01    1.99750000e-02
    1.94260000e+01    2.86520000e-02
    1.08438000e+01    2.34470000e-02
    6.04359000e+00   -1.01570000e-02
    3.30245000e+00   -7.37810000e-02
    1.76389000e+00   -1.06033000e-01
    9.21386000e-01   -1.07214000e-01
    4.60373000e-01    3.88870000e-02
    1.83613000e-01    3.56002000e-01
    7.58570000e-02    5.25619000e-01
18  1
    2.12540000e+04    3.00000000e-06
    6.74114000e+03    1.60000000e-05
    2.55716000e+03    7.20000000e-05
    1.09351000e+03    2.85000000e-04
    5.06161000e+02    9.31000000e-04
    2.47139000e+02    2.83700000e-03
    1.25415000e+02    7.30900000e-03
    6.56512000e+01    1.68900000e-02
    3.53079000e+01    2.94880000e-02
    1.94260000e+01    4.33150000e-02
    1.08438000e+01    3.42620000e-02
    6.04359000e+00   -1.26420000e-02
    3.30245000e+00   -1.15380000e-01
    1.76389000e+00   -1.59799000e-01
    9.21386000e-01   -1.62466000e-01
    4.60373000e-01    1.15749000e-01
    1.83613000e-01    6.33408000e-01
    7.58570000e-02    3.84822000e-01
19  1
    8.69473000e+04    1.00000000e-06
    2.12540000e+04    5.00000000e-06
    6.74114000e+03    3.50000000e-05
    2.55716000e+03    1.48000000e-04
    1.09351000e+03    6.30000000e-04
    5.06161000e+02    1.91300000e-03
    2.47139000e+02    6.28200000e-03
    1.25415000e+02    1.50250000e-02
    6.56512000e+01    3.76700000e-02
    3.53079000e+01    5.95210000e-02
    1.94260000e+01    1.02302000e-01
    1.08438000e+01    6.67160000e-02
    6.04359000e+00   -4.69800000e-03
    3.30245000e+00   -3.94254000e-01
    1.76389000e+00   -4.10248000e-01
    9.21386000e-01   -1.01410000e-02
    4.60373000e-01    1.18917300e+00
    1.83613000e-01   -4.76880000e-02
    7.58570000e-02   -7.40623000e-01
19  1
    8.69473000e+04    1.00000000e-06
    2.12540000e+04    8.00000000e-06
    6.74114000e+03    3.90000000e-05
    2.55716000e+03    2.24000000e-04
    1.09351000e+03    6.93000000e-04
    5.06161000e+02    2.88000000e-03
    2.47139000e+02    6.94400000e-03
    1.25415000e+02    2.27470000e-02
    6.56512000e+01    4.06250000e-02
    3.53079000e+01    9.66580000e-02
    1.94260000e+01    9.22040000e-02
    1.08438000e+01    2.13297000e-01
    6.04359000e+00   -2.06054000e-01
    3.30245000e+00   -6.97040000e-01
    1.76389000e+00   -5.86179000e-01
    9.21386000e-01    2.09539700e+00
    4.60373000e-01   -6.20604000e-01
    1.83613000e-01   -1.27610300e+00
    7.58570000e-02    1.09494400e+00
19  1
    8.69473000e+04    1.00000000e-06
    2.12540000e+04    1.00000000e-05
    6.74114000e+03    5.70000000e-05
    2.55716000e+03    2.98000000e-04
    1.09351000e+03    1.02400000e-03
    5.06161000e+02    3.84800000e-03
    2.47139000e+02    1.03190000e-02
    1.25415000e+02    3.07110000e-02
    6.56512000e+01    6.17990000e-02
    3.53079000e+01    1.30002000e-01
    1.94260000e+01    1.52101000e-01
    1.08438000e+01    3.80274000e-01
    6.04359000e+00   -8.12497000e-01
    3.30245000e+00   -1.53367600e+00
    1.76389000e+00    2.74530800e+00
    9.21386000e-01   -1.93522000e-01
    4.60373000e-01   -2.15177100e+00
    1.83613000e-01    2.20053900e+00
    7.58570000e-02   -1.01917700e+00
1  1
    3.11470000e-02    1.00000000e+00
11  2
    4.89115000e+02    1.61000000e-04
    1.47208000e+02    1.50400000e-03
    5.71278000e+01    8.26400000e-03
    2.50429000e+01    3.03080000e-02
    1.16672000e+01    8.33100000e-02
    5.68250000e+00    1.73477000e-01
    2.81325000e+00    2.61483000e-01
    1.37733000e+00    2.99680000e-01
    6.56534000e-01    2.69564000e-01
    3.00700000e-01    1.78626000e-01
    1.30187000e-01    6.91950000e-02
11  2
    4.89115000e+02   -1.77000000e-04
    1.47208000e+02   -1.66200000e-03
    5.71278000e+01   -9.16700000e-03
    2.50429000e+01   -3.38130000e-02
    1.16672000e+01   -9.52530000e-02
    5.68250000e+00   -2.00973000e-01
    2.81325000e+00   -2.71665000e-01
    1.37733000e+00   -1.61899000e-01
    6.56534000e-01    1.63334000e-01
    3.00700000e-01    4.36016000e-01
    1.30187000e-01    3.68874000e-01
11  2
    4.89115000e+02    2.55000000e-04
    1.47208000e+02    2.41700000e-03
    5.71278000e+01    1.33600000e-02
    2.50429000e+01    5.01130000e-02
    1.16672000e+01    1.46215000e-01
    5.68250000e+00    3.07405000e-01
    2.81325000e+00    2.67051000e-01
    1.37733000e+00   -2.62131000e-01
    6.56534000e-01   -6.31999000e-01
    3.00700000e-01   -2.51600000e-03
    1.30187000e-01    6.01701000e-01
11  2
    4.89115000e+02   -3.43000000e-04
    1.47208000e+02   -3.37000000e-03
    5.71278000e+01   -1.82450000e-02
    2.50429000e+01   -7.07720000e-02
    1.16672000e+01   -2.17862000e-01
    5.68250000e+00   -4.77433000e-01
    2.81325000e+00    1.10125000e-01
    1.37733000e+00    1.01661600e+00
    6.56534000e-01   -3.80783000e-01
    3.00700000e-01   -8.47500000e-01
    1.30187000e-01    5.93441000e-01
11  2
    4.89115000e+02   -4.80000000e-04
    1.47208000e+02   -4.11400000e-03
    5.71278000e+01   -2.51280000e-02
    2.50429000e+01   -9.08760000e-02
    1.16672000e+01   -3.56930000e-01
    5.68250000e+00   -4.98304000e-01
    2.81325000e+00    1.28702200e+00
    1.37733000e+00   -1.02005000e-01
    6.56534000e-01   -1.45302500e+00
    3.00700000e-01    1.42037600e+00
    1.30187000e-01   -2.12964000e-01
1  2
    5.15820000e-02    1.00000000e+00
1  3
    7.53840000e+00    1.00000000e+00
1  3
    2.62290000e+00    1.00000000e+00
1  3
    9.12600000e-01    1.00000000e+00
1  3
    3.17500000e-01    1.00000000e+00
1  4
    5.83240000e+00    1.00000000e+00
1  4
    1.97040000e+00    1.00000000e+00
1  4
    6.65700000e-01    1.00000000e+00
1  5
    4.26000000e+00    1.00000000e+00
1  5
    1.31560000e+00    1.00000000e+00
1  6
    3.15020000e+00    1.00000000e+00
