15
8  0
    3.00784846e+05    2.28062731e-04
    4.50889706e+04    1.76817888e-03
    1.02625163e+04    9.19270835e-03
    2.90528973e+03    3.73554958e-02
    9.46114871e+02    1.21511084e-01
    3.39878329e+02    2.88188815e-01
    1.31944256e+02    4.11266127e-01
    5.21114941e+01    2.15185836e-01
4  0
    3.29488393e+02   -2.47452165e-02
    1.01923327e+02   -1.16830891e-01
    1.62404627e+01    5.52936211e-01
    6.88406758e+00    5.36016402e-01
2  0
    1.04706938e+01   -2.29127086e-01
    1.73600396e+00    7.11593200e-01
1  0
    7.25772890e-01    1.00000000e+00
1  0
    1.15955282e-01    1.00000000e+00
1  0
    4.19682277e-02    1.00000000e+00
6  1
    1.58539600e+03    2.37939602e-03
    3.75380065e+02    1.92531548e-02
    1.20318165e+02    9.00218365e-02
    4.47887490e+01    2.57981724e-01
    1.78292786e+01    4.14926497e-01
    7.22471538e+00    2.42074748e-01
3  1
    2.81432198e+01   -2.90417552e-02
    3.87432414e+00    5.53122603e-01
    1.54107523e+00    9.67711368e-01
1  1
    5.82856153e-01    1.00000000e+00
1  1
    1.34915000e-01    1.00000000e+00
4  2
    6.19966750e+01    1.19719723e-02
    1.78737326e+01    7.32101354e-02
    6.27447829e+00    2.31030943e-01
    2.35523372e+00    3.99107065e-01
1  2
    8.54322399e-01    1.00000000e+00
1  2
    2.78692544e-01    1.00000000e+00
1  2
    9.10000000e-02    1.00000000e+00
1  3
    1.59800000e+00    1.00000000e+00
