8
3  0
    1.44740041e+03    1.54328967e-01
    2.63645792e+02    5.35328142e-01
    7.13528402e+01    4.44634542e-01
3  10
    1.11919489e+02   -9.99672292e-02
    2.60076824e+01    3.99512826e-01
    8.45850549e+00    7.00115469e-01
3  10
    1.11919489e+02    1.55916275e-01
    2.60076824e+01    6.07683719e-01
    8.45850549e+00    3.91957393e-01
3  10
    8.54856975e+00   -2.27763502e-01
    2.60758625e+00    2.17543604e-01
    1.00608784e+00    9.16676961e-01
3  10
    8.54856975e+00    4.95151120e-03
    2.60758625e+00    5.77766469e-01
    1.00608784e+00    4.84646037e-01
3  10
    5.92115681e-01   -3.08844122e-01
    2.18527925e-01    1.96064117e-02
    9.65042359e-02    1.13103444e+00
3  10
    5.92115681e-01   -1.21546860e-01
    2.18527925e-01    5.71522760e-01
    9.65042359e-02    5.49894947e-01
3  2
    6.41180348e+00    2.19767951e-01
    1.95580443e+00    6.55547363e-01
    7.54610151e-01    2.86573259e-01
