10
3  0
    4.75189790e+03    6.28400000e-02
    7.18920540e+02    3.73611000e-01
    1.57445920e+02    6.84363000e-01
3  0
    2.09583400e+02   -1.11516000e-01
    4.56917100e+01    9.26960000e-02
    1.41329700e+01    9.62287000e-01
3  1
    2.09583400e+02    1.44266000e-01
    4.56917100e+01    5.73178000e-01
    1.41329700e+01    4.49086000e-01
3  0
    1.45995400e+01    2.91029000e-01
    4.86084200e+00   -3.23188000e-01
    1.54911100e+00   -8.64391000e-01
3  1
    1.45995400e+01    2.65620000e-02
    4.86084200e+00    4.83314000e-01
    1.54911100e+00    5.92430000e-01
2  0
    1.26794300e+00   -2.85131000e-01
    1.88399000e-01    1.12802200e+00
2  1
    1.26794300e+00    3.01830000e-02
    1.88399000e-01    9.88466000e-01
1  0
    5.72370000e-02    1.00000000e+00
1  1
    5.72370000e-02    1.00000000e+00
3  2
    2.12925300e+01    1.61990000e-01
    5.39316600e+00    5.11674000e-01
    1.33388300e+00    5.89873000e-01
