11
13  0
    4.85130000e+05    2.06800000e-04
    7.27190000e+04    1.60470000e-03
    1.65520000e+04    8.34020000e-03
    4.68780000e+03    3.40248000e-02
    1.52910000e+03    1.11169900e-01
    5.51810000e+02    2.75393000e-01
    2.15180000e+02    4.21262800e-01
    8.81740000e+01    2.73890600e-01
    2.71540000e+01    2.83720000e-02
    1.15030000e+01   -6.29310000e-03
    3.30180000e+00    2.06060000e-03
    1.33140000e+00   -9.26900000e-04
    1.93160000e-01    2.27300000e-04
13  0
    4.85130000e+05   -6.43000000e-05
    7.27190000e+04   -4.95400000e-04
    1.65520000e+04   -2.62080000e-03
    4.68780000e+03   -1.06839000e-02
    1.52910000e+03   -3.74123000e-02
    5.51810000e+02   -1.00963600e-01
    2.15180000e+02   -2.14514100e-01
    8.81740000e+01   -1.75229700e-01
    2.71540000e+01    4.83159900e-01
    1.15030000e+01    6.32367700e-01
    3.30180000e+00    6.84942000e-02
    1.33140000e+00   -1.18712000e-02
    1.93160000e-01    2.66520000e-03
13  0
    4.85130000e+05    2.45000000e-05
    7.27190000e+04    1.89500000e-04
    1.65520000e+04    9.96400000e-04
    4.68780000e+03    4.10820000e-03
    1.52910000e+03    1.42938000e-02
    5.51810000e+02    3.98034000e-02
    2.15180000e+02    8.55940000e-02
    8.81740000e+01    7.96305000e-02
    2.71540000e+01   -2.93910700e-01
    1.15030000e+01   -5.26391400e-01
    3.30180000e+00    5.86424900e-01
    1.33140000e+00    6.72634700e-01
    1.93160000e-01    2.76123000e-02
13  0
    4.85130000e+05   -5.70000000e-06
    7.27190000e+04   -4.40000000e-05
    1.65520000e+04   -2.30500000e-04
    4.68780000e+03   -9.54400000e-04
    1.52910000e+03   -3.30550000e-03
    5.51810000e+02   -9.28880000e-03
    2.15180000e+02   -1.98644000e-02
    8.81740000e+01   -1.90888000e-02
    2.71540000e+01    7.32356000e-02
    1.15030000e+01    1.34152600e-01
    3.30180000e+00   -1.83192900e-01
    1.33140000e+00   -3.57130800e-01
    1.93160000e-01    6.24601300e-01
1  0
    7.08950000e-02    1.00000000e+00
10  1
    3.24860000e+03    1.52600000e-03
    7.69970000e+02    1.27486000e-02
    2.48200000e+02    6.33742000e-02
    9.33640000e+01    2.06577500e-01
    3.82510000e+01    4.09296300e-01
    1.64220000e+01    3.91918300e-01
    6.79180000e+00    1.02944100e-01
    2.83360000e+00   -7.20300000e-04
    1.10620000e+00    2.09500000e-03
    2.22500000e-01   -3.29000000e-04
10  1
    3.24860000e+03   -5.80300000e-04
    7.69970000e+02   -4.86470000e-03
    2.48200000e+02   -2.48394000e-02
    9.33640000e+01   -8.41759000e-02
    3.82510000e+01   -1.80088500e-01
    1.64220000e+01   -1.58555500e-01
    6.79180000e+00    2.35537600e-01
    2.83360000e+00    5.82058700e-01
    1.10620000e+00    3.36661900e-01
    2.22500000e-01    1.71912000e-02
10  1
    3.24860000e+03    9.50000000e-05
    7.69970000e+02    7.83200000e-04
    2.48200000e+02    4.08550000e-03
    9.33640000e+01    1.35987000e-02
    3.82510000e+01    3.02695000e-02
    1.64220000e+01    2.41790000e-02
    6.79180000e+00   -4.23777000e-02
    2.83360000e+00   -1.26566100e-01
    1.10620000e+00   -4.99444000e-02
    2.22500000e-01    4.49419900e-01
1  1
    6.17720000e-02    1.00000000e+00
5  2
    6.53370000e+01    2.73825000e-02
    1.84970000e+01    1.51080500e-01
    6.31500000e+00    3.74921700e-01
    2.16350000e+00    4.75079900e-01
    6.66750000e-01    2.98275000e-01
1  2
    1.88400000e-01    1.00000000e+00
