30
1  0
    2.17908272e+02    1.00000000e+00
1  0
    3.18251764e+01    1.00000000e+00
1  0
    1.47419608e+01    1.00000000e+00
1  0
    9.60997673e+00    1.00000000e+00
1  0
    1.93643573e+00    1.00000000e+00
1  0
    1.28435989e+00    1.00000000e+00
1  0
    5.73541071e-01    1.00000000e+00
1  0
    2.06789638e-01    1.00000000e+00
1  0
    1.37859759e-01    1.00000000e+00
1  1
    6.37784063e+01    1.00000000e+00
1  1
    1.31914663e+01    1.00000000e+00
1  1
    6.68527297e+00    1.00000000e+00
1  1
    1.88017379e+00    1.00000000e+00
1  1
    9.81894190e-01    1.00000000e+00
1  1
    4.52800815e-01    1.00000000e+00
1  1
    2.65092114e-01    1.00000000e+00
1  1
    1.35657226e-01    1.00000000e+00
1  2
    1.20806078e+02    1.00000000e+00
1  2
    4.51619952e+01    1.00000000e+00
1  2
    6.23882840e+00    1.00000000e+00
1  2
    1.78825311e+00    1.00000000e+00
1  2
    8.47207704e-01    1.00000000e+00
1  2
    3.30461788e-01    1.00000000e+00
1  2
    1.33420086e-01    1.00000000e+00
1  3
    8.76064499e+01    1.00000000e+00
1  3
    8.25901085e+00    1.00000000e+00
1  3
    1.15734130e+00    1.00000000e+00
1  3
    3.15375806e-01    1.00000000e+00
1  4
    9.84815009e+00    1.00000000e+00
1  4
    7.31889892e-01    1.00000000e+00
