38
1  0
    5.49463567e+01    1.00000000e+00
1  0
    2.85936354e+01    1.00000000e+00
1  0
    1.10653423e+01    1.00000000e+00
1  0
    4.91423010e+00    1.00000000e+00
1  0
    3.45102690e+00    1.00000000e+00
1  0
    1.53751383e+00    1.00000000e+00
1  0
    5.97724489e-01    1.00000000e+00
1  0
    4.08428825e-01    1.00000000e+00
1  0
    1.97850622e-01    1.00000000e+00
1  0
    1.16184873e-01    1.00000000e+00
1  1
    4.08513511e+01    1.00000000e+00
1  1
    2.70523832e+01    1.00000000e+00
1  1
    6.28482010e+00    1.00000000e+00
1  1
    3.43532281e+00    1.00000000e+00
1  1
    2.02004654e+00    1.00000000e+00
1  1
    1.07636408e+00    1.00000000e+00
1  1
    3.30028331e-01    1.00000000e+00
1  1
    1.94751740e-01    1.00000000e+00
1  1
    1.22297606e-01    1.00000000e+00
1  2
    1.13512152e+02    1.00000000e+00
1  2
    2.79711789e+01    1.00000000e+00
1  2
    7.13944641e+00    1.00000000e+00
1  2
    2.31907277e+00    1.00000000e+00
1  2
    1.54604851e+00    1.00000000e+00
1  2
    4.97345253e-01    1.00000000e+00
1  2
    3.08811162e-01    1.00000000e+00
1  2
    1.92764427e-01    1.00000000e+00
1  3
    7.86554143e+01    1.00000000e+00
1  3
    8.80900391e+00    1.00000000e+00
1  3
    2.53510466e+00    1.00000000e+00
1  3
    1.69006977e+00    1.00000000e+00
1  3
    4.53966315e-01    1.00000000e+00
1  3
    2.21272662e-01    1.00000000e+00
1  4
    2.08223926e+01    1.00000000e+00
1  4
    6.92465415e+00    1.00000000e+00
1  4
    1.16094608e+00    1.00000000e+00
1  4
    4.16928545e-01    1.00000000e+00
1  5
    1.08067451e+00    1.00000000e+00
