20
18  0
    1.12744960e+07    4.10000000e-06
    1.68805340e+06    3.16000000e-05
    3.84140830e+05    1.66200000e-04
    1.08807030e+05    7.01700000e-04
    3.54976910e+04    2.55080000e-03
    1.28151040e+04    8.26530000e-03
    4.99810870e+03    2.41950000e-02
    2.07288480e+03    6.36572000e-02
    9.03745820e+02    1.45765100e-01
    4.10443070e+02    2.70331300e-01
    1.92606360e+02    3.49157100e-01
    9.20496780e+01    2.37443300e-01
    4.20478110e+01    4.80833000e-02
    2.10692170e+01   -2.29660000e-03
    1.04479150e+01    1.79040000e-03
    4.77765800e+00   -8.27600000e-04
    2.28256600e+00    3.54300000e-04
    1.03530300e+00   -1.41100000e-04
18  0
    1.12744960e+07   -1.30000000e-06
    1.68805340e+06   -9.80000000e-06
    3.84140830e+05   -5.15000000e-05
    1.08807030e+05   -2.17600000e-04
    3.54976910e+04   -7.93200000e-04
    1.28151040e+04   -2.58210000e-03
    4.99810870e+03   -7.66520000e-03
    2.07288480e+03   -2.07567000e-02
    9.03745820e+02   -5.07758000e-02
    4.10443070e+02   -1.07380200e-01
    1.92606360e+02   -1.80652000e-01
    9.20496780e+01   -1.73670100e-01
    4.20478110e+01    1.10825100e-01
    2.10692170e+01    5.41836600e-01
    1.04479150e+01    4.46789900e-01
    4.77765800e+00    7.62105000e-02
    2.28256600e+00   -9.37100000e-04
    1.03530300e+00    1.78060000e-03
18  0
    1.12744960e+07    5.00000000e-07
    1.68805340e+06    3.70000000e-06
    3.84140830e+05    1.97000000e-05
    1.08807030e+05    8.30000000e-05
    3.54976910e+04    3.02900000e-04
    1.28151040e+04    9.85000000e-04
    4.99810870e+03    2.93410000e-03
    2.07288480e+03    7.95720000e-03
    9.03745820e+02    1.96761000e-02
    4.10443070e+02    4.21783000e-02
    1.92606360e+02    7.38645000e-02
    9.20496780e+01    7.47531000e-02
    4.20478110e+01   -5.34108000e-02
    2.10692170e+01   -3.57391900e-01
    1.04479150e+01   -4.25071300e-01
    4.77765800e+00    2.01099200e-01
    2.28256600e+00    7.14596600e-01
    1.03530300e+00    3.68814900e-01
18  0
    1.12744960e+07   -1.00000000e-07
    1.68805340e+06   -9.00000000e-07
    3.84140830e+05   -4.60000000e-06
    1.08807030e+05   -1.93000000e-05
    3.54976910e+04   -7.05000000e-05
    1.28151040e+04   -2.29000000e-04
    4.99810870e+03   -6.83500000e-04
    2.07288480e+03   -1.85050000e-03
    9.03745820e+02   -4.59300000e-03
    4.10443070e+02   -9.83430000e-03
    1.92606360e+02   -1.73849000e-02
    9.20496780e+01   -1.75752000e-02
    4.20478110e+01    1.25254000e-02
    2.10692170e+01    9.03400000e-02
    1.04479150e+01    1.10472100e-01
    4.77765800e+00   -6.12119000e-02
    2.28256600e+00   -2.56176800e-01
    1.03530300e+00   -2.60377200e-01
1  0
    2.57674000e-01    1.00000000e+00
1  0
    1.19179000e-01    1.00000000e+00
1  0
    5.12940000e-02    1.00000000e+00
13  1
    2.20597710e+04    5.47000000e-05
    5.22231290e+03    4.86500000e-04
    1.69606010e+03    2.79900000e-03
    6.48765730e+02    1.22396000e-02
    2.75102670e+02    4.27476000e-02
    1.25346340e+02    1.18718700e-01
    6.00543340e+01    2.48582800e-01
    2.97237680e+01    3.60162200e-01
    1.50397810e+01    2.95017100e-01
    7.57227300e+00    9.84794000e-02
    3.73867600e+00    8.76710000e-03
    1.79678800e+00    1.39610000e-03
    8.29910000e-01    7.70000000e-05
13  1
    2.20597710e+04   -2.07000000e-05
    5.22231290e+03   -1.84600000e-04
    1.69606010e+03   -1.06400000e-03
    6.48765730e+02   -4.69460000e-03
    2.75102670e+02   -1.66486000e-02
    1.25346340e+02   -4.78114000e-02
    6.00543340e+01   -1.04530300e-01
    2.97237680e+01   -1.61296500e-01
    1.50397810e+01   -1.14317000e-01
    7.57227300e+00    1.45905600e-01
    3.73867600e+00    4.27198900e-01
    1.79678800e+00    4.24041500e-01
    8.29910000e-01    1.59944000e-01
13  1
    2.20597710e+04    3.40000000e-06
    5.22231290e+03    3.00000000e-05
    1.69606010e+03    1.75000000e-04
    6.48765730e+02    7.64200000e-04
    2.75102670e+02    2.74580000e-03
    1.25346340e+02    7.81400000e-03
    6.00543340e+01    1.74215000e-02
    2.97237680e+01    2.64852000e-02
    1.50397810e+01    1.93950000e-02
    7.57227300e+00   -3.13129000e-02
    3.73867600e+00   -8.01634000e-02
    1.79678800e+00   -1.00172900e-01
    8.29910000e-01   -1.05878000e-02
1  1
    2.72874000e-01    1.00000000e+00
1  1
    1.01540000e-01    1.00000000e+00
1  1
    3.76580000e-02    1.00000000e+00
9  2
    7.66436960e+02    1.74500000e-04
    2.31004250e+02    1.65770000e-03
    8.97812380e+01    9.28990000e-03
    3.95466810e+01    3.48905000e-02
    1.86075830e+01    9.63453000e-02
    9.15128700e+00    1.95570300e-01
    4.56500500e+00    2.83594200e-01
    2.25306600e+00    3.08251500e-01
    1.08672300e+00    2.51962000e-01
1  2
    5.03304000e-01    1.00000000e+00
1  2
    2.12283000e-01    1.00000000e+00
1  2
    8.28000000e-02    1.00000000e+00
1  3
    1.81000000e-01    1.00000000e+00
1  3
    4.71000000e-01    1.00000000e+00
1  4
    4.03200000e-01    1.00000000e+00
