8
3  0
    2.06142453e+03    1.54328967e-01
    3.75491052e+02    5.35328142e-01
    1.01622532e+02    4.44634542e-01
3  0
    1.67761868e+02   -9.99672292e-02
    3.89842503e+01    3.99512826e-01
    1.26788881e+01    7.00115469e-01
3  1
    1.67761868e+02    1.55916275e-01
    3.89842503e+01    6.07683719e-01
    1.26788881e+01    3.91957393e-01
3  0
    1.26150552e+01   -2.27763502e-01
    3.84799393e+00    2.17543604e-01
    1.48467568e+00    9.16676961e-01
3  1
    1.26150552e+01    4.95151120e-03
    3.84799393e+00    5.77766469e-01
    1.48467568e+00    4.84646037e-01
3  0
    7.98524374e-01   -3.08844122e-01
    2.94705714e-01    1.96064117e-02
    1.30145151e-01    1.13103444e+00
3  1
    7.98524374e-01   -1.21546860e-01
    2.94705714e-01    5.71522760e-01
    1.30145151e-01    5.49894947e-01
3  2
    1.26150552e+01    2.19767951e-01
    3.84799393e+00    6.55547363e-01
    1.48467568e+00    2.86573259e-01
