8
6  0
    2.13790001e+04    9.16359628e-03
    3.91981627e+03    4.93614929e-02
    1.09662333e+03    1.68538305e-01
    3.76719713e+02    3.70562800e-01
    1.46291288e+02    4.16491530e-01
    6.02508313e+01    1.30334084e-01
6  10
    1.73949001e+03   -1.32527881e-02
    3.44290469e+02   -4.69917101e-02
    1.07005221e+02   -3.37853715e-02
    4.11687656e+01    2.50241786e-01
    1.78796229e+01    5.95117253e-01
    8.19553937e+00    2.40706176e-01
6  10
    1.73949001e+03    3.75969662e-03
    3.44290469e+02    3.76793698e-02
    1.07005221e+02    1.73896744e-01
    4.11687656e+01    4.18036435e-01
    1.78796229e+01    4.25859548e-01
    8.19553937e+00    1.01708296e-01
6  10
    7.55465810e+01   -7.94312636e-03
    2.17535690e+01   -7.10026417e-02
    8.55622335e+00   -1.78502693e-01
    3.91048488e+00    1.51063506e-01
    1.94611540e+00    7.35491477e-01
    9.99451035e-01    2.76059312e-01
6  10
    7.55465810e+01   -7.13935891e-03
    2.17535690e+01   -1.82927707e-02
    8.55622335e+00    7.62162143e-02
    3.91048488e+00    4.14509860e-01
    1.94611540e+00    4.88962147e-01
    9.99451035e-01    1.05881652e-01
6  10
    4.42372104e+00    3.77505600e-03
    1.42340101e+00   -5.58596500e-02
    6.08170356e-01   -3.19294600e-01
    3.03272748e-01   -2.76478000e-02
    1.63693321e-01    9.04919900e-01
    9.10230696e-02    3.40625800e-01
6  10
    4.42372104e+00   -7.05207500e-03
    1.42340101e+00   -5.25950500e-02
    6.08170356e-01   -3.77345000e-02
    3.03272748e-01    3.87477300e-01
    1.63693321e-01    5.79167200e-01
    9.10230696e-02    1.22181700e-01
6  2
    7.55465810e+01    6.63343439e-03
    2.17535690e+01    5.95817796e-02
    8.55622335e+00    2.40194958e-01
    3.91048488e+00    4.64811468e-01
    1.94611540e+00    3.43409233e-01
    9.99451035e-01    5.38905698e-02
