17
6  0
    5.05335633e+05    2.09737357e-04
    7.57427838e+04    1.62697174e-03
    1.72394663e+04    8.47412109e-03
    4.88493794e+03    3.45711482e-02
    1.60054267e+03    1.12866659e-01
    5.87756923e+02    2.76736315e-01
2  0
    2.34301098e+02    3.85184445e-01
    9.56116180e+01    3.01995650e-01
1  0
    2.41697502e+01    1.00000000e+00
1  0
    1.05706034e+01    1.00000000e+00
1  0
    3.38732467e+00    1.00000000e+00
1  0
    1.33299479e+00    1.00000000e+00
1  0
    1.92492820e-01    1.00000000e+00
1  0
    7.05519234e-02    1.00000000e+00
3  1
    2.97160790e+03    1.59917357e-03
    7.05199038e+02    1.32224752e-02
    2.28765205e+02    6.37915729e-02
3  1
    8.74563911e+01    2.17750827e-01
    3.65402320e+01    4.13949189e-01
    1.59745797e+01    3.75382357e-01
1  1
    6.88706115e+00    1.00000000e+00
2  1
    2.83185891e+00    5.85525184e-01
    1.10780100e+00    3.36715427e-01
1  1
    2.34508587e-01    1.00000000e+00
1  1
    6.36268812e-02    1.00000000e+00
4  2
    6.53446418e+01    2.73783447e-02
    1.85005775e+01    1.51056688e-01
    6.31620584e+00    3.74918433e-01
    2.16388325e+00    4.75102654e-01
1  2
    6.66883784e-01    1.00000000e+00
1  2
    2.07000000e-01    1.00000000e+00
