10
3  0
    5.07374990e+03    6.27250000e-02
    7.67724170e+02    3.73167000e-01
    1.68188810e+02    6.84787000e-01
3  0
    2.24436000e+02   -1.11515000e-01
    4.89554300e+01    9.12000000e-02
    1.51837000e+01    9.63449000e-01
3  1
    2.24436000e+02    1.44640000e-01
    4.89554300e+01    5.75380000e-01
    1.51837000e+01    4.45995000e-01
3  0
    1.59125700e+01   -2.89565000e-01
    5.44143700e+00    2.93883000e-01
    1.74260300e+00    8.89199000e-01
3  1
    1.59125700e+01    2.29730000e-02
    5.44143700e+00    4.73245000e-01
    1.74260300e+00    6.03278000e-01
2  0
    1.46653800e+00   -3.96734000e-01
    2.63093000e-01    1.19067000e+00
2  1
    1.46653800e+00    2.78930000e-02
    2.63093000e-01    9.87490000e-01
1  0
    8.48210000e-02    1.00000000e+00
1  1
    8.48210000e-02    1.00000000e+00
3  2
    2.43214210e+01    1.57799000e-01
    6.22381400e+00    5.11492000e-01
    1.58873700e+00    5.85770000e-01
