43
1  0
    6.91701108e+01    1.00000000e+00
1  0
    2.94987842e+01    1.00000000e+00
1  0
    1.41139480e+01    1.00000000e+00
1  0
    6.06182387e+00    1.00000000e+00
1  0
    4.13214356e+00    1.00000000e+00
1  0
    1.79167348e+00    1.00000000e+00
1  0
    6.41538196e-01    1.00000000e+00
1  0
    4.33793880e-01    1.00000000e+00
1  0
    2.23611648e-01    1.00000000e+00
1  0
    1.27516453e-01    1.00000000e+00
1  1
    4.35692496e+01    1.00000000e+00
1  1
    2.93590831e+01    1.00000000e+00
1  1
    6.41175412e+00    1.00000000e+00
1  1
    3.91417726e+00    1.00000000e+00
1  1
    1.64278984e+00    1.00000000e+00
1  1
    8.93744844e-01    1.00000000e+00
1  1
    3.81836001e-01    1.00000000e+00
1  1
    2.40487659e-01    1.00000000e+00
1  1
    1.44056269e-01    1.00000000e+00
1  2
    1.24970098e+02    1.00000000e+00
1  2
    3.33109337e+01    1.00000000e+00
1  2
    8.41744660e+00    1.00000000e+00
1  2
    2.63518453e+00    1.00000000e+00
1  2
    1.45829944e+00    1.00000000e+00
1  2
    6.01435276e-01    1.00000000e+00
1  2
    3.33882670e-01    1.00000000e+00
1  2
    1.55037334e-01    1.00000000e+00
1  3
    8.61744902e+01    1.00000000e+00
1  3
    1.02264222e+01    1.00000000e+00
1  3
    2.89858368e+00    1.00000000e+00
1  3
    1.75119817e+00    1.00000000e+00
1  3
    5.72455800e-01    1.00000000e+00
1  3
    2.76827543e-01    1.00000000e+00
1  4
    2.45179747e+01    1.00000000e+00
1  4
    8.28845230e+00    1.00000000e+00
1  4
    1.46443212e+00    1.00000000e+00
1  4
    5.24470060e-01    1.00000000e+00
1  5
    1.35430762e+00    1.00000000e+00
1  0
    6.84568325e-02    1.00000000e+00
1  1
    6.29527529e-02    1.00000000e+00
1  2
    9.37195388e-02    1.00000000e+00
1  3
    1.03913871e-01    1.00000000e+00
1  4
    2.13131347e-01    1.00000000e+00
