30
1  0
    2.01230747e+02    1.00000000e+00
1  0
    3.02081015e+01    1.00000000e+00
1  0
    1.50160655e+01    1.00000000e+00
1  0
    1.00107103e+01    1.00000000e+00
1  0
    1.88044553e+00    1.00000000e+00
1  0
    1.25363035e+00    1.00000000e+00
1  0
    6.80985891e-01    1.00000000e+00
1  0
    2.74185069e-01    1.00000000e+00
1  0
    1.53098015e-01    1.00000000e+00
1  1
    6.71105205e+01    1.00000000e+00
1  1
    1.69182571e+01    1.00000000e+00
1  1
    6.51201456e+00    1.00000000e+00
1  1
    2.03362165e+00    1.00000000e+00
1  1
    1.00824943e+00    1.00000000e+00
1  1
    4.77660902e-01    1.00000000e+00
1  1
    2.03413721e-01    1.00000000e+00
1  1
    1.15351809e-01    1.00000000e+00
1  2
    1.08598164e+02    1.00000000e+00
1  2
    4.92423570e+01    1.00000000e+00
1  2
    6.96344549e+00    1.00000000e+00
1  2
    2.16725199e+00    1.00000000e+00
1  2
    1.00241804e+00    1.00000000e+00
1  2
    4.39892374e-01    1.00000000e+00
1  2
    1.81501942e-01    1.00000000e+00
1  3
    9.80169509e+01    1.00000000e+00
1  3
    9.16228916e+00    1.00000000e+00
1  3
    1.43681687e+00    1.00000000e+00
1  3
    4.17453364e-01    1.00000000e+00
1  4
    1.15239162e+01    1.00000000e+00
1  4
    9.39934168e-01    1.00000000e+00
