8
6  0
    2.27786649e+04    9.16359628e-03
    4.17644328e+03    4.93614929e-02
    1.16841833e+03    1.68538305e-01
    4.01383230e+02    3.70562800e-01
    1.55868854e+02    4.16491530e-01
    6.41954016e+01    1.30334084e-01
6  0
    1.87041867e+03   -1.32527881e-02
    3.70204668e+02   -4.69917101e-02
    1.15059335e+02   -3.37853715e-02
    4.42674733e+01    2.50241786e-01
    1.92253938e+01    5.95117253e-01
    8.81240463e+00    2.40706176e-01
6  1
    1.87041867e+03    3.75969662e-03
    3.70204668e+02    3.76793698e-02
    1.15059335e+02    1.73896744e-01
    4.42674733e+01    4.18036435e-01
    1.92253938e+01    4.25859548e-01
    8.81240463e+00    1.01708296e-01
6  0
    8.50181644e+01   -7.94312636e-03
    2.44809028e+01   -7.10026417e-02
    9.62895201e+00   -1.78502693e-01
    4.40075834e+00    1.51063506e-01
    2.19010784e+00    7.35491477e-01
    1.12475629e+00    2.76059312e-01
6  1
    8.50181644e+01   -7.13935891e-03
    2.44809028e+01   -1.82927707e-02
    9.62895201e+00    7.62162143e-02
    4.40075834e+00    4.14509860e-01
    2.19010784e+00    4.88962147e-01
    1.12475629e+00    1.05881652e-01
6  0
    5.46138400e+00    3.77505600e-03
    1.75728520e+00   -5.58596500e-02
    7.50827600e-01   -3.19294600e-01
    3.74410800e-01   -2.76478000e-02
    2.02090520e-01    9.04919900e-01
    1.12374160e-01    3.40625800e-01
6  1
    5.46138400e+00   -7.05207500e-03
    1.75728520e+00   -5.25950500e-02
    7.50827600e-01   -3.77345000e-02
    3.74410800e-01    3.87477300e-01
    2.02090520e-01    5.79167200e-01
    1.12374160e-01    1.22181700e-01
6  2
    8.50181644e+01    6.63343439e-03
    2.44809028e+01    5.95817796e-02
    9.62895201e+00    2.40194958e-01
    4.40075834e+00    4.64811468e-01
    2.19010784e+00    3.43409233e-01
    1.12475629e+00    5.38905698e-02
