8
3  0
    2.19638423e+03    1.54328967e-01
    4.00074129e+02    5.35328142e-01
    1.08275673e+02    4.44634542e-01
3  0
    1.80389038e+02   -9.99672292e-02
    4.19185330e+01    3.99512826e-01
    1.36332079e+01    7.00115469e-01
3  1
    1.80389038e+02    1.55916275e-01
    4.19185330e+01    6.07683719e-01
    1.36332079e+01    3.91957393e-01
3  0
    1.41966562e+01   -2.27763502e-01
    4.33043264e+00    2.17543604e-01
    1.67081554e+00    9.16676961e-01
3  1
    1.41966562e+01    4.95151120e-03
    4.33043264e+00    5.77766469e-01
    1.67081554e+00    4.84646037e-01
3  0
    9.85832560e-01   -3.08844122e-01
    3.63834215e-01    1.96064117e-02
    1.60673025e-01    1.13103444e+00
3  1
    9.85832560e-01   -1.21546860e-01
    3.63834215e-01    5.71522760e-01
    1.60673025e-01    5.49894947e-01
3  2
    1.41966562e+01    2.19767951e-01
    4.33043264e+00    6.55547363e-01
    1.67081554e+00    2.86573259e-01
