18
12  0
    2.87964429e+04    2.86465440e+00
    1.46469617e+04   -4.06182400e-01
    7.47178998e+03    7.29923360e+00
    3.89530570e+03    7.07445120e+00
    2.01153041e+03    1.88178893e+01
    1.02121843e+03    2.25492061e+01
    5.30701018e+02    2.13994917e+01
    2.55365591e+02    1.63779270e+00
    1.31867276e+02   -3.26358980e+00
    6.25282421e+01    2.16195717e+01
    3.33202533e+01    1.75304788e+01
    1.62383651e+01   -7.41825120e+00
1  0
    7.85871160e+00    1.00000000e+00
1  0
    4.21160390e+00    1.00000000e+00
1  0
    2.06012570e+00    1.00000000e+00
1  0
    1.00188430e+00    1.00000000e+00
1  0
    4.97223800e-01    1.00000000e+00
1  0
    2.35680600e-01    1.00000000e+00
1  0
    1.11631900e-01    1.00000000e+00
2  1
    7.68220720e+00    1.00000000e+00
    2.41526410e+00    1.00000000e+00
1  1
    7.83462600e-01    1.00000000e+00
1  1
    2.59074900e-01    1.00000000e+00
1  1
    8.62290000e-02    1.00000000e+00
3  2
    6.07389200e+00   -2.01057000e-02
    1.99565480e+00    2.27678000e-02
    7.03865300e-01   -2.38263000e-02
1  2
    2.59699000e-01    1.00000000e+00
1  2
    9.73145000e-02    1.00000000e+00
2  3
    2.42748280e+00   -2.36600000e-03
    7.00672900e-01    6.17310000e-03
1  3
    2.01900000e-01    1.00000000e+00
1  4
    8.99460500e-01    1.00000000e+00
