15   
8    0
    402.0000000              0.0002790
     60.2400000              0.0021650
     13.7300000              0.0112010
      3.9050000              0.0448780
      1.2830000              0.1422990
      0.4655000              0.3309790
      0.1811000              0.4362690
      0.0727900              0.1764400
1    0
      1.2830000              1.0000000
1    0
      0.4655000              1.0000000
1    0
      0.1811000              1.0000000
1    0
      0.0727900              1.0000000        
1    1
      4.5160000              1.0000000
1    1
      1.7120000              1.0000000
1    1
      0.6490000              1.0000000
1    1
      0.2460000              1.0000000
1    2
      2.9500000              1.0000000
1    2
      1.2060000              1.0000000
1    2
      0.4930000              1.0000000
1    3
      2.5060000              1.0000000
1    3
      0.8750000              1.0000000
1    4
      2.3580000              1.0000000  
