21 
 1    0 
    23.3215000     1.0000000E+00    
 1    0 
     4.9229700     1.0000000E+00    
 1    0 
     1.7751000     1.0000000E+00    
 1    0 
     0.9942180     1.0000000E+00    
 1    0 
     0.5060540     1.0000000E+00    
 1    0 
     0.2369110     1.0000000E+00    
 1    1 
     5.9745800     1.0000000E+00    
 1    1 
     2.0521700     1.0000000E+00    
 1    1 
     1.2486600     1.0000000E+00    
 1    1 
     0.8055450     1.0000000E+00    
 1    1 
     0.3478920     1.0000000E+00    
 1    2 
     3.8581600     1.0000000E+00    
 1    2 
     1.7106300     1.0000000E+00    
 1    2 
     0.9792370     1.0000000E+00    
 1    2 
     0.6253660     1.0000000E+00    
 1    3 
     3.1015100     1.0000000E+00    
 1    3 
     1.1981100     1.0000000E+00    
 1    3 
     0.5728730     1.0000000E+00    
 1    4 
     2.9878000     1.0000000E+00    
 1    4 
     1.2319200     1.0000000E+00    
 1    5 
     3.2473900     1.0000000E+00    
