15 
 1    0 
    21.8835336     1.0000000E+00    
 1    0 
     4.3089102     1.0000000E+00    
 1    0 
     1.1824835     1.0000000E+00    
 1    0 
     0.4331113     1.0000000E+00    
 1    0 
     0.2276354     1.0000000E+00    
 1    1 
     3.2286533     1.0000000E+00    
 1    1 
     1.2285682     1.0000000E+00    
 1    1 
     0.5162931     1.0000000E+00    
 1    1 
     0.2245082     1.0000000E+00    
 1    2 
     2.7781806     1.0000000E+00    
 1    2 
     1.0177101     1.0000000E+00    
 1    2 
     0.5275983     1.0000000E+00    
 1    3 
     1.8964330     1.0000000E+00    
 1    3 
     0.6719309     1.0000000E+00    
 1    4 
     2.1308827     1.0000000E+00    
