12 
 5    0 
   774.6900000     1.3163000E-03    
   116.1600000     1.0226000E-02    
    26.4490000     5.3629000E-02    
     7.5015000     2.2285000E-01    
     2.4568000     7.5374000E-01    
 1    0 
     0.8877400     1.0000000E+00    
 1    0 
     0.3408500     1.0000000E+00    
 1    0 
     0.1347700     1.0000000E+00    
 1    0 
     0.0522630     1.0000000E+00    
 1    1 
     6.5000000     1.0000000E+00    
 1    1 
     1.5500000     1.0000000E+00    
 1    1 
     0.5500000     1.0000000E+00    
 1    1 
     0.2000000     1.0000000E+00    
 1    2 
     1.9500000     1.0000000E+00    
 1    2 
     0.6500000     1.0000000E+00    
 1    3 
     2.2000000     1.0000000E+00    
