14
1  0
    2.34767852e+01    1.00000000e+00
1  0
    5.05836970e+00    1.00000000e+00
1  0
    1.18542587e+00    1.00000000e+00
1  0
    6.41425386e-01    1.00000000e+00
1  0
    2.39807491e-01    1.00000000e+00
1  1
    7.36943236e+00    1.00000000e+00
1  1
    3.51382842e+00    1.00000000e+00
1  1
    1.32239754e+00    1.00000000e+00
1  1
    5.02497921e-01    1.00000000e+00
1  2
    4.85728922e+00    1.00000000e+00
1  2
    2.47579147e+00    1.00000000e+00
1  0
    8.72638163e-02    1.00000000e+00
1  1
    2.40006639e-01    1.00000000e+00
1  2
    8.03406657e-01    1.00000000e+00
