21
1  0
    6.99577000e+01    1.00000000e+00
1  0
    1.55692000e+01    1.00000000e+00
1  0
    5.02694000e+00    1.00000000e+00
1  0
    1.99746000e+00    1.00000000e+00
1  0
    8.47999000e-01    1.00000000e+00
1  0
    3.73257000e-01    1.00000000e+00
1  1
    1.42414000e+01    1.00000000e+00
1  1
    4.78510000e+00    1.00000000e+00
1  1
    3.28814000e+00    1.00000000e+00
1  1
    1.89933000e+00    1.00000000e+00
1  1
    7.72218000e-01    1.00000000e+00
1  2
    1.10572000e+01    1.00000000e+00
1  2
    5.76223000e+00    1.00000000e+00
1  2
    3.52006000e+00    1.00000000e+00
1  2
    1.34009000e+00    1.00000000e+00
1  3
    8.29146000e+00    1.00000000e+00
1  3
    5.45011000e+00    1.00000000e+00
1  3
    2.26714000e+00    1.00000000e+00
1  4
    8.22031000e+00    1.00000000e+00
1  4
    4.15982000e+00    1.00000000e+00
1  5
    5.84800000e+00    1.00000000e+00
