21 
10    0 
  4785.0000000     6.0000000E-07    
   717.0000000     4.7000000E-06    
   163.2000000     2.4400000E-05    
    46.2600000     1.0120000E-04    
    15.1000000     3.4860000E-04    
     5.4370000     9.8410000E-04    
     2.0880000     2.1631000E-03    
     0.8297000     3.4905000E-03    
     0.3366000     3.4660000E-03    
     0.1369000     1.1519000E-03    
 1    0 
     5.4370000     1.0000000E+00    
 1    0 
     2.0880000     1.0000000E+00    
 1    0 
     0.8297000     1.0000000E+00    
 1    0 
     0.3366000     1.0000000E+00    
 1    0 
     0.1369000     1.0000000E+00    
 1    1 
     0.3870000     1.0000000E+00    
 1    1 
     0.9840000     1.0000000E+00    
 1    1 
     2.4980000     1.0000000E+00    
 1    1 
     6.3420000     1.0000000E+00    
 1    1 
    16.1040000     1.0000000E+00    
 1    2 
     0.7470000     1.0000000E+00    
 1    2 
     1.9100000     1.0000000E+00    
 1    2 
     4.8860000     1.0000000E+00    
 1    2 
    12.4980000     1.0000000E+00    
 1    3 
     1.2920000     1.0000000E+00    
 1    3 
     3.4620000     1.0000000E+00    
 1    3 
     9.2760000     1.0000000E+00    
 1    4 
     2.2360000     1.0000000E+00    
 1    4 
     6.5860000     1.0000000E+00    
 1    5 
     4.1590000     1.0000000E+00    
