18
4  0
    5.28500000e+02    9.40000000e-04
    7.93100000e+01    7.21400000e-03
    1.80500000e+01    3.59750000e-02
    5.08500000e+00    1.27782000e-01
1  0
    1.60900000e+00    1.00000000e+00
1  0
    5.36300000e-01    1.00000000e+00
1  0
    1.83300000e-01    1.00000000e+00
1  0
    4.81900000e-02    1.00000000e+00
1  0
    1.27000000e-02    1.00000000e+00
1  1
    5.99400000e+00    1.00000000e+00
1  1
    1.74500000e+00    1.00000000e+00
1  1
    5.60000000e-01    1.00000000e+00
1  1
    1.62600000e-01    1.00000000e+00
1  1
    4.72000000e-02    1.00000000e+00
1  2
    4.29900000e+00    1.00000000e+00
1  2
    1.22300000e+00    1.00000000e+00
1  2
    3.51000000e-01    1.00000000e+00
1  2
    1.01000000e-01    1.00000000e+00
1  3
    2.68000000e+00    1.00000000e+00
1  3
    6.90600000e-01    1.00000000e+00
1  3
    1.78000000e-01    1.00000000e+00
