12
4  0
    2.34000000e+02    2.58700000e-03
    3.51600000e+01    1.95330000e-02
    7.98900000e+00    9.09980000e-02
    2.21200000e+00    2.72050000e-01
1  0
    6.66900000e-01    1.00000000e+00
1  0
    2.08900000e-01    1.00000000e+00
1  0
    5.13800000e-02    1.00000000e+00
1  0
    1.26000000e-02    1.00000000e+00
1  1
    3.04400000e+00    1.00000000e+00
1  1
    7.58000000e-01    1.00000000e+00
1  1
    1.99300000e-01    1.00000000e+00
1  1
    5.24000000e-02    1.00000000e+00
1  2
    1.96500000e+00    1.00000000e+00
1  2
    4.59200000e-01    1.00000000e+00
1  2
    1.07000000e-01    1.00000000e+00
