31
1   0
4840.900000  1.0
1   0
723.110000   1.0
1   0
164.300000   1.0
1   0
46.636000    1.0
1   0
15.278000    1.0
1   0
5.526900     1.0
1   0
2.132900     1.0
1   0
0.849670     1.0
1   0
0.343640     1.0
1   0
0.138710     1.0
1   0
0.055484     1.0
1   0
0.022193     1.0
1   0
0.008877     1.0
1   1
164.3000     1.0
1   1
46.63600     1.0
1   1
15.27800     1.0
1   1
5.526900     1.0
1   1
2.132900     1.0
1   1
0.849670     1.0
1   1
0.343640     1.0
1   1
0.138710     1.0
1   1
0.055484     1.0
1   1
0.022193     1.0
1   1
0.008877     1.0
3   2
15.27800     0.0224
5.526900     0.1742
2.132900     0.9940
1   2
0.849670     1.0
1   2
0.343640     1.0
1   2
0.138710     1.0
1   3
0.849670     1.0
1   3
0.343640     1.0
1   3
0.138710     1.0
