20
1  0
    3.35625000e+05    1.00000000e+00
1  0
    5.59380000e+04    1.00000000e+00
1  0
    1.11880000e+04    1.00000000e+00
1  0
    2.23800000e+03    1.00000000e+00
1  0
    4.48000000e+02    1.00000000e+00
1  10
    1.07000000e+02    1.00000000e+00
1  10
    1.07000000e+02    1.00000000e+00
1  10
    1.79000000e+01    1.00000000e+00
1  10
    1.79000000e+01    1.00000000e+00
1  10
    3.58000000e+00    1.00000000e+00
1  10
    3.58000000e+00    1.00000000e+00
1  10
    7.15000000e-01    1.00000000e+00
1  10
    7.15000000e-01    1.00000000e+00
1  10
    1.43000000e-01    1.00000000e+00
1  10
    1.43000000e-01    1.00000000e+00
1  2
    1.07000000e+02    1.00000000e+00
1  2
    1.79000000e+01    1.00000000e+00
1  2
    3.58000000e+00    1.00000000e+00
1  2
    7.15000000e-01    1.00000000e+00
1  2
    1.43000000e-01    1.00000000e+00
