18
4  0
    4.99211080e+01    1.73625000e-01
    2.93653568e+01   -8.11273000e-01
    1.17138181e+01    6.31430590e+00
    6.89048100e+00   -1.23674999e+01
1  0
    4.09375620e+00    1.00000000e+00
1  0
    2.40809180e+00    1.00000000e+00
1  0
    1.48152130e+00    1.00000000e+00
1  0
    7.96693700e-01    1.00000000e+00
1  0
    2.88321700e-01    1.00000000e+00
1  0
    1.69601000e-01    1.00000000e+00
1  0
    8.56835000e-02    1.00000000e+00
2  1
    3.78325380e+00    1.00000000e+00
    1.35340470e+00    1.00000000e+00
1  1
    5.05891200e-01    1.00000000e+00
1  1
    1.94331000e-01    1.00000000e+00
1  1
    7.53446000e-02    1.00000000e+00
3  2
    9.53811580e+00   -3.69020000e-03
    3.30345660e+00    2.00371000e-02
    1.17990640e+00   -2.13596000e-02
1  2
    4.29489400e-01    1.00000000e+00
1  2
    1.57338300e-01    1.00000000e+00
2  3
    1.16532000e+00   -1.72740000e-03
    3.48708200e-01    2.29360000e-03
1  3
    1.03950000e-01    1.00000000e+00
1  4
    6.33259300e-01    1.00000000e+00
