23
4  0
    2.66307757e+01    5.17721500e-01
    1.60607263e+01   -2.99287740e+00
    9.83109120e+00    6.73120340e+00
    5.78299470e+00   -5.30597910e+00
1  0
    3.26902600e+00    1.00000000e+00
1  0
    2.00103610e+00    1.00000000e+00
1  0
    1.17708000e+00    1.00000000e+00
1  0
    6.49003000e-01    1.00000000e+00
1  0
    2.81045100e-01    1.00000000e+00
1  0
    1.40932200e-01    1.00000000e+00
1  0
    8.29013000e-02    1.00000000e+00
1  1
    8.19669990e+00    1.00000000e+00
1  1
    3.00021580e+00    1.00000000e+00
1  1
    1.08273720e+00    1.00000000e+00
1  1
    3.87479900e-01    1.00000000e+00
1  1
    1.38282500e-01    1.00000000e+00
1  2
    3.98450550e+00    1.00000000e+00
1  2
    1.46792080e+00    1.00000000e+00
1  2
    5.74827800e-01    1.00000000e+00
1  2
    2.33932300e-01    1.00000000e+00
1  2
    9.64630000e-02    1.00000000e+00
2  3
    1.58047880e+00   -1.66654000e-02
    5.28409100e-01    1.54318000e-02
1  3
    1.75561400e-01    1.00000000e+00
1  4
    2.01077590e+00    1.00000000e+00
1  4
    7.78239400e-01    1.00000000e+00
1  4
    2.99322800e-01    1.00000000e+00
