14
13  0
    6.81358820e+05    1.96900000e-04
    1.02126480e+05    1.52860000e-03
    2.32437100e+04    7.95000000e-03
    6.58200730e+03    3.24938000e-02
    2.14642860e+03    1.06724000e-01
    7.74337820e+02    2.67570100e-01
    3.01670200e+02    4.20185100e-01
    1.23411840e+02    2.85801500e-01
    3.85675510e+01    3.22461000e-02
    1.66373790e+01   -7.68280000e-03
    5.19879500e+00    2.93930000e-03
    2.29481400e+00   -1.46620000e-03
    4.85211000e-01    4.14400000e-04
13  0
    6.81358820e+05   -6.22000000e-05
    1.02126480e+05   -4.79400000e-04
    2.32437100e+04   -2.53410000e-03
    6.58200730e+03   -1.03636000e-02
    2.14642860e+03   -3.63516000e-02
    7.74337820e+02   -9.93737000e-02
    3.01670200e+02   -2.14061000e-01
    1.23411840e+02   -1.88319200e-01
    3.85675510e+01    4.58381600e-01
    1.66373790e+01    6.46566400e-01
    5.19879500e+00    8.56579000e-02
    2.29481400e+00   -1.56123000e-02
    4.85211000e-01    3.64900000e-03
13  0
    6.81358820e+05    2.49000000e-05
    1.02126480e+05    1.92800000e-04
    2.32437100e+04    1.01490000e-03
    6.58200730e+03    4.18570000e-03
    2.14642860e+03    1.46459000e-02
    7.74337820e+02    4.11070000e-02
    3.01670200e+02    9.03955000e-02
    1.23411840e+02    8.90623000e-02
    3.85675510e+01   -2.93571800e-01
    1.66373790e+01   -5.75969800e-01
    5.19879500e+00    4.96857800e-01
    2.29481400e+00    7.61689500e-01
    4.85211000e-01    4.53267000e-02
13  0
    6.81358820e+05   -7.90000000e-06
    1.02126480e+05   -6.14000000e-05
    2.32437100e+04   -3.23000000e-04
    6.58200730e+03   -1.33300000e-03
    2.14642860e+03   -4.66720000e-03
    7.74337820e+02   -1.31352000e-02
    3.01670200e+02   -2.90342000e-02
    1.23411840e+02   -2.90173000e-02
    3.85675510e+01    1.00266400e-01
    1.66373790e+01    2.10381800e-01
    5.19879500e+00   -2.33247100e-01
    2.29481400e+00   -5.54649700e-01
    4.85211000e-01    6.96952200e-01
1  0
    1.86270000e-01    1.00000000e+00
1  0
    6.51450000e-02    1.00000000e+00
10  1
    4.47426990e+03    1.51950000e-03
    1.06057900e+03    1.27424000e-02
    3.42208120e+02    6.36465000e-02
    1.28998420e+02    2.08563500e-01
    5.30872220e+01    4.12242300e-01
    2.29594250e+01    3.87810300e-01
    9.50730000e+00    1.00382000e-01
    4.08305500e+00   -2.50780000e-03
    1.75044600e+00    2.71390000e-03
    5.29190000e-01   -6.97700000e-04
10  1
    4.47426990e+03   -6.20800000e-04
    1.06057900e+03   -5.22120000e-03
    3.42208120e+02   -2.68463000e-02
    1.28998420e+02   -9.15823000e-02
    5.30872220e+01   -1.96816400e-01
    2.29594250e+01   -1.63475000e-01
    9.50730000e+00    2.73820400e-01
    4.08305500e+00    5.98159200e-01
    1.75044600e+00    2.75045300e-01
    5.29190000e-01    1.27706000e-02
10  1
    4.47426990e+03    1.70100000e-04
    1.06057900e+03    1.40640000e-03
    3.42208120e+02    7.39630000e-03
    1.28998420e+02    2.48254000e-02
    5.30872220e+01    5.57155000e-02
    2.29594250e+01    4.12132000e-02
    9.50730000e+00   -8.76057000e-02
    4.08305500e+00   -2.44058600e-01
    1.75044600e+00   -2.95007000e-02
    5.29190000e-01    6.01229500e-01
1  1
    1.64369000e-01    1.00000000e+00
1  1
    4.66060000e-02    1.00000000e+00
5  2
    1.15525320e+02    2.19557000e-02
    3.34652460e+01    1.32162000e-01
    1.18304590e+01    3.63348400e-01
    4.33977100e+00    4.92958200e-01
    1.50752400e+00    2.66756000e-01
1  2
    5.03000000e-01    1.00000000e+00
1  2
    2.15500000e-01    1.00000000e+00
