8
6  0
    2.88537364e+04    9.16359628e-03
    5.29030099e+03    4.93614929e-02
    1.48003557e+03    1.68538305e-01
    5.08432165e+02    3.70562800e-01
    1.97439088e+02    4.16491530e-01
    8.13163196e+01    1.30334084e-01
6  10
    2.42579645e+03   -1.32527881e-02
    4.80128424e+02   -4.69917101e-02
    1.49223556e+02   -3.37853715e-02
    5.74116809e+01    2.50241786e-01
    2.49339321e+01    5.95117253e-01
    1.14290454e+01    2.40706176e-01
6  10
    2.42579645e+03    3.75969662e-03
    4.80128424e+02    3.76793698e-02
    1.49223556e+02    1.73896744e-01
    5.74116809e+01    4.18036435e-01
    2.49339321e+01    4.25859548e-01
    1.14290454e+01    1.01708296e-01
6  10
    1.28496577e+02   -7.94312636e-03
    3.70004720e+01   -7.10026417e-02
    1.45532120e+01   -1.78502693e-01
    6.65131252e+00    1.51063506e-01
    3.31013215e+00    7.35491477e-01
    1.69995829e+00    2.76059312e-01
6  10
    1.28496577e+02   -7.13935891e-03
    3.70004720e+01   -1.82927707e-02
    1.45532120e+01    7.62162143e-02
    6.65131252e+00    4.14509860e-01
    3.31013215e+00    4.88962147e-01
    1.69995829e+00    1.05881652e-01
6  10
    8.80866625e+00    3.77505600e-03
    2.83432530e+00   -5.58596500e-02
    1.21100984e+00   -3.19294600e-01
    6.03887179e-01   -2.76478000e-02
    3.25951800e-01    9.04919900e-01
    1.81248283e-01    3.40625800e-01
6  10
    8.80866625e+00   -7.05207500e-03
    2.83432530e+00   -5.25950500e-02
    1.21100984e+00   -3.77345000e-02
    6.03887179e-01    3.87477300e-01
    3.25951800e-01    5.79167200e-01
    1.81248283e-01    1.22181700e-01
6  2
    1.28496577e+02    6.63343439e-03
    3.70004720e+01    5.95817796e-02
    1.45532120e+01    2.40194958e-01
    6.65131252e+00    4.64811468e-01
    3.31013215e+00    3.43409233e-01
    1.69995829e+00    5.38905698e-02
