18
12  0
    2.51247656e+04    5.41226840e+00
    5.11393516e+03    2.38184381e+01
    3.00819707e+03   -8.40299240e+00
    1.76952764e+03    4.56087554e+01
    6.12293266e+02    3.64135060e+01
    3.60172499e+02   -9.80414760e+00
    2.11866170e+02    2.63738690e+00
    1.24627155e+02   -1.44899600e-01
    7.33100894e+01    2.79730114e+01
    4.31235808e+01    1.84639348e+01
    2.53668115e+01   -8.36167580e+00
    1.49216534e+01   -3.25857450e+00
1  0
    8.77744290e+00    1.00000000e+00
1  0
    5.16320160e+00    1.00000000e+00
1  0
    3.03717730e+00    1.00000000e+00
1  0
    1.05092630e+00    1.00000000e+00
1  0
    6.18192000e-01    1.00000000e+00
1  0
    3.63642300e-01    1.00000000e+00
1  0
    2.13907200e-01    1.00000000e+00
2  1
    9.72000000e+00    1.34690000e-02
    3.54000000e+00   -3.89777000e-02
1  1
    1.33000000e+00    1.00000000e+00
1  1
    5.00000000e-01    1.00000000e+00
1  1
    1.90000000e-01    1.00000000e+00
3  2
    1.01100000e+01   -1.94411000e-02
    4.09000000e+00    2.01204000e-02
    1.71000000e+00   -1.58267000e-02
1  2
    7.30000000e-01    1.00000000e+00
1  2
    3.10000000e-01    1.00000000e+00
2  3
    3.99000000e+00   -2.95760000e-03
    1.00000000e+00    1.24094000e-02
1  3
    2.50000000e-01    1.00000000e+00
1  4
    1.27000000e+00    1.00000000e+00
