23
4  0
    1.76099386e+01   -3.60198000e-02
    1.03587871e+01    2.86836800e-01
    6.09340400e+00   -1.27293200e+00
    3.58435520e+00    3.32767390e+00
1  0
    2.10844420e+00    1.00000000e+00
1  0
    7.36861100e-01    1.00000000e+00
1  0
    4.33447700e-01    1.00000000e+00
1  0
    2.52444800e-01    1.00000000e+00
1  0
    1.48496900e-01    1.00000000e+00
1  0
    8.73511000e-02    1.00000000e+00
1  0
    5.13830000e-02    1.00000000e+00
1  1
    4.29416340e+00    1.00000000e+00
1  1
    1.56785150e+00    1.00000000e+00
1  1
    5.64401800e-01    1.00000000e+00
1  1
    2.01477900e-01    1.00000000e+00
1  1
    7.17230000e-02    1.00000000e+00
1  2
    1.37000390e+00    1.00000000e+00
1  2
    7.08754600e-01    1.00000000e+00
1  2
    3.61515700e-01    1.00000000e+00
1  2
    1.82858000e-01    1.00000000e+00
1  2
    9.22343000e-02    1.00000000e+00
2  3
    9.95712500e-01   -9.24720000e-03
    4.73139400e-01   -2.74790000e-03
1  3
    2.23419600e-01    1.00000000e+00
1  4
    1.62774230e+00    1.00000000e+00
1  4
    5.99992600e-01    1.00000000e+00
1  4
    2.19777500e-01    1.00000000e+00
