6
6  0
    6.42418920e+02    2.14260000e-03
    9.67985150e+01    1.62089000e-02
    2.20911210e+01    7.73156000e-02
    6.20107030e+00    2.45786000e-01
    1.93511770e+00    4.70189000e-01
    6.36735800e-01    3.45470800e-01
3  10
    2.32491840e+00   -3.50917000e-02
    6.32430600e-01   -1.91232800e-01
    7.90534000e-02    1.08398780e+00
3  10
    2.32491840e+00    8.94150000e-03
    6.32430600e-01    1.41009500e-01
    7.90534000e-02    9.45363700e-01
1  10
    3.59620000e-02    1.00000000e+00
1  10
    3.59620000e-02    1.00000000e+00
1  2
    2.00000000e-01    1.00000000e+00
