30
1  0
    1.09055000e+02    1.00000000e+00
1  0
    2.08783000e+01    1.00000000e+00
1  0
    6.48699000e+00    1.00000000e+00
1  0
    1.95450000e+00    1.00000000e+00
1  0
    1.04023000e+00    1.00000000e+00
1  0
    4.29079000e-01    1.00000000e+00
1  0
    1.61718000e-01    1.00000000e+00
1  0
    8.29282000e-02    1.00000000e+00
1  1
    1.75494000e+01    1.00000000e+00
1  1
    5.44422000e+00    1.00000000e+00
1  1
    1.87561000e+00    1.00000000e+00
1  1
    7.75204000e-01    1.00000000e+00
1  1
    3.71484000e-01    1.00000000e+00
1  1
    1.63201000e-01    1.00000000e+00
1  1
    7.65650000e-02    1.00000000e+00
1  2
    6.80179000e+00    1.00000000e+00
1  2
    2.21726000e+00    1.00000000e+00
1  2
    1.00760000e+00    1.00000000e+00
1  2
    4.97801000e-01    1.00000000e+00
1  2
    2.02532000e-01    1.00000000e+00
1  2
    1.18060000e-01    1.00000000e+00
1  3
    2.78579000e+00    1.00000000e+00
1  3
    1.03442000e+00    1.00000000e+00
1  3
    5.32421000e-01    1.00000000e+00
1  3
    2.77415000e-01    1.00000000e+00
1  3
    1.17090000e-01    1.00000000e+00
1  4
    9.73573000e-01    1.00000000e+00
1  4
    4.13563000e-01    1.00000000e+00
1  4
    2.03462000e-01    1.00000000e+00
1  5
    4.28565000e-01    1.00000000e+00
