21 
14    0 
 29493.0000000     1.8000000E-05    
  4417.1010000     1.4100000E-04    
  1005.2230000     7.3900000E-04    
   284.7009000     3.1070000E-03    
    92.8654300     1.1135000E-02    
    33.5117900     3.4670000E-02    
    13.0418000     9.2171000E-02    
     5.3575360     1.9957600E-01    
     2.2793380     3.2883600E-01    
     0.9939900     3.4597500E-01    
     0.4334710     1.4276100E-01    
     0.0955660     5.3190000E-03    
     0.0446570    -2.1010000E-03    
     0.0206330     8.1500000E-04    
14    0 
 29493.0000000    -3.0000000E-06    
  4417.1010000    -2.2000000E-05    
  1005.2230000    -1.1500000E-04    
   284.7009000    -4.8700000E-04    
    92.8654300    -1.7460000E-03    
    33.5117900    -5.5200000E-03    
    13.0418000    -1.4928000E-02    
     5.3575360    -3.4206000E-02    
     2.2793380    -6.2155000E-02    
     0.9939900    -9.5902000E-02    
     0.4334710    -1.0397200E-01    
     0.0955660     3.0715100E-01    
     0.0446570     5.7902800E-01    
     0.0206330     2.2323100E-01    
 1    0 
     0.4334710     1.0000000E+00    
 1    0 
     0.0955660     1.0000000E+00    
 1    0 
     0.0446570     1.0000000E+00    
 1    0 
     0.0206330     1.0000000E+00    
 7    1 
    11.2500000     1.3120000E-03    
     2.5000000     9.9180000E-03    
     0.6500000     3.7542000E-02    
     0.2500000     8.9844000E-02    
     0.1000000     3.1027900E-01    
     0.0390000     5.0098400E-01    
     0.0170000     2.2918700E-01    
 1    1 
     0.2500000     1.0000000E+00    
 1    1 
     0.1000000     1.0000000E+00    
 1    1 
     0.0390000     1.0000000E+00    
 1    1 
     0.0170000     1.0000000E+00    
 1    2 
     0.5500000     1.0000000E+00    
 1    2 
     0.2900000     1.0000000E+00    
 1    2 
     0.1400000     1.0000000E+00    
 1    2 
     0.0610000     1.0000000E+00    
 1    3 
     0.3500000     1.0000000E+00    
 1    3 
     0.2200000     1.0000000E+00    
 1    3 
     0.1100000     1.0000000E+00    
 1    4 
     0.3200000     1.0000000E+00    
 1    4 
     0.1600000     1.0000000E+00    
 1    5 
     0.3200000     1.0000000E+00    
