17 
12    0 
  6601.0000000     1.1700000E-04    
   989.7000000     9.1100000E-04    
   225.7000000     4.7280000E-03    
    64.2900000     1.9197000E-02    
    21.1800000     6.3047000E-02    
     7.7240000     1.6320800E-01    
     3.0030000     3.1482700E-01    
     1.2120000     3.9393600E-01    
     0.4930000     1.9691800E-01    
     0.0951500     9.9970000E-03    
     0.0479100    -5.4020000E-03    
     0.0222000     1.7040000E-03    
12    0 
  6601.0000000    -1.8000000E-05    
   989.7000000    -1.4200000E-04    
   225.7000000    -7.4100000E-04    
    64.2900000    -3.0200000E-03    
    21.1800000    -1.0123000E-02    
     7.7240000    -2.7094000E-02    
     3.0030000    -5.7359000E-02    
     1.2120000    -9.3895000E-02    
     0.4930000    -1.2109100E-01    
     0.0951500     2.7660800E-01    
     0.0479100     5.4954800E-01    
     0.0222000     2.7738500E-01    
 1    0 
     0.0951500     1.0000000E+00    
 1    0 
     0.0479100     1.0000000E+00    
 1    0 
     0.0222000     1.0000000E+00    
 1    0 
     0.0063600     1.0000000E+00    
 6    1 
     6.2500000     3.3880000E-03    
     1.3700000     1.9316000E-02    
     0.3672000     7.9104000E-02    
     0.1192000     2.7409500E-01    
     0.0447400     5.1948800E-01    
     0.0179500     2.8442300E-01    
 1    1 
     0.1192000     1.0000000E+00    
 1    1 
     0.0447400     1.0000000E+00    
 1    1 
     0.0179500     1.0000000E+00    
 1    1 
     0.0075600     1.0000000E+00    
 1    2 
     0.3440000     1.0000000E+00    
 1    2 
     0.1530000     1.0000000E+00    
 1    2 
     0.0680000     1.0000000E+00    
 1    3 
     0.2460000     1.0000000E+00    
 1    3 
     0.1292000     1.0000000E+00    
 1    4 
     0.2380000     1.0000000E+00    
