7
3  0
    6.52841000e+02    6.75982000e-02
    9.83805000e+01    3.91778000e-01
    2.12996000e+01    6.66661000e-01
3  0
    2.33727000e+01   -1.10246000e-01
    5.19953000e+00    1.84119000e-01
    1.31508000e+00    8.96399000e-01
3  1
    2.33727000e+01    1.21014000e-01
    5.19953000e+00    4.62810000e-01
    1.31508000e+00    6.06907000e-01
2  0
    6.11349000e-01   -3.61101000e-01
    1.41841000e-01    1.21505000e+00
2  1
    6.11349000e-01    2.42633000e-02
    1.41841000e-01    9.86673000e-01
1  0
    4.64011000e-02    1.00000000e+00
1  1
    4.64011000e-02    1.00000000e+00
