7
6  0
    1.17228000e+04    1.97780000e-03
    1.75993000e+03    1.51140000e-02
    4.00846000e+02    7.39110000e-02
    1.12807000e+02    2.49191000e-01
    3.59997000e+01    4.87928000e-01
    1.21828000e+01    3.19662000e-01
6  10
    1.89180000e+02   -3.23720000e-03
    4.52119000e+01   -4.10080000e-02
    1.43563000e+01   -1.12600000e-01
    5.13886000e+00    1.48633000e-01
    1.90652000e+00    6.16497000e-01
    7.05887000e-01    3.64829000e-01
6  10
    1.89180000e+02    4.92810000e-03
    4.52119000e+01    3.49890000e-02
    1.43563000e+01    1.40725000e-01
    5.13886000e+00    3.33642000e-01
    1.90652000e+00    4.44940000e-01
    7.05887000e-01    2.69254000e-01
3  10
    9.29340000e-01   -2.12290000e-01
    2.69035000e-01   -1.07985000e-01
    1.17379000e-01    1.17584000e+00
3  10
    9.29340000e-01   -2.24190000e-02
    2.69035000e-01    1.92270000e-01
    1.17379000e-01    8.46181000e-01
1  10
    4.21061000e-02    1.00000000e+00
1  10
    4.21061000e-02    1.00000000e+00
