32
1  0
    2.47482000e+02    1.00000000e+00
1  0
    8.23065000e+01    1.00000000e+00
1  0
    3.18882000e+01    1.00000000e+00
1  0
    1.23628000e+01    1.00000000e+00
1  0
    4.99341000e+00    1.00000000e+00
1  0
    1.70781000e+00    1.00000000e+00
1  0
    7.90449000e-01    1.00000000e+00
1  0
    2.75153000e-01    1.00000000e+00
1  0
    1.23443000e-01    1.00000000e+00
1  0
    7.71233000e-02    1.00000000e+00
1  1
    5.86402000e+01    1.00000000e+00
1  1
    7.17680000e+00    1.00000000e+00
1  1
    3.49873000e+00    1.00000000e+00
1  1
    1.51822000e+00    1.00000000e+00
1  1
    8.06848000e-01    1.00000000e+00
1  1
    3.26559000e-01    1.00000000e+00
1  1
    1.54720000e-01    1.00000000e+00
1  1
    7.24774000e-02    1.00000000e+00
1  2
    2.99212000e+01    1.00000000e+00
1  2
    9.11394000e+00    1.00000000e+00
1  2
    3.17149000e+00    1.00000000e+00
1  2
    1.48838000e+00    1.00000000e+00
1  2
    5.72001000e-01    1.00000000e+00
1  2
    3.92816000e-01    1.00000000e+00
1  2
    1.84720000e-01    1.00000000e+00
1  3
    4.60912000e+00    1.00000000e+00
1  3
    1.54347000e+00    1.00000000e+00
1  3
    6.44990000e-01    1.00000000e+00
1  3
    3.34225000e-01    1.00000000e+00
1  3
    1.74575000e-01    1.00000000e+00
1  4
    1.76455000e+00    1.00000000e+00
1  4
    7.17219000e-01    1.00000000e+00
