38
1  0
    2.65858000e+02    1.00000000e+00
1  0
    6.51123000e+01    1.00000000e+00
1  0
    2.35047000e+01    1.00000000e+00
1  0
    1.15247000e+01    1.00000000e+00
1  0
    4.82385000e+00    1.00000000e+00
1  0
    1.95043000e+00    1.00000000e+00
1  0
    7.40410000e-01    1.00000000e+00
1  0
    4.29062000e-01    1.00000000e+00
1  0
    2.28177000e-01    1.00000000e+00
1  0
    1.26216000e-01    1.00000000e+00
1  0
    6.64620000e-02    1.00000000e+00
1  1
    7.20405000e+01    1.00000000e+00
1  1
    4.53660000e+01    1.00000000e+00
1  1
    6.73673000e+00    1.00000000e+00
1  1
    2.25791000e+00    1.00000000e+00
1  1
    1.14991000e+00    1.00000000e+00
1  1
    3.48795000e-01    1.00000000e+00
1  1
    2.08905000e-01    1.00000000e+00
1  1
    1.06035000e-01    1.00000000e+00
1  1
    5.88464000e-02    1.00000000e+00
1  2
    3.52442000e+01    1.00000000e+00
1  2
    1.09473000e+01    1.00000000e+00
1  2
    3.99744000e+00    1.00000000e+00
1  2
    2.10185000e+00    1.00000000e+00
1  2
    1.00886000e+00    1.00000000e+00
1  2
    4.67248000e-01    1.00000000e+00
1  2
    2.68153000e-01    1.00000000e+00
1  2
    1.55964000e-01    1.00000000e+00
1  3
    5.88360000e+00    1.00000000e+00
1  3
    2.84658000e+00    1.00000000e+00
1  3
    1.31819000e+00    1.00000000e+00
1  3
    4.39446000e-01    1.00000000e+00
1  3
    2.57760000e-01    1.00000000e+00
1  3
    1.29503000e-01    1.00000000e+00
1  4
    2.67583000e+00    1.00000000e+00
1  4
    1.09711000e+00    1.00000000e+00
1  4
    3.84743000e-01    1.00000000e+00
1  5
    1.05980000e+00    1.00000000e+00
