48
1  0
    5.40416000e+02    1.00000000e+00
1  0
    1.02127000e+02    1.00000000e+00
1  0
    4.31114000e+01    1.00000000e+00
1  0
    1.34767000e+01    1.00000000e+00
1  0
    7.37556000e+00    1.00000000e+00
1  0
    2.60680000e+00    1.00000000e+00
1  0
    1.29897000e+00    1.00000000e+00
1  0
    5.84075000e-01    1.00000000e+00
1  0
    3.30108000e-01    1.00000000e+00
1  0
    1.80505000e-01    1.00000000e+00
1  0
    1.19148000e-01    1.00000000e+00
1  0
    6.91447000e-02    1.00000000e+00
1  1
    1.23479000e+02    1.00000000e+00
1  1
    3.34832000e+01    1.00000000e+00
1  1
    1.23366000e+01    1.00000000e+00
1  1
    5.61338000e+00    1.00000000e+00
1  1
    2.42395000e+00    1.00000000e+00
1  1
    1.15789000e+00    1.00000000e+00
1  1
    5.31815000e-01    1.00000000e+00
1  1
    2.93408000e-01    1.00000000e+00
1  1
    1.94135000e-01    1.00000000e+00
1  1
    1.30156000e-01    1.00000000e+00
1  1
    8.45925000e-02    1.00000000e+00
1  2
    2.83542000e+01    1.00000000e+00
1  2
    8.24880000e+00    1.00000000e+00
1  2
    2.95615000e+00    1.00000000e+00
1  2
    1.28730000e+00    1.00000000e+00
1  2
    5.83460000e-01    1.00000000e+00
1  2
    3.44419000e-01    1.00000000e+00
1  2
    2.22430000e-01    1.00000000e+00
1  2
    1.51929000e-01    1.00000000e+00
1  2
    9.12500000e-02    1.00000000e+00
1  3
    6.95067000e+00    1.00000000e+00
1  3
    2.76214000e+00    1.00000000e+00
1  3
    1.25072000e+00    1.00000000e+00
1  3
    5.75997000e-01    1.00000000e+00
1  3
    3.34257000e-01    1.00000000e+00
1  3
    2.16355000e-01    1.00000000e+00
1  3
    1.26090000e-01    1.00000000e+00
1  4
    2.55010000e+00    1.00000000e+00
1  4
    1.07260000e+00    1.00000000e+00
1  4
    5.52581000e-01    1.00000000e+00
1  4
    3.08050000e-01    1.00000000e+00
1  4
    1.46581000e-01    1.00000000e+00
1  5
    1.51258000e+00    1.00000000e+00
1  5
    4.57920000e-01    1.00000000e+00
1  5
    2.92537000e-01    1.00000000e+00
1  6
    1.07457000e+00    1.00000000e+00
