11
6  0
    5.63471400e+04    1.77158000e-03
    8.46094300e+03    1.35708100e-02
    1.92732500e+03    6.69060500e-02
    5.43234300e+02    2.31854100e-01
    1.73990500e+02    4.79904600e-01
    5.93600500e+01    3.49573700e-01
6  10
    1.16541200e+03    2.38875100e-03
    2.77327600e+02    3.18170800e-02
    8.94727800e+01    1.25467000e-01
    3.34825600e+01   -2.95543100e-02
    1.35403700e+01   -6.17516000e-01
    5.55797200e+00   -4.54445800e-01
6  10
    1.16541200e+03    3.97731800e-03
    2.77327600e+02    3.10311200e-02
    8.94727800e+01    1.35189400e-01
    3.34825600e+01    3.45738700e-01
    1.35403700e+01    4.62920500e-01
    5.55797200e+00    2.09059200e-01
6  10
    4.58353200e+01   -3.66585600e-03
    1.51877700e+01    7.23197100e-02
    6.50071000e+00    2.54448600e-01
    2.75158300e+00   -2.91038000e-01
    1.14540400e+00   -7.35986000e-01
    4.53687000e-01   -1.99761700e-01
6  10
    4.58353200e+01   -6.88757800e-03
    1.51877700e+01   -2.84681600e-02
    6.50071000e+00    6.03183200e-02
    2.75158300e+00    3.93896100e-01
    1.14540400e+00    5.01376900e-01
    4.53687000e-01    1.79226400e-01
3  10
    1.75799900e+00    5.62857200e-02
    6.67022000e-01    2.89749100e-01
    1.05129000e-01   -1.14065300e+00
3  10
    1.75799900e+00   -5.03502400e-01
    6.67022000e-01    2.34501100e-01
    1.05129000e-01    9.14125700e-01
1  10
    3.84180000e-02    1.00000000e+00
1  10
    3.84180000e-02    1.00000000e+00
3  2
    2.09435500e+01    8.67270200e-02
    5.51048600e+00    3.84188300e-01
    1.66503800e+00    7.06907100e-01
1  2
    4.61733000e-01    1.00000000e+00
