20
19  0
    3.96080500e+06    8.24212700e-06
    5.93115500e+05    6.40858700e-05
    1.34976800e+05    3.36925300e-04
    3.82306700e+04    1.42064800e-03
    1.24715400e+04    5.14368300e-03
    4.50174300e+03    1.64856900e-02
    1.75521200e+03    4.69856000e-02
    7.27303900e+02    1.16243700e-01
    3.16367800e+02    2.33527700e-01
    1.43009800e+02    3.29283700e-01
    6.62180500e+01    2.44030400e-01
    2.99189600e+01    7.21980600e-02
    1.43031800e+01    7.68780600e-02
    6.83945100e+00    7.85223500e-02
    3.01237400e+00    1.29410900e-02
    1.41880800e+00   -3.78487300e-04
    6.23624000e-01   -2.50320300e-05
    1.34098000e-01   -2.42151700e-05
    6.55480000e-02    3.46207100e-05
19  0
    3.96080500e+06   -3.93609500e-06
    5.93115500e+05   -3.06048100e-05
    1.34976800e+05   -1.60962600e-04
    3.82306700e+04   -6.79234800e-04
    1.24715400e+04   -2.46618200e-03
    4.50174300e+03   -7.95762900e-03
    1.75521200e+03   -2.30724800e-02
    7.27303900e+02   -5.93295600e-02
    3.16367800e+02   -1.29945100e-01
    1.43009800e+02   -2.21235200e-01
    6.62180500e+01   -2.29255000e-01
    2.99189600e+01    3.58073300e-02
    1.43031800e+01    5.10760200e-01
    6.83945100e+00    5.00830700e-01
    3.01237400e+00    9.01183000e-02
    1.41880800e+00   -6.90990900e-03
    6.23624000e-01   -1.91292500e-04
    1.34098000e-01   -6.03231200e-04
    6.55480000e-02    5.62160800e-04
19  0
    3.96080500e+06    9.46270900e-07
    5.93115500e+05    7.36058400e-06
    1.34976800e+05    3.86993500e-05
    3.82306700e+04    1.63511000e-04
    1.24715400e+04    5.94177500e-04
    4.50174300e+03    1.92773700e-03
    1.75521200e+03    5.64173100e-03
    7.27303900e+02    1.48784800e-02
    3.16367800e+02    3.41478300e-02
    1.43009800e+02    6.40579400e-02
    6.62180500e+01    7.55765900e-02
    2.99189600e+01   -1.94607000e-02
    1.43031800e+01   -2.95787400e-01
    6.83945100e+00   -4.52117000e-01
    3.01237400e+00    1.22453100e-01
    1.41880800e+00    7.16975600e-01
    6.23624000e-01    4.09271200e-01
    1.34098000e-01    2.22196900e-02
    6.55480000e-02   -9.01120200e-03
19  0
    3.96080500e+06   -2.09539100e-07
    5.93115500e+05   -1.62943900e-06
    1.34976800e+05   -8.57059200e-06
    3.82306700e+04   -3.61927200e-05
    1.24715400e+04   -1.31614600e-04
    4.50174300e+03   -4.26681000e-04
    1.75521200e+03   -1.25027000e-03
    7.27303900e+02   -3.29466500e-03
    3.16367800e+02   -7.58186000e-03
    1.43009800e+02   -1.42286400e-02
    6.62180500e+01   -1.69379600e-02
    2.99189600e+01    4.45429800e-03
    1.43031800e+01    6.86704200e-02
    6.83945100e+00    1.11333500e-01
    3.01237400e+00   -3.90082000e-02
    1.41880800e+00   -2.21575500e-01
    6.23624000e-01   -2.54435900e-01
    1.34098000e-01    2.86586600e-01
    6.55480000e-02    5.75574100e-01
19  0
    3.96080500e+06   -4.12123100e-07
    5.93115500e+05   -3.28209900e-06
    1.34976800e+05   -1.66743300e-05
    3.82306700e+04   -7.36999900e-05
    1.24715400e+04   -2.52949500e-04
    4.50174300e+03   -8.80142500e-04
    1.75521200e+03   -2.36548200e-03
    7.27303900e+02   -6.92635400e-03
    3.16367800e+02   -1.39385100e-02
    1.43009800e+02   -3.14384000e-02
    6.62180500e+01   -2.62574900e-02
    2.99189600e+01   -1.04831300e-02
    1.43031800e+01    1.85647200e-01
    6.83945100e+00    1.52483900e-01
    3.01237400e+00    7.41136800e-02
    1.41880800e+00   -1.01809700e+00
    6.23624000e-01    2.98037200e-01
    1.34098000e-01    1.97198900e+00
    6.55480000e-02   -1.17925300e+00
19  0
    3.96080500e+06   -6.80549300e-07
    5.93115500e+05   -5.46051600e-06
    1.34976800e+05   -2.74389300e-05
    3.82306700e+04   -1.23029100e-04
    1.24715400e+04   -4.14626900e-04
    4.50174300e+03   -1.47515100e-03
    1.75521200e+03   -3.85914000e-03
    7.27303900e+02   -1.16840500e-02
    3.16367800e+02   -2.25718500e-02
    1.43009800e+02   -5.39975900e-02
    6.62180500e+01   -4.03235100e-02
    2.99189600e+01   -2.74252600e-02
    1.43031800e+01    3.48559300e-01
    6.83945100e+00    2.75781800e-01
    3.01237400e+00   -5.49981200e-02
    1.41880800e+00   -2.29254500e+00
    6.23624000e-01    2.63564400e+00
    1.34098000e-01   -3.37911300e-01
    6.55480000e-02   -1.78960700e+00
1  0
    2.95840000e-02    1.00000000e+00
15  1
    1.62058600e+04    4.20000000e-05
    3.83627400e+03    3.73000000e-04
    1.24604800e+03    2.14900000e-03
    4.76753500e+02    9.44500000e-03
    2.02189500e+02    3.32970000e-02
    9.20948700e+01    9.47590000e-02
    4.41472000e+01    2.08144000e-01
    2.18546800e+01    3.31805000e-01
    1.10859600e+01    3.33175000e-01
    5.67410800e+00    1.57601000e-01
    2.82317000e+00    2.14450000e-02
    1.36862100e+00   -2.55800000e-03
    6.44431000e-01   -2.02700000e-03
    2.48382000e-01   -3.60000000e-04
    9.72550000e-02    3.40000000e-05
15  1
    1.62058600e+04   -1.50000000e-05
    3.83627400e+03   -1.29000000e-04
    1.24604800e+03   -7.48000000e-04
    4.76753500e+02   -3.30800000e-03
    2.02189500e+02   -1.18110000e-02
    9.20948700e+01   -3.45330000e-02
    4.41472000e+01   -7.87850000e-02
    2.18546800e+01   -1.32183000e-01
    1.10859600e+01   -1.37195000e-01
    5.67410800e+00    2.70750000e-02
    2.82317000e+00    3.28891000e-01
    1.36862100e+00    4.57280000e-01
    6.44431000e-01    2.88908000e-01
    2.48382000e-01    4.74330000e-02
    9.72550000e-02   -3.52200000e-03
15  1
    1.62058600e+04    3.00000000e-06
    3.83627400e+03    3.00000000e-05
    1.24604800e+03    1.72000000e-04
    4.76753500e+02    7.62000000e-04
    2.02189500e+02    2.72600000e-03
    9.20948700e+01    7.97600000e-03
    4.41472000e+01    1.82870000e-02
    2.18546800e+01    3.07760000e-02
    1.10859600e+01    3.23730000e-02
    5.67410800e+00   -9.97800000e-03
    2.82317000e+00   -9.05290000e-02
    1.36862100e+00   -1.38004000e-01
    6.44431000e-01   -7.79650000e-02
    2.48382000e-01    2.29560000e-01
    9.72550000e-02    5.76122000e-01
15  1
    1.62058600e+04    4.00000000e-06
    3.83627400e+03    4.00000000e-05
    1.24604800e+03    2.26000000e-04
    4.76753500e+02    1.01300000e-03
    2.02189500e+02    3.57500000e-03
    9.20948700e+01    1.06120000e-02
    4.41472000e+01    2.39020000e-02
    2.18546800e+01    4.12790000e-02
    1.10859600e+01    4.14750000e-02
    5.67410800e+00   -9.45800000e-03
    2.82317000e+00   -1.23695000e-01
    1.36862100e+00   -1.74392000e-01
    6.44431000e-01   -1.29170000e-01
    2.48382000e-01    4.00348000e-01
    9.72550000e-02    6.69646000e-01
15  1
    1.62058600e+04    1.00000000e-05
    3.83627400e+03    8.10000000e-05
    1.24604800e+03    5.12000000e-04
    4.76753500e+02    2.07100000e-03
    2.02189500e+02    8.11100000e-03
    9.20948700e+01    2.15570000e-02
    4.41472000e+01    5.53160000e-02
    2.18546800e+01    8.02630000e-02
    1.10859600e+01    1.17730000e-01
    5.67410800e+00   -6.50690000e-02
    2.82317000e+00   -2.82914000e-01
    1.36862100e+00   -6.49166000e-01
    6.44431000e-01    6.92567000e-01
    2.48382000e-01    9.78990000e-01
    9.72550000e-02   -9.21357000e-01
1  1
    3.66330000e-02    1.00000000e+00
7  2
    1.00663000e+02    3.57900000e-03
    2.98336000e+01    2.58270000e-02
    1.08894000e+01    9.85590000e-02
    4.39358000e+00    2.38327000e-01
    1.81782000e+00    3.58707000e-01
    7.27827000e-01    3.65092000e-01
    2.71295000e-01    2.33738000e-01
7  2
    1.00663000e+02   -3.45400000e-03
    2.98336000e+01   -2.49250000e-02
    1.08894000e+01   -9.76350000e-02
    4.39358000e+00   -2.36692000e-01
    1.81782000e+00   -2.92350000e-01
    7.27827000e-01   -4.97300000e-03
    2.71295000e-01    5.06588000e-01
7  2
    1.00663000e+02    5.68500000e-03
    2.98336000e+01    4.11710000e-02
    1.08894000e+01    1.69322000e-01
    4.39358000e+00    3.85912000e-01
    1.81782000e+00    1.86909000e-01
    7.27827000e-01   -6.78113000e-01
    2.71295000e-01   -2.58260000e-01
1  2
    8.83090000e-02    1.00000000e+00
1  3
    2.73820000e+00    1.00000000e+00
1  3
    6.54300000e-01    1.00000000e+00
1  4
    1.73350000e+00    1.00000000e+00
