8
3  0
    1.33715327e+03    1.54328967e-01
    2.43564136e+02    5.35328142e-01
    6.59179606e+01    4.44634542e-01
3  10
    1.02022002e+02   -9.99672292e-02
    2.37077192e+01    3.99512826e-01
    7.71048610e+00    7.00115469e-01
3  10
    1.02022002e+02    1.55916275e-01
    2.37077192e+01    6.07683719e-01
    7.71048610e+00    3.91957393e-01
3  10
    7.70196092e+00   -2.27763502e-01
    2.34934357e+00    2.17543604e-01
    9.06449787e-01    9.16676961e-01
3  10
    7.70196092e+00    4.95151120e-03
    2.34934357e+00    5.77766469e-01
    9.06449787e-01    4.84646037e-01
3  10
    6.70982286e-01   -3.08844122e-01
    2.47634663e-01    1.96064117e-02
    1.09358078e-01    1.13103444e+00
3  10
    6.70982286e-01   -1.21546860e-01
    2.47634663e-01    5.71522760e-01
    1.09358078e-01    5.49894947e-01
3  2
    5.42695046e+00    2.19767951e-01
    1.65539287e+00    6.55547363e-01
    6.38702032e-01    2.86573259e-01
