8
6  0
    1.38675946e+04    9.16359628e-03
    2.54260830e+03    4.93614929e-02
    7.11330175e+02    1.68538305e-01
    2.44361114e+02    3.70562800e-01
    9.48925712e+01    4.16491530e-01
    3.90820011e+01    1.30334084e-01
6  0
    1.05784619e+03   -1.32527881e-02
    2.09375369e+02   -4.69917101e-02
    6.50737085e+01   -3.37853715e-02
    2.50362012e+01    2.50241786e-01
    1.08732392e+01    5.95117253e-01
    4.98400110e+00    2.40706176e-01
6  1
    1.05784619e+03    3.75969662e-03
    2.09375369e+02    3.76793698e-02
    6.50737085e+01    1.73896744e-01
    2.50362012e+01    4.18036435e-01
    1.08732392e+01    4.25859548e-01
    4.98400110e+00    1.01708296e-01
6  0
    4.61240007e+01   -7.94312636e-03
    1.32813639e+01   -7.10026417e-02
    5.22389295e+00   -1.78502693e-01
    2.38749662e+00    1.51063506e-01
    1.18817592e+00    7.35491477e-01
    6.10202071e-01    2.76059312e-01
6  1
    4.61240007e+01   -7.13935891e-03
    1.32813639e+01   -1.82927707e-02
    5.22389295e+00    7.62162143e-02
    2.38749662e+00    4.14509860e-01
    1.18817592e+00    4.88962147e-01
    6.10202071e-01    1.05881652e-01
6  0
    3.71715449e+00    3.77505600e-03
    1.19605224e+00   -5.58596500e-02
    5.11032035e-01   -3.19294600e-01
    2.54833351e-01   -2.76478000e-02
    1.37547860e-01    9.04919900e-01
    7.64846626e-02    3.40625800e-01
6  1
    3.71715449e+00   -7.05207500e-03
    1.19605224e+00   -5.25950500e-02
    5.11032035e-01   -3.77345000e-02
    2.54833351e-01    3.87477300e-01
    1.37547860e-01    5.79167200e-01
    7.64846626e-02    1.22181700e-01
6  2
    3.24998620e+01    6.63343439e-03
    9.35830559e+00    5.95817796e-02
    3.68085589e+00    2.40194958e-01
    1.68227625e+00    4.64811468e-01
    8.37211706e-01    3.43409233e-01
    4.29960168e-01    5.38905698e-02
