23
12  0
    1.77332246e+04    2.02925300e+00
    3.60944904e+03    7.90315210e+00
    1.29965633e+03    1.27657954e+01
    7.49439974e+02    1.03339893e+01
    4.40847031e+02    1.40664479e+01
    2.54212117e+02    8.79665240e+00
    8.97307132e+01   -2.00861320e+00
    5.27827710e+01    2.32615430e+00
    3.16727660e+01    1.31659295e+01
    1.79040623e+01    1.01098077e+01
    1.07434900e+01   -2.42781770e+00
    6.31969980e+00   -2.16095210e+00
1  0
    3.79219150e+00    1.00000000e+00
1  0
    2.23070080e+00    1.00000000e+00
1  0
    1.26097630e+00    1.00000000e+00
1  0
    7.41750700e-01    1.00000000e+00
1  0
    2.67082600e-01    1.00000000e+00
1  0
    1.54011800e-01    1.00000000e+00
1  0
    9.05952000e-02    1.00000000e+00
1  1
    2.71992750e+00    1.00000000e+00
1  1
    1.17437330e+00    1.00000000e+00
1  1
    5.06876200e-01    1.00000000e+00
1  1
    2.18728700e-01    1.00000000e+00
1  1
    9.43798000e-02    1.00000000e+00
1  2
    1.15225001e+01    1.00000000e+00
1  2
    3.77930490e+00    1.00000000e+00
1  2
    1.25286320e+00    1.00000000e+00
1  2
    4.18018200e-01    1.00000000e+00
1  2
    1.39773200e-01    1.00000000e+00
2  3
    6.96465220e+00   -2.41200000e-03
    2.41709220e+00   -4.92190000e-03
1  3
    8.41578900e-01    1.00000000e+00
1  4
    5.93661520e+00    1.00000000e+00
1  4
    1.43121600e+00    1.00000000e+00
1  4
    3.46519200e-01    1.00000000e+00
