14
3  0
    8.89949100e+03    6.17060000e-02
    1.34676400e+03    3.69454000e-01
    2.95635200e+02    6.88434000e-01
3  0
    3.99313900e+02   -1.12144000e-01
    8.65935600e+01    8.60110000e-02
    2.76390400e+01    9.67433000e-01
3  1
    3.99313900e+02    1.50066000e-01
    8.65935600e+01    6.00769000e-01
    2.76390400e+01    4.10386000e-01
3  0
    2.25029200e+01   -1.42230600e+00
    1.94917100e+01    1.28418500e+00
    4.27818000e+00    1.01086600e+00
3  1
    2.25029200e+01   -6.68066000e-01
    1.94917100e+01    1.03034600e+00
    4.27818000e+00    7.28348000e-01
3  0
    4.16302100e+00   -3.96423000e-01
    1.43530500e+00    4.37079000e-01
    5.43782000e-01    8.14846000e-01
3  1
    4.16302100e+00    2.96300000e-03
    1.43530500e+00    4.79147000e-01
    5.43782000e-01    5.86487000e-01
2  0
    6.31801000e-01   -3.03362000e-01
    7.32580000e-02    1.10841300e+00
2  1
    6.31801000e-01   -1.07900000e-03
    7.32580000e-02    1.00031300e+00
1  0
    2.80250000e-02    1.00000000e+00
1  1
    2.80250000e-02    1.00000000e+00
3  2
    6.37804500e+01    1.31739000e-01
    1.73735800e+01    4.98532000e-01
    5.23078400e+00    5.78178000e-01
2  2
    2.27093700e+00    3.11264000e-01
    7.54653000e-01    7.81034000e-01
1  2
    2.35142000e-01    1.00000000e+00
