20
1  0
    1.64062000e+05    1.00000000e+00
1  0
    2.73440000e+04    1.00000000e+00
1  0
    5.46900000e+03    1.00000000e+00
1  0
    1.09400000e+03    1.00000000e+00
1  0
    2.19000000e+02    1.00000000e+00
1  10
    5.25000000e+01    1.00000000e+00
1  10
    5.25000000e+01    1.00000000e+00
1  10
    8.75000000e+00    1.00000000e+00
1  10
    8.75000000e+00    1.00000000e+00
1  10
    1.75000000e+00    1.00000000e+00
1  10
    1.75000000e+00    1.00000000e+00
1  10
    3.50000000e-01    1.00000000e+00
1  10
    3.50000000e-01    1.00000000e+00
1  10
    7.00000000e-02    1.00000000e+00
1  10
    7.00000000e-02    1.00000000e+00
1  2
    5.25000000e+01    1.00000000e+00
1  2
    8.75000000e+00    1.00000000e+00
1  2
    1.75000000e+00    1.00000000e+00
1  2
    3.50000000e-01    1.00000000e+00
1  2
    7.00000000e-02    1.00000000e+00
