11 
 6    0 
  6293.4800000     1.9697900E-03    
   949.0440000     1.4961300E-02    
   218.7760000     7.3500600E-02    
    63.6916000     2.4893700E-01    
    18.8282000     6.0246000E-01    
     2.7202300     2.5620200E-01    
 3    0 
    30.6331000     1.1190600E-01    
     7.0261400     9.2166600E-01    
     2.1120500    -2.5691900E-03    
 3    1 
    30.6331000     3.8311900E-02    
     7.0261400     2.3740300E-01    
     2.1120500     8.1759200E-01    
 1    0 
     0.6840090     1.0000000E+00    
 1    1 
     0.6840090     1.0000000E+00    
 1    0 
     0.2008780     1.0000000E+00    
 1    1 
     0.2008780     1.0000000E+00    
 1    0 
     0.0639000     1.0000000E+00    
 1    1 
     0.0639000     1.0000000E+00    
 1    2 
     1.8260000     1.0000000E+00    
 1    2 
     0.4565000     1.0000000E+00    
