5
6  0
    4.17351100e+03    1.83480000e-03
    6.27457900e+02    1.39950000e-02
    1.42902100e+02    6.85870000e-02
    4.02343300e+01    2.32241000e-01
    1.28202100e+01    4.69070000e-01
    4.39043700e+00    3.60455000e-01
3  10
    1.16263580e+01   -1.14961000e-01
    2.71628000e+00   -1.69118000e-01
    7.72218000e-01    1.14585200e+00
3  10
    1.16263580e+01    6.75800000e-02
    2.71628000e+00    3.23907000e-01
    7.72218000e-01    7.40895000e-01
1  10
    2.12031300e-01    1.00000000e+00
1  10
    2.12031300e-01    1.00000000e+00
