59
1  0
    6.50814000e+02    1.00000000e+00
1  0
    1.51573000e+02    1.00000000e+00
1  0
    5.50354000e+01    1.00000000e+00
1  0
    2.14293000e+01    1.00000000e+00
1  0
    1.10466000e+01    1.00000000e+00
1  0
    6.42793000e+00    1.00000000e+00
1  0
    3.54773000e+00    1.00000000e+00
1  0
    1.96223000e+00    1.00000000e+00
1  0
    1.05790000e+00    1.00000000e+00
1  0
    5.80578000e-01    1.00000000e+00
1  0
    3.12876000e-01    1.00000000e+00
1  0
    1.69991000e-01    1.00000000e+00
1  1
    1.02826000e+02    1.00000000e+00
1  1
    2.81308000e+01    1.00000000e+00
1  1
    1.23218000e+01    1.00000000e+00
1  1
    5.24131000e+00    1.00000000e+00
1  1
    3.02921000e+00    1.00000000e+00
1  1
    1.61033000e+00    1.00000000e+00
1  1
    9.98185000e-01    1.00000000e+00
1  1
    6.34616000e-01    1.00000000e+00
1  1
    3.60364000e-01    1.00000000e+00
1  1
    1.95981000e-01    1.00000000e+00
1  2
    2.07886000e+01    1.00000000e+00
1  2
    7.47507000e+00    1.00000000e+00
1  2
    3.64289000e+00    1.00000000e+00
1  2
    2.19798000e+00    1.00000000e+00
1  2
    1.52362000e+00    1.00000000e+00
1  2
    8.69999000e-01    1.00000000e+00
1  2
    4.41121000e-01    1.00000000e+00
1  2
    2.11860000e-01    1.00000000e+00
1  3
    1.41588000e+01    1.00000000e+00
1  3
    6.40199000e+00    1.00000000e+00
1  3
    4.10584000e+00    1.00000000e+00
1  3
    2.24079000e+00    1.00000000e+00
1  3
    1.18159000e+00    1.00000000e+00
1  3
    8.01505000e-01    1.00000000e+00
1  3
    4.34201000e-01    1.00000000e+00
1  4
    1.06228000e+01    1.00000000e+00
1  4
    4.61385000e+00    1.00000000e+00
1  4
    2.79274000e+00    1.00000000e+00
1  4
    1.85411000e+00    1.00000000e+00
1  4
    1.08925000e+00    1.00000000e+00
1  4
    5.65926000e-01    1.00000000e+00
1  5
    5.75134000e+00    1.00000000e+00
1  5
    3.36177000e+00    1.00000000e+00
1  5
    1.76892000e+00    1.00000000e+00
1  5
    1.09014000e+00    1.00000000e+00
1  6
    4.33448000e+00    1.00000000e+00
1  6
    2.69777000e+00    1.00000000e+00
1  6
    1.59888000e+00    1.00000000e+00
1  7
    2.82143000e+00    1.00000000e+00
1  0
    9.23591000e-02    1.00000000e+00
1  1
    1.06583000e-01    1.00000000e+00
1  2
    1.01751000e-01    1.00000000e+00
1  3
    2.09670000e-01    1.00000000e+00
1  4
    2.90130000e-01    1.00000000e+00
1  5
    5.36158000e-01    1.00000000e+00
1  6
    8.45763000e-01    1.00000000e+00
1  7
    1.40219000e+00    1.00000000e+00
