30 
 1    0 
   284.7297683     1.0000000E+00    
 1    0 
    61.8121302     1.0000000E+00    
 1    0 
    14.1333788     1.0000000E+00    
 1    0 
     5.1587108     1.0000000E+00    
 1    0 
     2.0549150     1.0000000E+00    
 1    0 
     1.1370573     1.0000000E+00    
 1    0 
     0.5948153     1.0000000E+00    
 1    0 
     0.3586068     1.0000000E+00    
 1    1 
    66.7499559     1.0000000E+00    
 1    1 
    16.9247864     1.0000000E+00    
 1    1 
     5.0303493     1.0000000E+00    
 1    1 
     2.8212238     1.0000000E+00    
 1    1 
     1.7003362     1.0000000E+00    
 1    1 
     0.6950735     1.0000000E+00    
 1    1 
     0.3495370     1.0000000E+00    
 1    2 
    25.1362075     1.0000000E+00    
 1    2 
     8.3552240     1.0000000E+00    
 1    2 
     3.3625287     1.0000000E+00    
 1    2 
     1.4989771     1.0000000E+00    
 1    2 
     0.7409318     1.0000000E+00    
 1    2 
     0.4694883     1.0000000E+00    
 1    3 
     8.4797651     1.0000000E+00    
 1    3 
     3.6173570     1.0000000E+00    
 1    3 
     2.4953599     1.0000000E+00    
 1    3 
     1.0331340     1.0000000E+00    
 1    3 
     0.4815335     1.0000000E+00    
 1    4 
     4.1850847     1.0000000E+00    
 1    4 
     1.9255349     1.0000000E+00    
 1    4 
     0.9707736     1.0000000E+00    
 1    5 
     2.1281915     1.0000000E+00    
