3
6  0
    1.02782846e+03    9.16359628e-03
    1.88451223e+02    4.93614929e-02
    5.27218610e+01    1.68538305e-01
    1.81113822e+01    3.70562800e-01
    7.03317969e+00    4.16491530e-01
    2.89665179e+00    1.30334084e-01
6  10
    3.91988079e+01   -1.32527881e-02
    7.75846707e+00   -4.69917101e-02
    2.41132578e+00   -3.37853715e-02
    9.27723944e-01    2.50241786e-01
    4.02911141e-01    5.95117253e-01
    1.84683655e-01    2.40706176e-01
6  10
    3.91988079e+01    3.75969660e-03
    7.75846707e+00    3.76793698e-02
    2.41132578e+00    1.73896744e-01
    9.27723944e-01    4.18036435e-01
    4.02911141e-01    4.25859548e-01
    1.84683655e-01    1.01708296e-01
