10
5    0
  11913.4167560             -0.52297017365E-03      
   1786.7213834             -0.40428404036E-02      
    406.59012834            -0.20772715125E-01      
    114.92525065            -0.81183137849E-01      
     37.105883422           -0.23871497395    
1    0
     12.971676198            1.0000000000     
1    0
      4.7302291164           1.0000000000     
1    0
      1.2525184258           1.0000000000     
1    0
      0.51260071231          1.0000000000     
1    0
      0.17939714002          1.0000000000     
4    1
     49.218758392            0.55526953476E-02      
     11.348935304            0.38054617957E-01      
      3.4285088246           0.14941412242    
      1.1799512559           0.34898187368    
1    1
      0.41726122577          1.0000000000     
1    1
      0.14295131280          1.0000000000    
1    2
      1.0000000              1.0000000
