7
3  0
    5.47613000e+02    6.74911000e-02
    8.20678000e+01    3.93505000e-01
    1.76917000e+01    6.65605000e-01
3  0
    1.75407000e+01   -1.11937000e-01
    3.79398000e+00    2.54654000e-01
    9.06441000e-01    8.44417000e-01
3  1
    1.75407000e+01    1.28233000e-01
    3.79398000e+00    4.71533000e-01
    9.06441000e-01    6.04273000e-01
2  0
    5.01824000e-01   -2.19660000e-01
    6.09458000e-02    1.08912000e+00
2  1
    5.01824000e-01    9.06650000e-03
    6.09458000e-02    9.97202000e-01
1  0
    2.44349000e-02    1.00000000e+00
1  1
    2.44349000e-02    1.00000000e+00
