38
1  0
    2.14738000e+02    1.00000000e+00
1  0
    4.86437000e+01    1.00000000e+00
1  0
    1.63062000e+01    1.00000000e+00
1  0
    9.60658000e+00    1.00000000e+00
1  0
    3.49236000e+00    1.00000000e+00
1  0
    1.31021000e+00    1.00000000e+00
1  0
    6.08485000e-01    1.00000000e+00
1  0
    3.52171000e-01    1.00000000e+00
1  0
    1.85033000e-01    1.00000000e+00
1  0
    8.82043000e-02    1.00000000e+00
1  0
    5.06201000e-02    1.00000000e+00
1  1
    6.78947000e+01    1.00000000e+00
1  1
    2.55016000e+01    1.00000000e+00
1  1
    6.26963000e+00    1.00000000e+00
1  1
    2.29751000e+00    1.00000000e+00
1  1
    1.32529000e+00    1.00000000e+00
1  1
    5.34763000e-01    1.00000000e+00
1  1
    2.80666000e-01    1.00000000e+00
1  1
    1.39646000e-01    1.00000000e+00
1  1
    6.70942000e-02    1.00000000e+00
1  2
    2.93304000e+01    1.00000000e+00
1  2
    8.49100000e+00    1.00000000e+00
1  2
    3.17181000e+00    1.00000000e+00
1  2
    1.40043000e+00    1.00000000e+00
1  2
    7.17681000e-01    1.00000000e+00
1  2
    4.07893000e-01    1.00000000e+00
1  2
    2.69587000e-01    1.00000000e+00
1  2
    1.21099000e-01    1.00000000e+00
1  3
    4.80280000e+00    1.00000000e+00
1  3
    2.19080000e+00    1.00000000e+00
1  3
    8.38895000e-01    1.00000000e+00
1  3
    3.58626000e-01    1.00000000e+00
1  3
    2.15661000e-01    1.00000000e+00
1  3
    1.17546000e-01    1.00000000e+00
1  4
    1.36508000e+00    1.00000000e+00
1  4
    5.78782000e-01    1.00000000e+00
1  4
    2.97583000e-01    1.00000000e+00
1  5
    6.48943000e-01    1.00000000e+00
