23 
19    0 
1224000.0000000     5.0000000E-06    
183200.0000000     3.7000000E-05    
 41700.0000000     1.9600000E-04    
 11810.0000000     8.2700000E-04    
  3853.0000000     3.0030000E-03    
  1391.0000000     9.7030000E-03    
   542.5000000     2.8234000E-02    
   224.9000000     7.3206000E-02    
    97.9300000     1.6289700E-01    
    44.3100000     2.8870800E-01    
    20.6500000     3.4682900E-01    
     9.7290000     2.0686500E-01    
     4.2280000     3.2801000E-02    
     1.9690000    -6.4800000E-04    
     0.8890000     1.4590000E-03    
     0.3964000    -1.7800000E-04    
     0.0699300     9.1000000E-05    
     0.0328900    -8.3000000E-05    
     0.0161200     2.9000000E-05    
19    0 
1224000.0000000    -1.0000000E-06    
183200.0000000    -9.0000000E-06    
 41700.0000000    -4.8000000E-05    
 11810.0000000    -2.0200000E-04    
  3853.0000000    -7.3600000E-04    
  1391.0000000    -2.3870000E-03    
   542.5000000    -7.0500000E-03    
   224.9000000    -1.8786000E-02    
    97.9300000    -4.4615000E-02    
    44.3100000    -8.9774000E-02    
    20.6500000    -1.4294000E-01    
     9.7290000    -1.2431500E-01    
     4.2280000     9.9965000E-02    
     1.9690000     4.1708000E-01    
     0.8890000     4.7512300E-01    
     0.3964000     1.6326800E-01    
     0.0699300     3.0950000E-03    
     0.0328900    -1.5530000E-03    
     0.0161200     5.5800000E-04    
18    0 
183200.0000000     1.0000000E-06    
 41700.0000000     7.0000000E-06    
 11810.0000000     3.0000000E-05    
  3853.0000000     1.1100000E-04    
  1391.0000000     3.5900000E-04    
   542.5000000     1.0630000E-03    
   224.9000000     2.8270000E-03    
    97.9300000     6.7670000E-03    
    44.3100000     1.3648000E-02    
    20.6500000     2.2281000E-02    
     9.7290000     1.9601000E-02    
     4.2280000    -1.6771000E-02    
     1.9690000    -7.7373000E-02    
     0.8890000    -1.1350100E-01    
     0.3964000    -1.3913000E-01    
     0.0699300     4.4008300E-01    
     0.0328900     5.3895200E-01    
     0.0161200     1.3388900E-01    
 1    0 
     0.3964000     1.0000000E+00    
 1    0 
     0.0699300     1.0000000E+00    
 1    0 
     0.0328900     1.0000000E+00    
 1    0 
     0.0161200     1.0000000E+00    
12    1 
   413.4000000     9.0800000E-04    
    97.9800000     7.4180000E-03    
    31.3700000     3.5746000E-02    
    11.6200000     1.1852000E-01    
     4.6710000     2.6140300E-01    
     1.9180000     3.7839500E-01    
     0.7775000     3.3463200E-01    
     0.3013000     1.2684400E-01    
     0.2275000    -1.4712000E-02    
     0.0752700     5.6860000E-03    
     0.0312600    -1.7100000E-03    
     0.0134200     5.4700000E-04    
12    1 
   413.4000000    -9.0000000E-05    
    97.9800000    -7.3900000E-04    
    31.3700000    -3.5730000E-03    
    11.6200000    -1.2014000E-02    
     4.6710000    -2.6718000E-02    
     1.9180000    -3.9275000E-02    
     0.7775000    -3.7608000E-02    
     0.3013000    -4.3323000E-02    
     0.2275000     5.1800000E-02    
     0.0752700     2.6019400E-01    
     0.0312600     5.4968100E-01    
     0.0134200     2.8187200E-01    
 1    1 
     0.2275000     1.0000000E+00    
 1    1 
     0.0752700     1.0000000E+00    
 1    1 
     0.0312600     1.0000000E+00    
 1    1 
     0.0134200     1.0000000E+00    
 1    2 
     0.2734000     1.0000000E+00    
 1    2 
     0.1538000     1.0000000E+00    
 1    2 
     0.0865000     1.0000000E+00    
 1    2 
     0.0487000     1.0000000E+00    
 1    3 
     0.4000000     1.0000000E+00    
 1    3 
     0.1912000     1.0000000E+00    
 1    3 
     0.1036000     1.0000000E+00    
 1    4 
     0.4250000     1.0000000E+00    
 1    4 
     0.1722000     1.0000000E+00    
 1    5 
     0.2000000     1.0000000E+00    
