11
3  0
    3.61074286e+03    1.54328967e-01
    6.57701320e+02    5.35328142e-01
    1.77999644e+02    4.44634542e-01
3  10
    3.10067573e+02   -9.99672292e-02
    7.20530357e+01    3.99512826e-01
    2.34338835e+01    7.00115469e-01
3  10
    3.10067573e+02    1.55916275e-01
    7.20530357e+01    6.07683719e-01
    2.34338835e+01    3.91957393e-01
3  10
    3.30199786e+01   -2.27763502e-01
    1.00721459e+01    2.17543604e-01
    3.88614703e+00    9.16676961e-01
3  10
    3.30199786e+01    4.95151110e-03
    1.00721459e+01    5.77766469e-01
    3.88614703e+00    4.84646037e-01
3  10
    3.14479843e+00   -3.30610063e-01
    1.22456821e+00    5.76109533e-02
    5.39057940e-01    1.15578745e+00
3  10
    3.14479843e+00   -1.28392763e-01
    1.22456821e+00    5.85204764e-01
    5.39057940e-01    5.43944204e-01
3  10
    4.86993992e-01   -3.84264261e-01
    2.62216157e-01   -1.97256744e-01
    1.15825488e-01    1.37549551e+00
3  10
    4.86993992e-01   -3.48169153e-01
    2.62216157e-01    6.29032369e-01
    1.15825488e-01    6.66283274e-01
3  2
    3.30199786e+01    2.19767951e-01
    1.00721459e+01    6.55547363e-01
    3.88614703e+00    2.86573259e-01
3  2
    1.34487887e+00    1.25066214e-01
    5.23688859e-01    6.68678558e-01
    2.30529125e-01    3.05246825e-01
