6
6  0
    8.42585153e+03    1.88434810e-03
    1.26851940e+03    1.43368994e-02
    2.89621414e+02    7.01096233e-02
    8.18590040e+01    2.37373266e-01
    2.62515079e+01    4.73007126e-01
    9.09472051e+00    3.48401241e-01
3  10
    2.65321310e+01   -1.07118287e-01
    6.10175501e+00   -1.46163821e-01
    1.69627153e+00    1.12777350e+00
3  10
    2.65321310e+01    7.19095885e-02
    6.10175501e+00    3.49513372e-01
    1.69627153e+00    7.19940512e-01
1  10
    4.45818700e-01    1.00000000e+00
1  10
    4.45818700e-01    1.00000000e+00
1  2
    8.00000000e-01    1.00000000e+00
