15 
12    0 
 99920.0000000     8.6000000E-05    
 14960.0000000     6.6900000E-04    
  3399.0000000     3.5180000E-03    
   958.9000000     1.4667000E-02    
   311.2000000     5.0962000E-02    
   111.7000000     1.4374400E-01    
    43.3200000     3.0456200E-01    
    17.8000000     4.0010500E-01    
     7.5030000     2.1864400E-01    
     2.3370000     1.8664000E-02    
     0.9001000    -2.1670000E-03    
     0.3301000     9.5100000E-04    
12    0 
 99920.0000000    -2.0000000E-05    
 14960.0000000    -1.5800000E-04    
  3399.0000000    -8.2400000E-04    
   958.9000000    -3.5000000E-03    
   311.2000000    -1.2233000E-02    
   111.7000000    -3.7017000E-02    
    43.3200000    -8.6113000E-02    
    17.8000000    -1.5838100E-01    
     7.5030000    -1.1428800E-01    
     2.3370000     2.9819100E-01    
     0.9001000     5.8578400E-01    
     0.3301000     2.7246700E-01    
 1    0 
     2.3370000     1.0000000E+00    
 1    0 
     0.9001000     1.0000000E+00    
 1    0 
     0.3301000     1.0000000E+00    
 6    1 
    99.6800000     6.5660000E-03    
    23.1500000     4.5979000E-02    
     7.1080000     1.7341900E-01    
     2.4410000     3.6457100E-01    
     0.8339000     4.3818500E-01    
     0.2662000     2.4168000E-01    
 1    1 
     2.4410000     1.0000000E+00    
 1    1 
     0.8339000     1.0000000E+00    
 1    1 
     0.2662000     1.0000000E+00    
 1    2 
     6.4710000     1.0000000E+00    
 1    2 
     2.2130000     1.0000000E+00    
 1    2 
     0.7470000     1.0000000E+00    
 1    3 
     4.6570000     1.0000000E+00    
 1    3 
     1.5240000     1.0000000E+00    
 1    4 
     2.9830000     1.0000000E+00    
