17
9  0
    9.99200000e+04    8.60000000e-05
    1.49600000e+04    6.69000000e-04
    3.39900000e+03    3.51800000e-03
    9.58900000e+02    1.46670000e-02
    3.11200000e+02    5.09620000e-02
    1.11700000e+02    1.43744000e-01
    4.33200000e+01    3.04562000e-01
    1.78000000e+01    4.00105000e-01
    7.50300000e+00    2.18644000e-01
9  0
    9.99200000e+04   -2.00000000e-05
    1.49600000e+04   -1.58000000e-04
    3.39900000e+03   -8.24000000e-04
    9.58900000e+02   -3.50000000e-03
    3.11200000e+02   -1.22330000e-02
    1.11700000e+02   -3.70170000e-02
    4.33200000e+01   -8.61130000e-02
    1.78000000e+01   -1.58381000e-01
    7.50300000e+00   -1.14288000e-01
1  0
    2.33700000e+00    1.00000000e+00
1  0
    9.00100000e-01    1.00000000e+00
1  0
    3.30100000e-01    1.00000000e+00
1  0
    1.05400000e-01    1.00000000e+00
3  1
    9.96800000e+01    6.56600000e-03
    2.31500000e+01    4.59790000e-02
    7.10800000e+00    1.73419000e-01
1  1
    2.44100000e+00    1.00000000e+00
1  1
    8.33900000e-01    1.00000000e+00
1  1
    2.66200000e-01    1.00000000e+00
1  1
    8.17800000e-02    1.00000000e+00
1  2
    6.47100000e+00    1.00000000e+00
1  2
    2.21300000e+00    1.00000000e+00
1  2
    7.47000000e-01    1.00000000e+00
1  3
    4.65700000e+00    1.00000000e+00
1  3
    1.52400000e+00    1.00000000e+00
1  4
    2.98300000e+00    1.00000000e+00
