3
6  0
    2.14695548e+03    9.16359628e-03
    3.93641936e+02    4.93614929e-02
    1.10126828e+02    1.68538305e-01
    3.78315378e+01    3.70562800e-01
    1.46910932e+01    4.16491530e-01
    6.05060347e+00    1.30334084e-01
6  0
    8.55044292e+01   -1.32527881e-02
    1.69235580e+01   -4.69917101e-02
    5.25982921e+00   -3.37853715e-02
    2.02364589e+00    2.50241786e-01
    8.78870787e-01    5.95117253e-01
    4.02850785e-01    2.40706176e-01
6  1
    8.55044292e+01    3.75969660e-03
    1.69235580e+01    3.76793698e-02
    5.25982921e+00    1.73896744e-01
    2.02364589e+00    4.18036435e-01
    8.78870787e-01    4.25859548e-01
    4.02850785e-01    1.01708296e-01
