23
12  0
    2.25639788e+04    2.34716330e+00
    4.59270851e+03    9.49290550e+00
    1.58917240e+03    1.62456582e+01
    9.34807270e+02    1.12020312e+01
    5.49886614e+02    1.69261542e+01
    3.23462705e+02    1.01481287e+01
    1.11924805e+02   -2.80267980e+00
    6.58381188e+01    4.54605840e+00
    3.87283041e+01    1.63485067e+01
    2.27813547e+01    1.06984945e+01
    1.34007965e+01   -3.96700800e+00
    7.88282130e+00   -1.78084780e+00
1  0
    4.63695360e+00    1.00000000e+00
1  0
    2.72761970e+00    1.00000000e+00
1  0
    1.60448210e+00    1.00000000e+00
1  0
    9.43813000e-01    1.00000000e+00
1  0
    5.55184100e-01    1.00000000e+00
1  0
    3.26578900e-01    1.00000000e+00
1  0
    1.13003100e-01    1.00000000e+00
1  1
    3.18754280e+00    1.00000000e+00
1  1
    1.28964580e+00    1.00000000e+00
1  1
    5.28944200e-01    1.00000000e+00
1  1
    2.18747700e-01    1.00000000e+00
1  1
    9.07155000e-02    1.00000000e+00
1  2
    9.70326580e+00    1.00000000e+00
1  2
    3.97646880e+00    1.00000000e+00
1  2
    1.62958560e+00    1.00000000e+00
1  2
    6.72327200e-01    1.00000000e+00
1  2
    2.78514700e-01    1.00000000e+00
2  3
    2.23940710e+00   -6.66920000e-03
    6.52337800e-01    8.35700000e-03
1  3
    1.91037300e-01    1.00000000e+00
1  4
    1.59627506e+01    1.00000000e+00
1  4
    5.13214510e+00    1.00000000e+00
1  4
    1.66192050e+00    1.00000000e+00
