5
6  0
    5.48467170e+03    1.83110000e-03
    8.25234950e+02    1.39501000e-02
    1.88046960e+02    6.84451000e-02
    5.29645000e+01    2.32714300e-01
    1.68975700e+01    4.70193000e-01
    5.79963530e+00    3.58520900e-01
3  10
    1.55396160e+01   -1.10777500e-01
    3.59993360e+00   -1.48026300e-01
    1.01376180e+00    1.13076700e+00
3  10
    1.55396160e+01    7.08743000e-02
    3.59993360e+00    3.39752800e-01
    1.01376180e+00    7.27158600e-01
1  10
    2.70005800e-01    1.00000000e+00
1  10
    2.70005800e-01    1.00000000e+00
