22 
 1    0 
   109.4610000     1.0000000E+00    
 1    0 
    25.5780000     1.0000000E+00    
 1    0 
     9.5514800     1.0000000E+00    
 1    0 
     2.9396000     1.0000000E+00    
 1    0 
     1.3963800     1.0000000E+00    
 1    0 
     0.9050610     1.0000000E+00    
 1    0 
     0.4213760     1.0000000E+00    
 1    1 
    36.1292000     1.0000000E+00    
 1    1 
    10.8817000     1.0000000E+00    
 1    1 
     3.2059400     1.0000000E+00    
 1    1 
     1.4038700     1.0000000E+00    
 1    1 
     0.6127630     1.0000000E+00    
 1    2 
    15.2511000     1.0000000E+00    
 1    2 
     4.5208700     1.0000000E+00    
 1    2 
     1.8122100     1.0000000E+00    
 1    2 
     0.5922010     1.0000000E+00    
 1    3 
     4.2219400     1.0000000E+00    
 1    3 
     1.7902100     1.0000000E+00    
 1    0 
     0.1217921     1.0000000E+00    
 1    1 
     0.2114430     1.0000000E+00    
 1    2 
     0.1664479     1.0000000E+00    
 1    3 
     0.5846096     1.0000000E+00    
