59
1  0
    8.34216000e+02    1.00000000e+00
1  0
    1.93796000e+02    1.00000000e+00
1  0
    7.08263000e+01    1.00000000e+00
1  0
    2.74957000e+01    1.00000000e+00
1  0
    1.40916000e+01    1.00000000e+00
1  0
    8.23276000e+00    1.00000000e+00
1  0
    4.65927000e+00    1.00000000e+00
1  0
    2.66750000e+00    1.00000000e+00
1  0
    1.43421000e+00    1.00000000e+00
1  0
    7.32249000e-01    1.00000000e+00
1  0
    3.70312000e-01    1.00000000e+00
1  0
    2.01673000e-01    1.00000000e+00
1  1
    1.31316000e+02    1.00000000e+00
1  1
    3.57495000e+01    1.00000000e+00
1  1
    1.60656000e+01    1.00000000e+00
1  1
    6.70193000e+00    1.00000000e+00
1  1
    3.82987000e+00    1.00000000e+00
1  1
    2.05234000e+00    1.00000000e+00
1  1
    1.28232000e+00    1.00000000e+00
1  1
    8.10271000e-01    1.00000000e+00
1  1
    4.57713000e-01    1.00000000e+00
1  1
    2.50970000e-01    1.00000000e+00
1  2
    2.61462000e+01    1.00000000e+00
1  2
    8.60187000e+00    1.00000000e+00
1  2
    5.13598000e+00    1.00000000e+00
1  2
    2.70122000e+00    1.00000000e+00
1  2
    1.79023000e+00    1.00000000e+00
1  2
    1.03875000e+00    1.00000000e+00
1  2
    5.63705000e-01    1.00000000e+00
1  2
    2.37908000e-01    1.00000000e+00
1  3
    1.81722000e+01    1.00000000e+00
1  3
    8.74053000e+00    1.00000000e+00
1  3
    5.13875000e+00    1.00000000e+00
1  3
    2.82934000e+00    1.00000000e+00
1  3
    1.68148000e+00    1.00000000e+00
1  3
    1.04137000e+00    1.00000000e+00
1  3
    5.32208000e-01    1.00000000e+00
1  4
    1.41841000e+01    1.00000000e+00
1  4
    6.46281000e+00    1.00000000e+00
1  4
    3.87572000e+00    1.00000000e+00
1  4
    2.46975000e+00    1.00000000e+00
1  4
    1.43919000e+00    1.00000000e+00
1  4
    7.40336000e-01    1.00000000e+00
1  5
    7.68216000e+00    1.00000000e+00
1  5
    4.26500000e+00    1.00000000e+00
1  5
    2.48600000e+00    1.00000000e+00
1  5
    1.38460000e+00    1.00000000e+00
1  6
    5.56659000e+00    1.00000000e+00
1  6
    3.22446000e+00    1.00000000e+00
1  6
    1.88412000e+00    1.00000000e+00
1  7
    3.73114000e+00    1.00000000e+00
1  0
    1.09832000e-01    1.00000000e+00
1  1
    1.37610000e-01    1.00000000e+00
1  2
    1.00408000e-01    1.00000000e+00
1  3
    2.10630000e-01    1.00000000e+00
1  4
    3.18151000e-01    1.00000000e+00
1  5
    6.23054000e-01    1.00000000e+00
1  6
    1.03965000e+00    1.00000000e+00
1  7
    1.76995000e+00    1.00000000e+00
