46
1  0
    4.88561000e+02    1.00000000e+00
1  0
    1.05279000e+02    1.00000000e+00
1  0
    2.87082000e+01    1.00000000e+00
1  0
    1.48255000e+01    1.00000000e+00
1  0
    5.83154000e+00    1.00000000e+00
1  0
    3.59537000e+00    1.00000000e+00
1  0
    1.94003000e+00    1.00000000e+00
1  0
    1.05859000e+00    1.00000000e+00
1  0
    4.74911000e-01    1.00000000e+00
1  0
    2.51005000e-01    1.00000000e+00
1  1
    9.42566000e+01    1.00000000e+00
1  1
    2.54651000e+01    1.00000000e+00
1  1
    1.10493000e+01    1.00000000e+00
1  1
    4.70876000e+00    1.00000000e+00
1  1
    2.75688000e+00    1.00000000e+00
1  1
    1.27428000e+00    1.00000000e+00
1  1
    6.96641000e-01    1.00000000e+00
1  1
    4.16519000e-01    1.00000000e+00
1  2
    2.19882000e+01    1.00000000e+00
1  2
    7.27442000e+00    1.00000000e+00
1  2
    4.51878000e+00    1.00000000e+00
1  2
    2.71941000e+00    1.00000000e+00
1  2
    1.44213000e+00    1.00000000e+00
1  2
    7.19024000e-01    1.00000000e+00
1  2
    3.03063000e-01    1.00000000e+00
1  3
    1.40987000e+01    1.00000000e+00
1  3
    6.44291000e+00    1.00000000e+00
1  3
    3.72104000e+00    1.00000000e+00
1  3
    2.09374000e+00    1.00000000e+00
1  3
    1.18531000e+00    1.00000000e+00
1  3
    6.21013000e-01    1.00000000e+00
1  4
    7.01407000e+00    1.00000000e+00
1  4
    3.88314000e+00    1.00000000e+00
1  4
    2.03825000e+00    1.00000000e+00
1  4
    1.00781000e+00    1.00000000e+00
1  5
    5.42755000e+00    1.00000000e+00
1  5
    3.22312000e+00    1.00000000e+00
1  5
    1.72401000e+00    1.00000000e+00
1  6
    3.26123000e+00    1.00000000e+00
1  0
    9.66305000e-02    1.00000000e+00
1  1
    1.69976000e-01    1.00000000e+00
1  2
    1.40000000e-01    1.00000000e+00
1  3
    2.38692000e-01    1.00000000e+00
1  4
    4.10343000e-01    1.00000000e+00
1  5
    7.90781000e-01    1.00000000e+00
1  6
    1.38292000e+00    1.00000000e+00
