33
10  0
    1.64200000e+05    2.60000000e-05
    2.45900000e+04    2.05000000e-04
    5.59200000e+03    1.07600000e-03
    1.58200000e+03    4.52200000e-03
    5.16100000e+02    1.61080000e-02
    1.87200000e+02    4.90850000e-02
    7.39300000e+01    1.24857000e-01
    3.12200000e+01    2.51686000e-01
    1.38100000e+01    3.62420000e-01
    6.25600000e+00    2.79051000e-01
10  0
    1.64200000e+05   -6.00000000e-06
    2.45900000e+04   -4.60000000e-05
    5.59200000e+03   -2.44000000e-04
    1.58200000e+03   -1.03100000e-03
    5.16100000e+02   -3.68800000e-03
    1.87200000e+02   -1.15140000e-02
    7.39300000e+01   -3.04350000e-02
    3.12200000e+01   -6.81470000e-02
    1.38100000e+01   -1.20368000e-01
    6.25600000e+00   -1.48260000e-01
1  0
    2.77600000e+00    1.00000000e+00
1  0
    1.13800000e+00    1.00000000e+00
1  0
    4.60000000e-01    1.00000000e+00
1  0
    1.82900000e-01    1.00000000e+00
1  0
    6.55000000e-02    1.00000000e+00
1  0
    2.35000000e-02    1.00000000e+00
4  1
    1.95500000e+02    9.18000000e-04
    4.61600000e+01    7.38800000e-03
    1.45800000e+01    3.49580000e-02
    5.29600000e+00    1.15431000e-01
1  1
    2.09400000e+00    1.00000000e+00
1  1
    8.47100000e-01    1.00000000e+00
1  1
    3.36800000e-01    1.00000000e+00
1  1
    1.28500000e-01    1.00000000e+00
1  1
    4.46000000e-02    1.00000000e+00
1  1
    1.55000000e-02    1.00000000e+00
1  2
    5.87900000e+00    1.00000000e+00
1  2
    2.30700000e+00    1.00000000e+00
1  2
    9.05000000e-01    1.00000000e+00
1  2
    3.55000000e-01    1.00000000e+00
1  2
    1.31000000e-01    1.00000000e+00
1  2
    4.83000000e-02    1.00000000e+00
1  3
    4.01600000e+00    1.00000000e+00
1  3
    1.55400000e+00    1.00000000e+00
1  3
    6.01000000e-01    1.00000000e+00
1  3
    2.37000000e-01    1.00000000e+00
1  3
    9.35000000e-02    1.00000000e+00
1  4
    3.35000000e+00    1.00000000e+00
1  4
    1.18900000e+00    1.00000000e+00
1  4
    5.17000000e-01    1.00000000e+00
1  4
    2.25000000e-01    1.00000000e+00
1  5
    2.31900000e+00    1.00000000e+00
1  5
    1.02400000e+00    1.00000000e+00
1  5
    4.52000000e-01    1.00000000e+00
