13
1  0
    2.00000000e+03    1.00000000e+00
1  0
    4.00000000e+02    1.00000000e+00
1  0
    1.00000000e+02    1.00000000e+00
1  0
    2.50000000e+01    1.00000000e+00
1  10
    7.80000000e+00    1.00000000e+00
1  10
    7.80000000e+00    1.00000000e+00
1  10
    1.56000000e+00    1.00000000e+00
1  10
    1.56000000e+00    1.00000000e+00
1  10
    3.90000000e-01    1.00000000e+00
1  10
    3.90000000e-01    1.00000000e+00
1  2
    7.80000000e+00    1.00000000e+00
1  2
    1.56000000e+00    1.00000000e+00
1  2
    3.90000000e-01    1.00000000e+00
