28 
 1    0 
   366.5453150     1.0000000E+00    
 1    0 
    76.6933149     1.0000000E+00    
 1    0 
    24.5738351     1.0000000E+00    
 1    0 
     8.4165585     1.0000000E+00    
 1    0 
     3.0202080     1.0000000E+00    
 1    0 
     1.3331564     1.0000000E+00    
 1    0 
     0.8125066     1.0000000E+00    
 1    0 
     0.3650525     1.0000000E+00    
 1    1 
    52.8543864     1.0000000E+00    
 1    1 
    15.0217958     1.0000000E+00    
 1    1 
     3.9137719     1.0000000E+00    
 1    1 
     2.1678841     1.0000000E+00    
 1    1 
     0.9741924     1.0000000E+00    
 1    1 
     0.5184562     1.0000000E+00    
 1    2 
    15.9077331     1.0000000E+00    
 1    2 
     5.3799329     1.0000000E+00    
 1    2 
     2.9552624     1.0000000E+00    
 1    2 
     1.1624459     1.0000000E+00    
 1    2 
     0.5035340     1.0000000E+00    
 1    3 
     4.6873847     1.0000000E+00    
 1    3 
     2.1512789     1.0000000E+00    
 1    3 
     1.0894068     1.0000000E+00    
 1    4 
     2.3270965     1.0000000E+00    
 1    0 
     0.1121182     1.0000000E+00    
 1    1 
     0.2135446     1.0000000E+00    
