17 
 9    0 
 61420.0000000     9.0000000E-05    
  9199.0000000     6.9800000E-04    
  2091.0000000     3.6640000E-03    
   590.9000000     1.5218000E-02    
   192.3000000     5.2423000E-02    
    69.3200000     1.4592100E-01    
    26.9700000     3.0525800E-01    
    11.1000000     3.9850800E-01    
     4.6820000     2.1698000E-01    
 9    0 
 61420.0000000    -2.0000000E-05    
  9199.0000000    -1.5900000E-04    
  2091.0000000    -8.2900000E-04    
   590.9000000    -3.5080000E-03    
   192.3000000    -1.2156000E-02    
    69.3200000    -3.6261000E-02    
    26.9700000    -8.2992000E-02    
    11.1000000    -1.5209000E-01    
     4.6820000    -1.1533100E-01    
 1    0 
     1.4280000     1.0000000E+00    
 1    0 
     0.5547000     1.0000000E+00    
 1    0 
     0.2067000     1.0000000E+00    
 1    0 
     0.0695900     1.0000000E+00    
 3    1 
    63.4200000     6.0440000E-03    
    14.6600000     4.1799000E-02    
     4.4590000     1.6114300E-01    
 1    1 
     1.5310000     1.0000000E+00    
 1    1 
     0.5302000     1.0000000E+00    
 1    1 
     0.1750000     1.0000000E+00    
 1    1 
     0.0534800     1.0000000E+00    
 1    2 
     3.7750000     1.0000000E+00    
 1    2 
     1.3000000     1.0000000E+00    
 1    2 
     0.4440000     1.0000000E+00    
 1    3 
     2.6660000     1.0000000E+00    
 1    3 
     0.8590000     1.0000000E+00    
 1    4 
     1.8460000     1.0000000E+00    
