15 
 7    0 
  2876.8216605     1.4435580E-01    
  1004.7443032     2.9200410E-01    
   369.7579954     1.0258517E+00    
   142.9442404     2.2875516E+00    
    57.8366425     3.6080237E+00    
    24.3864983     2.3737865E+00    
    10.6622662     4.8941400E-02    
 1    0 
     4.8070437    -1.2951860E-01    
 1    0 
     2.2210770     7.7471580E-01    
 1    0 
     1.0447795     7.6478160E-01    
 1    0 
     0.4968425     2.3698030E-01    
 1    0 
     0.2371384     2.0809900E-02    
 2    1 
    64.2613382    -1.2665900E-02    
    16.3006076    -3.7874400E-02    
 1    1 
     4.3550542     6.3807800E-02    
 1    1 
     1.2019554     1.6951600E-02    
 1    1 
     0.3354196     6.5743000E-03    
 2    2 
     9.2146611    -5.9791400E-02    
     2.8435251    -8.4672400E-02    
 1    2 
     0.9955759    -4.6606600E-02    
 1    2 
     0.3649441    -9.6978000E-03    
 2    3 
     2.6420115     1.0000000E+00    
     0.7345613     1.0000000E+00    
 1    4 
     1.3931000    -1.6533000E-03    
