44
1  0
    3.53200682e+02    1.00000000e+00
1  0
    1.12775441e+02    1.00000000e+00
1  0
    3.77283190e+01    1.00000000e+00
1  0
    1.10589866e+01    1.00000000e+00
1  0
    6.45659986e+00    1.00000000e+00
1  0
    4.30439924e+00    1.00000000e+00
1  0
    2.34719817e+00    1.00000000e+00
1  0
    6.78273144e-01    1.00000000e+00
1  0
    4.40841492e-01    1.00000000e+00
1  0
    2.93894333e-01    1.00000000e+00
1  0
    1.59341592e-01    1.00000000e+00
1  1
    1.06909131e+02    1.00000000e+00
1  1
    4.87778585e+01    1.00000000e+00
1  1
    1.28495348e+01    1.00000000e+00
1  1
    6.44554313e+00    1.00000000e+00
1  1
    3.33872747e+00    1.00000000e+00
1  1
    1.61948534e+00    1.00000000e+00
1  1
    7.06372105e-01    1.00000000e+00
1  1
    3.95815982e-01    1.00000000e+00
1  1
    2.18651735e-01    1.00000000e+00
1  2
    3.93967669e+01    1.00000000e+00
1  2
    1.25018675e+01    1.00000000e+00
1  2
    6.15227981e+00    1.00000000e+00
1  2
    2.69528734e+00    1.00000000e+00
1  2
    1.20210686e+00    1.00000000e+00
1  2
    6.27827609e-01    1.00000000e+00
1  2
    3.73993752e-01    1.00000000e+00
1  2
    2.00425579e-01    1.00000000e+00
1  3
    1.06452407e+01    1.00000000e+00
1  3
    4.87068546e+00    1.00000000e+00
1  3
    2.26709180e+00    1.00000000e+00
1  3
    9.52829443e-01    1.00000000e+00
1  3
    5.19417521e-01    1.00000000e+00
1  3
    2.76741311e-01    1.00000000e+00
1  4
    2.93147341e+00    1.00000000e+00
1  4
    9.36127195e-01    1.00000000e+00
1  4
    4.79112631e-01    1.00000000e+00
1  5
    8.75738357e-01    1.00000000e+00
1  0
    4.22947354e-02    1.00000000e+00
1  1
    7.68654012e-02    1.00000000e+00
1  2
    7.36622732e-02    1.00000000e+00
1  3
    1.04635343e-01    1.00000000e+00
1  4
    1.90499756e-01    1.00000000e+00
1  5
    3.72326816e-01    1.00000000e+00
