55
1  0
    9.01738000e+02    1.00000000e+00
1  0
    1.97096000e+02    1.00000000e+00
1  0
    8.17523000e+01    1.00000000e+00
1  0
    2.60555000e+01    1.00000000e+00
1  0
    1.09624000e+01    1.00000000e+00
1  0
    4.73765000e+00    1.00000000e+00
1  0
    2.76142000e+00    1.00000000e+00
1  0
    1.22866000e+00    1.00000000e+00
1  0
    6.95379000e-01    1.00000000e+00
1  0
    4.50632000e-01    1.00000000e+00
1  0
    2.30804000e-01    1.00000000e+00
1  0
    1.33265000e-01    1.00000000e+00
1  1
    2.47839000e+02    1.00000000e+00
1  1
    7.49527000e+01    1.00000000e+00
1  1
    2.64368000e+01    1.00000000e+00
1  1
    1.22705000e+01    1.00000000e+00
1  1
    5.68681000e+00    1.00000000e+00
1  1
    2.78401000e+00    1.00000000e+00
1  1
    1.35354000e+00    1.00000000e+00
1  1
    8.37864000e-01    1.00000000e+00
1  1
    5.33820000e-01    1.00000000e+00
1  1
    3.44629000e-01    1.00000000e+00
1  1
    1.54352000e-01    1.00000000e+00
1  2
    7.42653000e+01    1.00000000e+00
1  2
    2.39330000e+01    1.00000000e+00
1  2
    8.16020000e+00    1.00000000e+00
1  2
    4.10323000e+00    1.00000000e+00
1  2
    1.56316000e+00    1.00000000e+00
1  2
    9.96352000e-01    1.00000000e+00
1  2
    5.69553000e-01    1.00000000e+00
1  2
    3.08619000e-01    1.00000000e+00
1  2
    1.66558000e-01    1.00000000e+00
1  3
    1.57312000e+01    1.00000000e+00
1  3
    7.51149000e+00    1.00000000e+00
1  3
    3.57807000e+00    1.00000000e+00
1  3
    1.33775000e+00    1.00000000e+00
1  3
    1.00478000e+00    1.00000000e+00
1  3
    5.55856000e-01    1.00000000e+00
1  3
    2.95632000e-01    1.00000000e+00
1  4
    4.79755000e+00    1.00000000e+00
1  4
    2.06303000e+00    1.00000000e+00
1  4
    1.10554000e+00    1.00000000e+00
1  4
    6.66541000e-01    1.00000000e+00
1  4
    3.40877000e-01    1.00000000e+00
1  5
    2.96271000e+00    1.00000000e+00
1  5
    1.11725000e+00    1.00000000e+00
1  5
    6.34887000e-01    1.00000000e+00
1  6
    1.02647000e+00    1.00000000e+00
1  0
    6.00000000e-02    1.00000000e+00
1  1
    7.31432000e-02    1.00000000e+00
1  2
    8.50000000e-02    1.00000000e+00
1  3
    1.18159000e-01    1.00000000e+00
1  4
    1.44111000e-01    1.00000000e+00
1  5
    2.85227000e-01    1.00000000e+00
1  6
    5.29798000e-01    1.00000000e+00
