23 
20    0 
4666000.0000000     1.9675900E-06    
698600.0000000     1.5296300E-05    
159000.0000000     8.0482600E-05    
 45040.0000000     3.3973700E-04    
 14720.0000000     1.2329100E-03    
  5323.0000000     4.0134500E-03    
  2076.0000000     1.1912400E-02    
   861.1000000     3.2251100E-02    
   375.7000000     7.8664300E-02    
   170.8000000     1.6645800E-01    
    80.2900000     2.8303900E-01    
    38.7700000     3.3194200E-01    
    18.9300000     2.0335200E-01    
     8.7960000     3.8318300E-02    
     4.3580000    -3.8472000E-04    
     2.1740000     1.5874400E-03    
     1.0950000    -4.1338000E-04    
     0.4400000     1.5283700E-04    
     0.1945000    -8.2703100E-05    
     0.0837600     1.8413300E-05    
20    0 
4666000.0000000    -5.3415300E-07    
698600.0000000    -4.1542200E-06    
159000.0000000    -2.1848400E-05    
 45040.0000000    -9.2327200E-05    
 14720.0000000    -3.3510900E-04    
  5323.0000000    -1.0950800E-03    
  2076.0000000    -3.2679800E-03    
   861.1000000    -8.9995100E-03    
   375.7000000    -2.2652800E-02    
   170.8000000    -5.1465000E-02    
    80.2900000    -1.0018600E-01    
    38.7700000    -1.5507500E-01    
    18.9300000    -1.3381800E-01    
     8.7960000     8.7836100E-02    
     4.3580000     4.2258100E-01    
     2.1740000     4.7489900E-01    
     1.0950000     1.6500200E-01    
     0.4400000     8.4686200E-03    
     0.1945000    -2.9176200E-04    
     0.0837600     2.8534100E-04    
20    0 
4666000.0000000     1.4677600E-07    
698600.0000000     1.1406400E-06    
159000.0000000     6.0056800E-06    
 45040.0000000     2.5342700E-05    
 14720.0000000     9.2160600E-05    
  5323.0000000     3.0056300E-04    
  2076.0000000     8.9988400E-04    
   861.1000000     2.4735400E-03    
   375.7000000     6.2681200E-03    
   170.8000000     1.4259800E-02    
    80.2900000     2.8276900E-02    
    38.7700000     4.4512400E-02    
    18.9300000     4.0721700E-02    
     8.7960000    -3.0190800E-02    
     4.3580000    -1.5289400E-01    
     2.1740000    -2.8241100E-01    
     1.0950000    -1.4852200E-01    
     0.4400000     3.9356300E-01    
     0.1945000     6.1732700E-01    
     0.0837600     2.1461200E-01    
 1    0 
     1.0950000     1.0000000E+00    
 1    0 
     0.4400000     1.0000000E+00    
 1    0 
     0.1945000     1.0000000E+00    
 1    0 
     0.0837600     1.0000000E+00    
12    1 
  2010.0000000     2.1591500E-04    
   476.3000000     1.8753600E-03    
   154.4000000     1.0174200E-02    
    58.5100000     3.9985600E-02    
    24.4000000     1.1856300E-01    
    10.8000000     2.5181600E-01    
     4.9130000     3.6656500E-01    
     2.2690000     3.1617700E-01    
     1.0430000     1.0470000E-01    
     0.4313000     6.0986200E-03    
     0.1767000     5.0207700E-04    
     0.0700900    -2.9561800E-05    
12    1 
  2010.0000000    -5.1144400E-05    
   476.3000000    -4.4835600E-04    
   154.4000000    -2.4234000E-03    
    58.5100000    -9.6982600E-03    
    24.4000000    -2.9096500E-02    
    10.8000000    -6.4172600E-02    
     4.9130000    -9.4507100E-02    
     2.2690000    -9.3470000E-02    
     1.0430000     5.2061100E-02    
     0.4313000     3.7462400E-01    
     0.1767000     5.0909700E-01    
     0.0700900     2.1511600E-01    
 1    1 
     1.0430000     1.0000000E+00    
 1    1 
     0.4313000     1.0000000E+00    
 1    1 
     0.1767000     1.0000000E+00    
 1    1 
     0.0700900     1.0000000E+00    
 1    2 
     0.1660000     1.0000000E+00    
 1    2 
     0.4180000     1.0000000E+00    
 1    2 
     1.0540000     1.0000000E+00    
 1    2 
     2.6560000     1.0000000E+00    
 1    3 
     0.2190000     1.0000000E+00    
 1    3 
     0.4500000     1.0000000E+00    
 1    3 
     0.9230000     1.0000000E+00    
 1    4 
     0.4120000     1.0000000E+00    
 1    4 
     0.9030000     1.0000000E+00    
 1    5 
     0.7450000     1.0000000E+00    
