5
6  0
    4.85741237e+03    9.16359628e-03
    8.90601241e+02    4.93614929e-02
    2.49158133e+02    1.68538305e-01
    8.55925433e+01    3.70562800e-01
    3.32380893e+01    4.16491530e-01
    1.36892807e+01    1.30334084e-01
6  0
    2.90664959e+02   -1.32527881e-02
    5.75301810e+01   -4.69917101e-02
    1.78803374e+01   -3.37853715e-02
    6.87921028e+00    2.50241786e-01
    2.98764571e+00    5.95117253e-01
    1.36945662e+00    2.40706176e-01
6  1
    2.90664959e+02    3.75969660e-03
    5.75301810e+01    3.76793698e-02
    1.78803374e+01    1.73896744e-01
    6.87921028e+00    4.18036435e-01
    2.98764571e+00    4.25859548e-01
    1.36945662e+00    1.01708296e-01
6  0
    1.11193965e+01   -7.94312640e-03
    2.97787427e+00   -7.10026417e-02
    1.11673449e+00   -1.78502693e-01
    4.99870887e-01    1.51063506e-01
    2.47360628e-01    7.35491477e-01
    1.27481146e-01    2.76059312e-01
6  1
    1.11193965e+01   -7.13935891e-03
    2.97787427e+00   -1.82927707e-02
    1.11673449e+00    7.62162143e-02
    4.99870887e-01    4.14509860e-01
    2.47360628e-01    4.88962147e-01
    1.27481146e-01    1.05881652e-01
