23
4  0
    5.10211803e+01    5.38811000e-02
    1.76543867e+01   -1.36085990e+00
    1.03849330e+01    5.93228630e+00
    6.23157040e+00   -7.86596860e+00
1  0
    3.66562950e+00    1.00000000e+00
1  0
    2.19959330e+00    1.00000000e+00
1  0
    1.26838390e+00    1.00000000e+00
1  0
    7.46108100e-01    1.00000000e+00
1  0
    4.47708700e-01    1.00000000e+00
1  0
    2.58168900e-01    1.00000000e+00
1  0
    1.51864000e-01    1.00000000e+00
1  1
    5.69996760e+00    1.00000000e+00
1  1
    2.51553740e+00    1.00000000e+00
1  1
    1.12295240e+00    1.00000000e+00
1  1
    5.04780800e-01    1.00000000e+00
1  1
    2.27432500e-01    1.00000000e+00
1  2
    3.80060020e+00    1.00000000e+00
1  2
    1.58826920e+00    1.00000000e+00
1  2
    6.55015700e-01    1.00000000e+00
1  2
    2.68021000e-01    1.00000000e+00
1  2
    1.09384300e-01    1.00000000e+00
2  3
    2.01061850e+00   -1.50205000e-02
    8.26846000e-01    1.05330000e-02
1  3
    3.45125300e-01    1.00000000e+00
1  4
    7.53750720e+00    1.00000000e+00
1  4
    2.76643490e+00    1.00000000e+00
1  4
    1.01334620e+00    1.00000000e+00
