23
4  0
    2.73032355e+01    4.25440700e-01
    1.60607263e+01   -2.87436000e+00
    9.73447660e+00    7.43352360e+00
    5.78299470e+00   -6.81406780e+00
1  0
    3.40176150e+00    1.00000000e+00
1  0
    2.02089640e+00    1.00000000e+00
1  0
    1.13115080e+00    1.00000000e+00
1  0
    6.65382800e-01    1.00000000e+00
1  0
    3.91401600e-01    1.00000000e+00
1  0
    2.30236300e-01    1.00000000e+00
1  0
    1.12602500e-01    1.00000000e+00
1  1
    6.16853560e+00    1.00000000e+00
1  1
    2.74292610e+00    1.00000000e+00
1  1
    1.20255030e+00    1.00000000e+00
1  1
    5.22814900e-01    1.00000000e+00
1  1
    2.26665100e-01    1.00000000e+00
1  2
    3.09540100e+00    1.00000000e+00
1  2
    1.37850360e+00    1.00000000e+00
1  2
    6.22050500e-01    1.00000000e+00
1  2
    2.82954100e-01    1.00000000e+00
1  2
    1.29053600e-01    1.00000000e+00
2  3
    1.68325980e+00   -1.98753000e-02
    7.16371800e-01    1.80265000e-02
1  3
    3.08339100e-01    1.00000000e+00
1  4
    2.15582370e+00    1.00000000e+00
1  4
    8.34377900e-01    1.00000000e+00
1  4
    3.20914600e-01    1.00000000e+00
