22
1  0
    4.00000000e+04    1.00000000e+00
1  0
    8.20000000e+03    1.00000000e+00
1  0
    2.05000000e+03    1.00000000e+00
1  0
    5.12000000e+02    1.00000000e+00
1  0
    1.28000000e+02    1.00000000e+00
1  10
    3.20000000e-02    1.00000000e+00
1  10
    3.20000000e-02    1.00000000e+00
1  10
    4.00000000e+01    1.00000000e+00
1  10
    4.00000000e+01    1.00000000e+00
1  10
    8.00000000e+00    1.00000000e+00
1  10
    8.00000000e+00    1.00000000e+00
1  10
    2.00000000e+00    1.00000000e+00
1  10
    2.00000000e+00    1.00000000e+00
1  10
    5.10200000e-01    1.00000000e+00
1  10
    5.10200000e-01    1.00000000e+00
1  10
    1.28000000e-01    1.00000000e+00
1  10
    1.28000000e-01    1.00000000e+00
1  2
    4.00000000e+01    1.00000000e+00
1  2
    8.00000000e+00    1.00000000e+00
1  2
    2.00000000e+00    1.00000000e+00
1  2
    5.10200000e-01    1.00000000e+00
1  2
    1.28000000e-01    1.00000000e+00
