11
3  0
    4.15927421e+03    1.54328967e-01
    7.57616989e+02    5.35328142e-01
    2.05040724e+02    4.44634542e-01
3  10
    3.60798656e+02   -9.99672292e-02
    8.38418484e+01    3.99512826e-01
    2.72679713e+01    7.00115469e-01
3  10
    3.60798656e+02    1.55916275e-01
    8.38418484e+01    6.07683719e-01
    2.72679713e+01    3.91957393e-01
3  10
    4.07175168e+01   -2.27763502e-01
    1.24201404e+01    2.17543604e-01
    4.79207630e+00    9.16676961e-01
3  10
    4.07175168e+01    4.95151110e-03
    1.24201404e+01    5.77766469e-01
    4.79207630e+00    4.84646037e-01
3  10
    4.19751637e+00   -3.30610063e-01
    1.63449112e+00    5.76109533e-02
    7.19507014e-01    1.15578745e+00
3  10
    4.19751637e+00   -1.28392763e-01
    1.63449112e+00    5.85204764e-01
    7.19507014e-01    5.43944204e-01
3  10
    4.13135485e-01   -3.84264261e-01
    2.22447917e-01   -1.97256744e-01
    9.82591566e-02    1.37549551e+00
3  10
    4.13135485e-01   -3.48169153e-01
    2.22447917e-01    6.29032369e-01
    9.82591566e-02    6.66283274e-01
3  2
    4.07175168e+01    2.19767951e-01
    1.24201404e+01    6.55547363e-01
    4.79207630e+00    2.86573259e-01
3  2
    2.39089576e+00    1.25066214e-01
    9.31002417e-01    6.68678558e-01
    4.09829556e-01    3.05246825e-01
