70
1  0
    1.93275000e+03    1.00000000e+00
1  0
    4.28217000e+02    1.00000000e+00
1  0
    8.80938000e+01    1.00000000e+00
1  0
    4.04519000e+01    1.00000000e+00
1  0
    1.49754000e+01    1.00000000e+00
1  0
    8.04660000e+00    1.00000000e+00
1  0
    3.99954000e+00    1.00000000e+00
1  0
    2.28492000e+00    1.00000000e+00
1  0
    1.56982000e+00    1.00000000e+00
1  0
    8.37407000e-01    1.00000000e+00
1  0
    4.62956000e-01    1.00000000e+00
1  0
    2.51137000e-01    1.00000000e+00
1  0
    1.29512000e-01    1.00000000e+00
1  1
    4.55575000e+02    1.00000000e+00
1  1
    1.30923000e+02    1.00000000e+00
1  1
    4.84363000e+01    1.00000000e+00
1  1
    2.01823000e+01    1.00000000e+00
1  1
    1.20736000e+01    1.00000000e+00
1  1
    5.47082000e+00    1.00000000e+00
1  1
    2.99863000e+00    1.00000000e+00
1  1
    1.90116000e+00    1.00000000e+00
1  1
    1.19992000e+00    1.00000000e+00
1  1
    7.98873000e-01    1.00000000e+00
1  1
    4.99209000e-01    1.00000000e+00
1  1
    2.81967000e-01    1.00000000e+00
1  1
    1.60012000e-01    1.00000000e+00
1  2
    1.21364000e+02    1.00000000e+00
1  2
    3.96167000e+01    1.00000000e+00
1  2
    1.53529000e+01    1.00000000e+00
1  2
    7.33351000e+00    1.00000000e+00
1  2
    3.43232000e+00    1.00000000e+00
1  2
    2.08831000e+00    1.00000000e+00
1  2
    1.39042000e+00    1.00000000e+00
1  2
    8.88460000e-01    1.00000000e+00
1  2
    5.55791000e-01    1.00000000e+00
1  2
    3.18522000e-01    1.00000000e+00
1  2
    1.58559000e-01    1.00000000e+00
1  3
    3.60490000e+01    1.00000000e+00
1  3
    1.71518000e+01    1.00000000e+00
1  3
    7.31127000e+00    1.00000000e+00
1  3
    3.43937000e+00    1.00000000e+00
1  3
    2.08691000e+00    1.00000000e+00
1  3
    1.25672000e+00    1.00000000e+00
1  3
    7.64994000e-01    1.00000000e+00
1  3
    5.21028000e-01    1.00000000e+00
1  3
    3.01348000e-01    1.00000000e+00
1  4
    1.10009000e+01    1.00000000e+00
1  4
    4.80005000e+00    1.00000000e+00
1  4
    2.92944000e+00    1.00000000e+00
1  4
    1.70247000e+00    1.00000000e+00
1  4
    9.77012000e-01    1.00000000e+00
1  4
    6.10242000e-01    1.00000000e+00
1  4
    3.56999000e-01    1.00000000e+00
1  5
    5.31440000e+00    1.00000000e+00
1  5
    2.87787000e+00    1.00000000e+00
1  5
    1.51625000e+00    1.00000000e+00
1  5
    9.66878000e-01    1.00000000e+00
1  5
    5.46011000e-01    1.00000000e+00
1  6
    3.41258000e+00    1.00000000e+00
1  6
    1.57369000e+00    1.00000000e+00
1  6
    8.83110000e-01    1.00000000e+00
1  7
    1.39124000e+00    1.00000000e+00
1  0
    5.85590000e-02    1.00000000e+00
1  1
    9.03698000e-02    1.00000000e+00
1  2
    7.81470000e-02    1.00000000e+00
1  3
    1.33508000e-01    1.00000000e+00
1  4
    1.76191000e-01    1.00000000e+00
1  5
    2.83363000e-01    1.00000000e+00
1  6
    4.90215000e-01    1.00000000e+00
1  7
    8.41914000e-01    1.00000000e+00
