17 
16    0 
727800.0000000     2.3602500E-05    
109000.0000000     1.8348200E-04    
 24800.0000000     9.6427800E-04    
  7014.0000000     4.0653700E-03    
  2278.0000000     1.4697300E-02    
   814.7000000     4.6508100E-02    
   313.4000000     1.2550800E-01    
   127.7000000     2.6843300E-01    
    54.4800000     3.8480900E-01    
    23.8500000     2.6537200E-01    
     9.4280000     4.3732600E-02    
     4.2900000    -3.7880700E-03    
     1.9090000     2.1808300E-03    
     0.6270000    -8.3694400E-04    
     0.2873000     4.4808800E-04    
     0.1172000    -1.2529300E-04    
16    0 
727800.0000000    -6.5217900E-06    
109000.0000000    -5.0663100E-05    
 24800.0000000    -2.6683300E-04    
  7014.0000000    -1.1260100E-03    
  2278.0000000    -4.1118600E-03    
   814.7000000    -1.3245400E-02    
   313.4000000    -3.7700400E-02    
   127.7000000    -8.9855400E-02    
    54.4800000    -1.6709800E-01    
    23.8500000    -1.6935400E-01    
     9.4280000     1.2782400E-01    
     4.2900000     5.6486200E-01    
     1.9090000     4.3176700E-01    
     0.6270000     3.8939800E-02    
     0.2873000    -7.3026000E-03    
     0.1172000     1.9232700E-03    
16    0 
727800.0000000     1.8940600E-06    
109000.0000000     1.4694800E-05    
 24800.0000000     7.7546000E-05    
  7014.0000000     3.2650900E-04    
  2278.0000000     1.1968600E-03    
   814.7000000     3.8479900E-03    
   313.4000000     1.1053900E-02    
   127.7000000     2.6464500E-02    
    54.4800000     5.0877100E-02    
    23.8500000     5.3003000E-02    
     9.4280000    -4.2551800E-02    
     4.2900000    -2.5085300E-01    
     1.9090000    -3.3315200E-01    
     0.6270000     2.6379600E-01    
     0.2873000     6.6684900E-01    
     0.1172000     2.8845100E-01    
 1    0 
     0.6270000     1.0000000E+00    
 1    0 
     0.2873000     1.0000000E+00    
 1    0 
     0.1172000     1.0000000E+00    
11    1 
  1546.0000000     4.4118300E-04    
   366.4000000     3.7757100E-03    
   118.4000000     1.9836000E-02    
    44.5300000     7.4206300E-02    
    18.3800000     1.9732700E-01    
     7.9650000     3.5185100E-01    
     3.5410000     3.7868700E-01    
     1.5910000     1.7093100E-01    
     0.6205000     1.5158700E-02    
     0.2420000     6.7198100E-05    
     0.0901400     4.0549100E-04    
11    1 
  1546.0000000    -1.1311000E-04    
   366.4000000    -9.5858100E-04    
   118.4000000    -5.1347100E-03    
    44.5300000    -1.9264100E-02    
    18.3800000    -5.3598000E-02    
     7.9650000    -9.6033300E-02    
     3.5410000    -1.1818300E-01    
     1.5910000     9.2319400E-03    
     0.6205000     3.5884100E-01    
     0.2420000     5.2581800E-01    
     0.0901400     2.4887200E-01    
 1    1 
     0.6205000     1.0000000E+00    
 1    1 
     0.2420000     1.0000000E+00    
 1    1 
     0.0901400     1.0000000E+00    
 1    2 
     0.2030000     1.0000000E+00    
 1    2 
     0.5040000     1.0000000E+00    
 1    2 
     1.2500000     1.0000000E+00    
 1    3 
     0.3350000     1.0000000E+00    
 1    3 
     0.8690000     1.0000000E+00    
 1    4 
     0.6830000     1.0000000E+00    
