11
11  0
    1.10800000e+05    2.47635000e-04
    1.66100000e+04    1.92026000e-03
    3.78100000e+03    9.96192000e-03
    1.07100000e+03    4.02975000e-02
    3.49800000e+02    1.28604000e-01
    1.26300000e+02    3.03480000e-01
    4.92600000e+01    4.21432000e-01
    2.01600000e+01    2.30781000e-01
    5.72000000e+00    1.78971000e-02
    2.18200000e+00   -2.97516000e-03
    4.32700000e-01    8.49522000e-04
11  0
    1.10800000e+05   -6.87039000e-05
    1.66100000e+04   -5.27681000e-04
    3.78100000e+03   -2.79671000e-03
    1.07100000e+03   -1.12651000e-02
    3.49800000e+02   -3.88834000e-02
    1.26300000e+02   -9.95025000e-02
    4.92600000e+01   -1.99740000e-01
    2.01600000e+01   -1.23360000e-01
    5.72000000e+00    5.13194000e-01
    2.18200000e+00    6.07120000e-01
    4.32700000e-01    3.96753000e-02
11  0
    1.10800000e+05    1.99077000e-05
    1.66100000e+04    1.53483000e-04
    3.78100000e+03    8.09503000e-04
    1.07100000e+03    3.28974000e-03
    3.49800000e+02    1.12967000e-02
    1.26300000e+02    2.96385000e-02
    4.92600000e+01    5.99851000e-02
    2.01600000e+01    4.13248000e-02
    5.72000000e+00   -2.07474000e-01
    2.18200000e+00   -3.92889000e-01
    4.32700000e-01    6.32840000e-01
1  0
    1.57000000e-01    1.00000000e+00
1  0
    7.08300000e+00    1.00000000e+00
7  1
    3.99700000e+02    4.47541000e-03
    9.41900000e+01    3.41708000e-02
    2.97500000e+01    1.44250000e-01
    1.07700000e+01    3.53928000e-01
    4.11900000e+00    4.59085000e-01
    1.62500000e+00    2.06383000e-01
    4.72600000e-01    1.02141000e-02
7  1
    3.99700000e+02   -1.16251000e-03
    9.41900000e+01   -8.65664000e-03
    2.97500000e+01   -3.90886000e-02
    1.07700000e+01   -9.34625000e-02
    4.11900000e+00   -1.47994000e-01
    1.62500000e+00    3.01904000e-02
    4.72600000e-01    5.61573000e-01
1  1
    1.40700000e-01    1.00000000e+00
1  1
    3.08900000e+00    1.00000000e+00
1  2
    4.79000000e-01    1.00000000e+00
1  2
    8.36300000e+00    1.00000000e+00
