5
6  0
    5.52903829e+03    9.16359628e-03
    1.01374312e+03    4.93614929e-02
    2.83608793e+02    1.68538305e-01
    9.74272747e+01    3.70562800e-01
    3.78338618e+01    4.16491530e-01
    1.55820736e+01    1.30334084e-01
6  0
    3.45589679e+02   -1.32527881e-02
    6.84012166e+01   -4.69917101e-02
    2.12590471e+01   -3.37853715e-02
    8.17912170e+00    2.50241786e-01
    3.55219813e+00    5.95117253e-01
    1.62823230e+00    2.40706176e-01
6  1
    3.45589679e+02    3.75969660e-03
    6.84012166e+01    3.76793698e-02
    2.12590471e+01    1.73896744e-01
    8.17912170e+00    4.18036435e-01
    3.55219813e+00    4.25859548e-01
    1.62823230e+00    1.01708296e-01
6  0
    1.29443944e+01   -7.94312640e-03
    3.46662510e+00   -7.10026417e-02
    1.30002125e+00   -1.78502693e-01
    5.81913408e-01    1.51063506e-01
    2.87959290e-01    7.35491477e-01
    1.48404298e-01    2.76059312e-01
6  1
    1.29443944e+01   -7.13935890e-03
    3.46662510e+00   -1.82927707e-02
    1.30002125e+00    7.62162143e-02
    5.81913408e-01    4.14509860e-01
    2.87959290e-01    4.88962147e-01
    1.48404298e-01    1.05881652e-01
