5
3  0
    5.33125736e+02    1.54328967e-01
    9.71095183e+01    5.35328142e-01
    2.62816254e+01    4.44634542e-01
3  0
    3.33297517e+01   -9.99672292e-02
    7.74511752e+00    3.99512826e-01
    2.51895260e+00    7.00115469e-01
3  1
    3.33297517e+01    1.55916275e-01
    7.74511752e+00    6.07683719e-01
    2.51895260e+00    3.91957393e-01
3  0
    2.02919427e+00   -2.19620369e-01
    5.66140052e-01    2.25595434e-01
    2.21583379e-01    9.00398426e-01
3  1
    2.02919427e+00    1.05876043e-02
    5.66140052e-01    5.95167005e-01
    2.21583379e-01    4.62001012e-01
