11
6  0
    3.90889800e+04    1.80326300e-03
    5.86979200e+03    1.38076900e-02
    1.33691000e+03    6.80039600e-02
    3.76603100e+02    2.34709900e-01
    1.20467900e+02    4.81569000e-01
    4.09803200e+01    3.44565200e-01
6  10
    7.86285200e+02    2.45186300e-03
    1.86887000e+02    3.25957900e-02
    6.00093500e+01    1.23824200e-01
    2.22588300e+01   -4.35989000e-02
    8.88514900e+00   -6.17718100e-01
    3.60921100e+00   -4.43282300e-01
6  10
    7.86285200e+02    4.03953000e-03
    1.86887000e+02    3.12257000e-02
    6.00093500e+01    1.34983300e-01
    2.22588300e+01    3.42479300e-01
    8.88514900e+00    4.62311300e-01
    3.60921100e+00    2.17752400e-01
6  10
    2.98435500e+01   -2.58630200e-03
    9.54238300e+00    7.18842400e-02
    4.05679000e+00    2.50326000e-01
    1.70470300e+00   -2.99100300e-01
    7.06234000e-01   -7.44681800e-01
    2.79536000e-01   -1.79977600e-01
6  10
    2.98435500e+01   -6.09665200e-03
    9.54238300e+00   -2.62888400e-02
    4.05679000e+00    5.09100100e-02
    1.70470300e+00    3.79809700e-01
    7.06234000e-01    5.17088300e-01
    2.79536000e-01    1.82977200e-01
3  10
    1.06560900e+00    6.48297800e-02
    4.25933000e-01    3.25375600e-01
    7.63200000e-02   -1.17080600e+00
3  10
    1.06560900e+00   -2.93844000e-01
    4.25933000e-01    9.23532300e-02
    7.63200000e-02    9.84793000e-01
1  10
    2.95940000e-02    1.00000000e+00
1  10
    2.95940000e-02    1.00000000e+00
3  2
    1.11470100e+01    8.74767200e-02
    2.82104300e+00    3.79563500e-01
    8.19620000e-01    7.18039300e-01
1  2
    2.21468000e-01    1.00000000e+00
