15
8  0
    1.91612919e+05    2.30764759e-04
    2.87238504e+04    1.78903299e-03
    6.53701165e+03    9.29904011e-03
    1.85030972e+03    3.77394380e-02
    6.02388552e+02    1.22271484e-01
    2.16173248e+02    2.88148215e-01
    8.37125179e+01    4.05175431e-01
    3.29087072e+01    2.05660196e-01
4  0
    2.11343932e+02   -2.45279915e-02
    6.51289201e+01   -1.15701581e-01
    1.00343115e+01    5.59952833e-01
    4.15968846e+00    5.60877651e-01
2  0
    6.00090416e+00   -2.28404943e-01
    9.82557842e-01    7.19489704e-01
1  0
    4.24831928e-01    1.00000000e+00
1  0
    7.71854621e-02    1.00000000e+00
1  0
    3.01472197e-02    1.00000000e+00
6  1
    9.47341228e+02    2.47372087e-03
    2.24096997e+02    1.97429671e-02
    7.15603349e+01    9.03571475e-02
    2.64448245e+01    2.52016025e-01
    1.03937983e+01    3.96755359e-01
    4.16063046e+00    2.32086245e-01
3  1
    1.55657371e+01   -2.71294240e-02
    2.11215449e+00    5.51092566e-01
    8.41847090e-01    1.00906358e+00
1  1
    3.22975427e-01    1.00000000e+00
1  1
    8.97480000e-02    1.00000000e+00
4  2
    3.09893910e+01    1.19028374e-02
    8.69054651e+00    6.76558569e-02
    2.95202563e+00    2.13325397e-01
    1.07619107e+00    3.83910756e-01
1  2
    3.83389151e-01    1.00000000e+00
1  2
    1.25346861e-01    1.00000000e+00
1  2
    4.10000000e-02    1.00000000e+00
1  3
    3.45000000e-01    1.00000000e+00
