8
3  0
    9.41662425e+02    1.54328967e-01
    1.71524986e+02    5.35328142e-01
    4.64213552e+01    4.44634542e-01
3  10
    6.71766877e+01   -9.99672292e-02
    1.56104175e+01    3.99512826e-01
    5.07699228e+00    7.00115469e-01
3  10
    6.71766877e+01    1.55916275e-01
    1.56104175e+01    6.07683719e-01
    5.07699228e+00    3.91957393e-01
3  10
    4.69815923e+00   -2.27763502e-01
    1.43308831e+00    2.17543604e-01
    5.52930024e-01    9.16676961e-01
3  10
    4.69815923e+00    4.95151120e-03
    1.43308831e+00    5.77766469e-01
    5.52930024e-01    4.84646037e-01
3  10
    6.30932838e-01   -3.08844122e-01
    2.32853898e-01    1.96064117e-02
    1.02830736e-01    1.13103444e+00
3  10
    6.30932838e-01   -1.21546860e-01
    2.32853898e-01    5.71522760e-01
    1.02830736e-01    5.49894947e-01
3  2
    5.51700068e-01    2.19767951e-01
    1.68286106e-01    6.55547363e-01
    6.49300112e-02    2.86573259e-01
