23
12  0
    9.86127465e+04    2.88153700e-01
    7.21031255e+03    3.09714770e+00
    4.07586394e+03   -3.04685470e+00
    2.50151153e+03    7.86671770e+00
    8.46283000e+02    1.07908312e+01
    4.97813516e+02    6.52473060e+00
    2.98016778e+02    1.18190682e+01
    1.62652362e+02    5.80115850e+00
    5.96033884e+01   -1.91544120e+00
    3.50608157e+01    2.58736500e+00
    2.06240087e+01    8.59444470e+00
    1.21317695e+01    6.98377350e+00
1  0
    4.49021200e+00    1.00000000e+00
1  0
    2.45067940e+00    1.00000000e+00
1  0
    1.48173710e+00    1.00000000e+00
1  0
    8.37600100e-01    1.00000000e+00
1  0
    1.76526300e-01    1.00000000e+00
1  0
    9.97872000e-02    1.00000000e+00
1  0
    6.06353000e-02    1.00000000e+00
1  1
    1.08099871e+01    1.00000000e+00
1  1
    3.20585140e+00    1.00000000e+00
1  1
    9.73925400e-01    1.00000000e+00
1  1
    3.00268400e-01    1.00000000e+00
1  1
    9.30355000e-02    1.00000000e+00
1  2
    1.50102726e+01    1.00000000e+00
1  2
    4.24894490e+00    1.00000000e+00
1  2
    1.24968540e+00    1.00000000e+00
1  2
    3.76366500e-01    1.00000000e+00
1  2
    1.14263200e-01    1.00000000e+00
2  3
    3.30951600e+00   -3.05940000e-03
    1.70542970e+00   -1.27954000e-02
1  3
    8.76931600e-01    1.00000000e+00
1  4
    5.44072050e+00    1.00000000e+00
1  4
    1.72461120e+00    1.00000000e+00
1  4
    5.58165300e-01    1.00000000e+00
