19
18  0
    9.56360000e+06    6.30000000e-06
    1.43210000e+06    4.89000000e-05
    3.25910000e+05    2.57400000e-04
    9.23120000e+04    1.08610000e-03
    3.01160000e+04    3.93990000e-03
    1.08720000e+04    1.27041000e-02
    4.24010000e+03    3.67156000e-02
    1.75840000e+03    9.38672000e-02
    7.66590000e+02    2.01767700e-01
    3.48430000e+02    3.28054000e-01
    1.64030000e+02    3.23833400e-01
    7.91420000e+01    1.35233700e-01
    3.55240000e+01    1.17075000e-02
    1.73050000e+01   -3.43600000e-04
    8.37840000e+00    1.66500000e-04
    3.74050000e+00   -1.18800000e-04
    1.68900000e+00    2.04000000e-05
    2.55200000e-01    8.30000000e-06
18  0
    9.56360000e+06   -2.00000000e-06
    1.43210000e+06   -1.53000000e-05
    3.25910000e+05   -8.06000000e-05
    9.23120000e+04   -3.40000000e-04
    3.01160000e+04   -1.23970000e-03
    1.08720000e+04   -4.01770000e-03
    4.24010000e+03   -1.18672000e-02
    1.75840000e+03   -3.15340000e-02
    7.66590000e+02   -7.46439000e-02
    3.48430000e+02   -1.45217900e-01
    1.64030000e+02   -2.03844100e-01
    7.91420000e+01   -7.88711000e-02
    3.55240000e+01    3.84582500e-01
    1.73050000e+01    5.86527000e-01
    8.37840000e+00    1.97359100e-01
    3.74050000e+00    1.00102000e-02
    1.68900000e+00    1.31600000e-03
    2.55200000e-01    1.10900000e-04
18  0
    9.56360000e+06    8.00000000e-07
    1.43210000e+06    6.00000000e-06
    3.25910000e+05    3.17000000e-05
    9.23120000e+04    1.33700000e-04
    3.01160000e+04    4.88300000e-04
    1.08720000e+04    1.58210000e-03
    4.24010000e+03    4.69190000e-03
    1.75840000e+03    1.25098000e-02
    7.66590000e+02    3.00381000e-02
    3.48430000e+02    5.97271000e-02
    1.64030000e+02    8.84696000e-02
    7.91420000e+01    3.63920000e-02
    3.55240000e+01   -2.23532900e-01
    1.73050000e+01   -5.12246200e-01
    8.37840000e+00   -1.08422400e-01
    3.74050000e+00    6.93637200e-01
    1.68900000e+00    5.55871100e-01
    2.55200000e-01   -1.13832000e-02
18  0
    9.56360000e+06   -2.00000000e-07
    1.43210000e+06   -1.80000000e-06
    3.25910000e+05   -9.30000000e-06
    9.23120000e+04   -3.91000000e-05
    3.01160000e+04   -1.42800000e-04
    1.08720000e+04   -4.62700000e-04
    4.24010000e+03   -1.37220000e-03
    1.75840000e+03   -3.66280000e-03
    7.66590000e+02   -8.80610000e-03
    3.48430000e+02   -1.75867000e-02
    1.64030000e+02   -2.62074000e-02
    7.91420000e+01   -1.09964000e-02
    3.55240000e+01    6.95697000e-02
    1.73050000e+01    1.68394700e-01
    8.37840000e+00    3.46160000e-02
    3.74050000e+00   -2.97870200e-01
    1.68900000e+00   -4.32256900e-01
    2.55200000e-01    6.75721700e-01
1  0
    5.09270000e-01    1.00000000e+00
1  0
    1.06510000e-01    1.00000000e+00
1  0
    3.92010000e-02    1.00000000e+00
11  1
    8.00430000e+03    4.50500000e-04
    1.89690000e+03    3.90490000e-03
    6.14710000e+02    2.10901000e-02
    2.33500000e+02    8.12920000e-02
    9.78560000e+01    2.21784100e-01
    4.35140000e+01    3.90727000e-01
    2.00630000e+01    3.55971400e-01
    9.11270000e+00    1.07327200e-01
    4.10630000e+00    3.69850000e-03
    1.79490000e+00    1.80320000e-03
    2.46150000e-01    2.20800000e-04
11  1
    8.00430000e+03   -1.78300000e-04
    1.89690000e+03   -1.55540000e-03
    6.14710000e+02   -8.47270000e-03
    2.33500000e+02   -3.36245000e-02
    9.78560000e+01   -9.58267000e-02
    4.35140000e+01   -1.81390700e-01
    2.00630000e+01   -1.50315200e-01
    9.11270000e+00    1.94826300e-01
    4.10630000e+00    5.41555400e-01
    1.79490000e+00    3.83729900e-01
    2.46150000e-01   -5.01320000e-03
11  1
    8.00430000e+03    4.30000000e-05
    1.89690000e+03    3.77000000e-04
    6.14710000e+02    2.04650000e-03
    2.33500000e+02    8.18990000e-03
    9.78560000e+01    2.33356000e-02
    4.35140000e+01    4.49813000e-02
    2.00630000e+01    3.57475000e-02
    9.11270000e+00   -5.86866000e-02
    4.10630000e+00   -1.70957300e-01
    1.79490000e+00   -1.29358300e-01
    2.46150000e-01    5.77806900e-01
1  1
    6.24320000e-01    1.00000000e+00
1  1
    8.89170000e-02    1.00000000e+00
1  1
    3.02510000e-02    1.00000000e+00
7  2
    3.61850000e+02    1.56550000e-03
    1.08550000e+02    1.33262000e-02
    4.14330000e+01    6.01527000e-02
    1.75790000e+01    1.74029300e-01
    7.86270000e+00    3.19569000e-01
    3.51800000e+00    3.81202900e-01
    1.53480000e+00    2.74608600e-01
1  2
    6.08130000e-01    1.00000000e+00
1  2
    2.22000000e-01    1.00000000e+00
1  2
    8.37000000e-02    1.00000000e+00
1  3
    4.62000000e-01    1.00000000e+00
1  3
    1.88000000e-01    1.00000000e+00
