43
1  0
    8.25068002e+01    1.00000000e+00
1  0
    3.67381089e+01    1.00000000e+00
1  0
    1.58688724e+01    1.00000000e+00
1  0
    6.02607881e+00    1.00000000e+00
1  0
    4.03886153e+00    1.00000000e+00
1  0
    2.09723194e+00    1.00000000e+00
1  0
    7.82607622e-01    1.00000000e+00
1  0
    5.20926398e-01    1.00000000e+00
1  0
    3.32868747e-01    1.00000000e+00
1  0
    1.53599969e-01    1.00000000e+00
1  1
    5.27329653e+01    1.00000000e+00
1  1
    3.30852367e+01    1.00000000e+00
1  1
    7.48457797e+00    1.00000000e+00
1  1
    4.14480108e+00    1.00000000e+00
1  1
    1.79463928e+00    1.00000000e+00
1  1
    1.06466370e+00    1.00000000e+00
1  1
    5.49532390e-01    1.00000000e+00
1  1
    2.97104990e-01    1.00000000e+00
1  1
    1.98069994e-01    1.00000000e+00
1  2
    1.30140606e+02    1.00000000e+00
1  2
    4.08950675e+01    1.00000000e+00
1  2
    9.96897116e+00    1.00000000e+00
1  2
    3.30098717e+00    1.00000000e+00
1  2
    1.91409521e+00    1.00000000e+00
1  2
    8.55309490e-01    1.00000000e+00
1  2
    4.61584244e-01    1.00000000e+00
1  2
    2.00123592e-01    1.00000000e+00
1  3
    9.93154236e+01    1.00000000e+00
1  3
    1.19581033e+01    1.00000000e+00
1  3
    2.92993448e+00    1.00000000e+00
1  3
    1.75796128e+00    1.00000000e+00
1  3
    8.14174166e-01    1.00000000e+00
1  3
    3.95151095e-01    1.00000000e+00
1  4
    3.17025242e+01    1.00000000e+00
1  4
    1.09391422e+01    1.00000000e+00
1  4
    2.11971376e+00    1.00000000e+00
1  4
    7.20066147e-01    1.00000000e+00
1  5
    1.92679126e+00    1.00000000e+00
1  0
    5.92319872e-02    1.00000000e+00
1  1
    9.49534961e-02    1.00000000e+00
1  2
    8.48326183e-02    1.00000000e+00
1  3
    1.61718621e-01    1.00000000e+00
1  4
    3.13248981e-01    1.00000000e+00
