25
18  0
    1.50110000e+07    3.60000000e-06
    2.24750000e+06    2.79000000e-05
    5.11450000e+05    1.46600000e-04
    1.44870000e+05    6.19000000e-04
    4.72610000e+04    2.25140000e-03
    1.70620000e+04    7.30300000e-03
    6.65450000e+03    2.14442000e-02
    2.75980000e+03    5.68122000e-02
    1.20320000e+03    1.32080700e-01
    5.46530000e+02    2.52346900e-01
    2.56630000e+02    3.45929600e-01
    1.23140000e+02    2.62389000e-01
    5.82630000e+01    6.67938000e-02
    2.90230000e+01   -3.33200000e-04
    1.44650000e+01    1.72750000e-03
    6.93480000e+00   -8.29900000e-04
    3.32990000e+00    3.57800000e-04
    1.56000000e+00   -1.66600000e-04
18  0
    1.50110000e+07   -1.10000000e-06
    2.24750000e+06   -8.70000000e-06
    5.11450000e+05   -4.59000000e-05
    1.44870000e+05   -1.93900000e-04
    4.72610000e+04   -7.06400000e-04
    1.70620000e+04   -2.30300000e-03
    6.65450000e+03   -6.84250000e-03
    2.75980000e+03   -1.86335000e-02
    1.20320000e+03   -4.59512000e-02
    5.46530000e+02   -9.92193000e-02
    2.56630000e+02   -1.72881300e-01
    1.23140000e+02   -1.88497300e-01
    5.82630000e+01    4.22610000e-02
    2.90230000e+01    4.93679100e-01
    1.44650000e+01    5.05281800e-01
    6.93480000e+00    1.18415000e-01
    3.32990000e+00    1.95670000e-03
    1.56000000e+00    1.96480000e-03
18  0
    1.50110000e+07    4.00000000e-07
    2.24750000e+06    3.40000000e-06
    5.11450000e+05    1.81000000e-05
    1.44870000e+05    7.63000000e-05
    4.72610000e+04    2.78100000e-04
    1.70620000e+04    9.06800000e-04
    6.65450000e+03    2.69990000e-03
    2.75980000e+03    7.37260000e-03
    1.20320000e+03    1.83360000e-02
    5.46530000e+02    4.01812000e-02
    2.56630000e+02    7.24864000e-02
    1.23140000e+02    8.35626000e-02
    5.82630000e+01   -2.07592000e-02
    2.90230000e+01   -3.18353500e-01
    1.44650000e+01   -4.79833300e-01
    6.93480000e+00    5.92819000e-02
    3.32990000e+00    7.17411600e-01
    1.56000000e+00    4.63863600e-01
18  0
    1.50110000e+07   -1.00000000e-07
    2.24750000e+06   -1.00000000e-06
    5.11450000e+05   -5.30000000e-06
    1.44870000e+05   -2.23000000e-05
    4.72610000e+04   -8.14000000e-05
    1.70620000e+04   -2.64900000e-04
    6.65450000e+03   -7.90600000e-04
    2.75980000e+03   -2.15390000e-03
    1.20320000e+03   -5.38120000e-03
    5.46530000e+02   -1.17694000e-02
    2.56630000e+02   -2.14629000e-02
    1.23140000e+02   -2.46904000e-02
    5.82630000e+01    5.77740000e-03
    2.90230000e+01    1.01520900e-01
    1.44650000e+01    1.57857000e-01
    6.93480000e+00   -2.24219000e-02
    3.32990000e+00   -3.29077600e-01
    1.56000000e+00   -3.87344300e-01
1  0
    4.92910000e-01    1.00000000e+00
1  0
    2.35250000e-01    1.00000000e+00
1  0
    1.00370000e-01    1.00000000e+00
1  0
    3.81520000e-02    1.00000000e+00
13  1
    2.52170000e+04    6.10000000e-05
    5.96990000e+03    5.42400000e-04
    1.93890000e+03    3.11740000e-03
    7.41660000e+02    1.35977000e-02
    3.14500000e+02    4.72788000e-02
    1.43310000e+02    1.29785600e-01
    6.86500000e+01    2.65738300e-01
    3.39950000e+01    3.67354400e-01
    1.71850000e+01    2.74780500e-01
    8.57400000e+00    7.91679000e-02
    4.22060000e+00    5.13490000e-03
    2.05210000e+00    1.33190000e-03
    9.61560000e-01   -2.03300000e-04
13  1
    2.52170000e+04   -2.41000000e-05
    5.96990000e+03   -2.15200000e-04
    1.93890000e+03   -1.23860000e-03
    7.41660000e+02   -5.46070000e-03
    3.14500000e+02   -1.92936000e-02
    1.43310000e+02   -5.49715000e-02
    6.86500000e+01   -1.17795200e-01
    3.39950000e+01   -1.74078200e-01
    1.71850000e+01   -9.55798000e-02
    8.57400000e+00    2.05971400e-01
    4.22060000e+00    4.73543100e-01
    2.05210000e+00    3.83192200e-01
    9.61560000e-01    9.20872000e-02
13  1
    2.52170000e+04    5.80000000e-06
    5.96990000e+03    5.20000000e-05
    1.93890000e+03    2.99800000e-04
    7.41660000e+02    1.32010000e-03
    3.14500000e+02    4.68570000e-03
    1.43310000e+02    1.33737000e-02
    6.86500000e+01    2.89245000e-02
    3.39950000e+01    4.29454000e-02
    1.71850000e+01    2.23272000e-02
    8.57400000e+00   -6.36031000e-02
    4.22060000e+00   -1.43614700e-01
    2.05210000e+00   -1.44729300e-01
    9.61560000e-01    6.30380000e-02
1  1
    4.21510000e-01    1.00000000e+00
1  1
    1.76260000e-01    1.00000000e+00
1  1
    7.06630000e-02    1.00000000e+00
1  1
    2.65690000e-02    1.00000000e+00
9  2
    1.14340000e+03    1.30100000e-04
    3.45330000e+02    1.25730000e-03
    1.34460000e+02    7.28820000e-03
    5.95670000e+01    2.88647000e-02
    2.82830000e+01    8.38987000e-02
    1.40610000e+01    1.81977100e-01
    7.13900000e+00    2.82605700e-01
    3.61480000e+00    3.22045300e-01
    1.80720000e+00    2.58163300e-01
1  2
    8.69440000e-01    1.00000000e+00
1  2
    3.70360000e-01    1.00000000e+00
1  2
    1.53000000e-01    1.00000000e+00
1  2
    6.19000000e-02    1.00000000e+00
1  3
    2.84000000e-01    1.00000000e+00
1  3
    7.09700000e-01    1.00000000e+00
1  3
    1.24000000e-01    1.00000000e+00
1  4
    5.73000000e-01    1.00000000e+00
1  4
    2.63000000e-01    1.00000000e+00
