20
1  0
    5.21600000e+04    1.00000000e+00
1  0
    1.04320000e+04    1.00000000e+00
1  0
    2.60800000e+03    1.00000000e+00
1  0
    6.52000000e+02    1.00000000e+00
1  0
    1.63000000e+02    1.00000000e+00
1  10
    5.10000000e+01    1.00000000e+00
1  10
    5.10000000e+01    1.00000000e+00
1  10
    1.02000000e+01    1.00000000e+00
1  10
    1.02000000e+01    1.00000000e+00
1  10
    2.56000000e+00    1.00000000e+00
1  10
    2.56000000e+00    1.00000000e+00
1  10
    6.40000000e-01    1.00000000e+00
1  10
    6.40000000e-01    1.00000000e+00
1  10
    1.60000000e-01    1.00000000e+00
1  10
    1.60000000e-01    1.00000000e+00
1  2
    5.10000000e+01    1.00000000e+00
1  2
    1.02000000e+01    1.00000000e+00
1  2
    2.56000000e+00    1.00000000e+00
1  2
    6.40000000e-01    1.00000000e+00
1  2
    1.60000000e-01    1.00000000e+00
