17
6  0
    6.09461562e+05    2.06663343e-04
    9.13497285e+04    1.60314959e-03
    2.07918449e+04    8.35041376e-03
    5.89200094e+03    3.40665874e-02
    1.93157955e+03    1.11131999e-01
    7.11021733e+02    2.71608775e-01
2  0
    2.84765630e+02    4.03533585e-01
    1.16672803e+02    3.22015376e-01
1  0
    2.96113798e+01    1.00000000e+00
1  0
    1.31189216e+01    1.00000000e+00
1  0
    4.52522746e+00    1.00000000e+00
1  0
    1.87476785e+00    1.00000000e+00
1  0
    3.58577377e-01    1.00000000e+00
1  0
    1.36177438e-01    1.00000000e+00
3  1
    3.65626582e+03    1.47141290e-03
    8.68082117e+02    1.21882320e-02
    2.82388791e+02    5.87804689e-02
3  1
    1.08682495e+02    2.23851257e-01
    4.58804284e+01    4.27840380e-01
    2.03136332e+01    3.95698680e-01
1  1
    8.91386778e+00    1.00000000e+00
2  1
    3.80294301e+00    5.88950170e-01
    1.59116635e+00    3.41470042e-01
1  1
    4.47555790e-01    1.00000000e+00
1  1
    1.32363191e-01    1.00000000e+00
4  2
    9.44937940e+01    2.34904517e-02
    2.71865089e+01    1.37493656e-01
    9.50887420e+00    3.66467628e-01
    3.41754418e+00    4.87522987e-01
1  2
    1.14814587e+00    1.00000000e+00
1  2
    3.38000000e-01    1.00000000e+00
