18
12  0
    1.82587109e+05    7.87168300e-01
    2.07996861e+04    2.84345760e+00
    1.09636341e+04    4.80577630e+00
    3.79364481e+03    1.87809406e+01
    1.53967731e+03    2.66954015e+01
    8.36267698e+02    2.03863962e+01
    4.91922161e+02    1.51527499e+01
    1.76271637e+02   -3.88358320e+00
    1.00126627e+02    5.95434210e+00
    5.88980144e+01    2.63213790e+01
    3.34555214e+01    1.16714825e+01
    1.90063819e+01   -8.62712190e+00
1  0
    7.05188010e+00    1.00000000e+00
1  0
    4.14816460e+00    1.00000000e+00
1  0
    2.39201730e+00    1.00000000e+00
1  0
    8.44324100e-01    1.00000000e+00
1  0
    4.96661200e-01    1.00000000e+00
1  0
    2.82115800e-01    1.00000000e+00
1  0
    1.60272500e-01    1.00000000e+00
2  1
    8.75168260e+00    1.07828000e-02
    2.89444070e+00   -2.95335000e-02
1  1
    9.76642600e-01    1.00000000e+00
1  1
    3.33587900e-01    1.00000000e+00
1  1
    1.14410900e-01    1.00000000e+00
3  2
    7.88074860e+00   -1.68739000e-02
    2.66114160e+00    1.92822000e-02
    9.25034400e-01   -2.20267000e-02
1  2
    3.27325900e-01    1.00000000e+00
1  2
    1.16522900e-01    1.00000000e+00
2  3
    3.05364090e+00   -3.19670000e-03
    8.48141700e-01    1.10377000e-02
1  3
    2.35540000e-01    1.00000000e+00
1  4
    9.61619000e-01    1.00000000e+00
