16 
15    0 
254900.0000000     6.2510100E-05    
 38190.0000000     4.8555300E-04    
  8690.0000000     2.5451600E-03    
  2462.0000000     1.0586600E-02    
   804.8000000     3.6878700E-02    
   291.3000000     1.0747900E-01    
   113.6000000     2.4793600E-01    
    46.7500000     3.9092700E-01    
    19.8200000     3.0202600E-01    
     7.7080000     5.5923600E-02    
     3.3400000    -4.0240600E-03    
     1.4020000     2.5803000E-03    
     0.4387000    -1.0382100E-03    
     0.2070000     6.0793000E-04    
     0.0794400    -1.5402200E-04    
15    0 
254900.0000000    -1.6637000E-05    
 38190.0000000    -1.2931000E-04    
  8690.0000000    -6.7882800E-04    
  2462.0000000    -2.8411700E-03    
   804.8000000    -1.0055100E-02    
   291.3000000    -3.0577400E-02    
   113.6000000    -7.7725600E-02    
    46.7500000    -1.5423600E-01    
    19.8200000    -1.8036800E-01    
     7.7080000     7.9821800E-02    
     3.3400000     5.4744100E-01    
     1.4020000     4.8011900E-01    
     0.4387000     4.7484600E-02    
     0.2070000    -1.0699600E-02    
     0.0794400     2.1987100E-03    
15    0 
254900.0000000     4.2625700E-06    
 38190.0000000     3.3106200E-05    
  8690.0000000     1.7401500E-04    
  2462.0000000     7.2757400E-04    
   804.8000000     2.5833300E-03    
   291.3000000     7.8635400E-03    
   113.6000000     2.0215500E-02    
    46.7500000     4.0732000E-02    
    19.8200000     4.9935800E-02    
     7.7080000    -2.4939600E-02    
     3.3400000    -1.9035000E-01    
     1.4020000    -3.1835000E-01    
     0.4387000     9.4803600E-02    
     0.2070000     6.8118000E-01    
     0.0794400     3.9567200E-01    
 1    0 
     0.4387000     1.0000000E+00    
 1    0 
     0.0794400     1.0000000E+00    
 1    0 
     0.0330000     1.0000000E+00    
 9    1 
   481.5000000     1.9204500E-03    
   113.9000000     1.5355200E-02    
    36.2300000     7.1399100E-02    
    13.3400000     2.1305200E-01    
     5.2520000     3.9035400E-01    
     2.1200000     3.9372100E-01    
     0.8561000     1.3256500E-01    
     0.2528000     3.9563000E-03    
     0.0788900     3.3162400E-04    
 9    1 
   481.5000000    -4.0522000E-04    
   113.9000000    -3.3589600E-03    
    36.2300000    -1.5286000E-02    
    13.3400000    -4.8921800E-02    
     5.2520000    -8.5500800E-02    
     2.1200000    -1.1213700E-01    
     0.8561000     6.1827400E-02    
     0.2528000     5.5191900E-01    
     0.0788900     5.2349200E-01    
 1    1 
     0.8561000     1.0000000E+00    
 1    1 
     0.0788900     1.0000000E+00    
 1    1 
     0.0237000     1.0000000E+00    
 1    2 
     0.1590000     1.0000000E+00    
 1    2 
     0.4810000     1.0000000E+00    
 1    2 
     0.0556000     1.0000000E+00    
 1    3 
     0.3360000     1.0000000E+00    
 1    3 
     0.1250000     1.0000000E+00    
