48 
 1    0 
   731.4750000     1.0000000E+00    
 1    0 
   151.8230000     1.0000000E+00    
 1    0 
    67.6721000     1.0000000E+00    
 1    0 
    20.4136000     1.0000000E+00    
 1    0 
     9.7764100     1.0000000E+00    
 1    0 
     3.9150000     1.0000000E+00    
 1    0 
     2.1326200     1.0000000E+00    
 1    0 
     1.0763000     1.0000000E+00    
 1    0 
     0.5922850     1.0000000E+00    
 1    0 
     0.3826370     1.0000000E+00    
 1    0 
     0.1970980     1.0000000E+00    
 1    0 
     0.1100140     1.0000000E+00    
 1    1 
   203.9340000     1.0000000E+00    
 1    1 
    60.7238000     1.0000000E+00    
 1    1 
    22.8001000     1.0000000E+00    
 1    1 
    10.0991000     1.0000000E+00    
 1    1 
     4.8259700     1.0000000E+00    
 1    1 
     2.3901500     1.0000000E+00    
 1    1 
     1.0785800     1.0000000E+00    
 1    1 
     0.6741510     1.0000000E+00    
 1    1 
     0.4584570     1.0000000E+00    
 1    1 
     0.2727790     1.0000000E+00    
 1    1 
     0.1308810     1.0000000E+00    
 1    2 
    56.7104000     1.0000000E+00    
 1    2 
    17.8863000     1.0000000E+00    
 1    2 
     6.1512800     1.0000000E+00    
 1    2 
     2.9973700     1.0000000E+00    
 1    2 
     1.2967600     1.0000000E+00    
 1    2 
     0.7489830     1.0000000E+00    
 1    2 
     0.4064640     1.0000000E+00    
 1    2 
     0.2501990     1.0000000E+00    
 1    2 
     0.1461500     1.0000000E+00    
 1    3 
    12.9437000     1.0000000E+00    
 1    3 
     6.0638900     1.0000000E+00    
 1    3 
     2.6183700     1.0000000E+00    
 1    3 
     1.0981200     1.0000000E+00    
 1    3 
     0.6422330     1.0000000E+00    
 1    3 
     0.4207350     1.0000000E+00    
 1    3 
     0.2162890     1.0000000E+00    
 1    4 
     3.9758800     1.0000000E+00    
 1    4 
     1.7808100     1.0000000E+00    
 1    4 
     0.8270030     1.0000000E+00    
 1    4 
     0.5092260     1.0000000E+00    
 1    4 
     0.2561730     1.0000000E+00    
 1    5 
     2.3618000     1.0000000E+00    
 1    5 
     0.8453210     1.0000000E+00    
 1    5 
     0.4844250     1.0000000E+00    
 1    6 
     0.7943160     1.0000000E+00    
