29
13  0
    5.13000000e+05    2.60920000e-05
    7.68200000e+04    2.02905000e-04
    1.74700000e+04    1.06715000e-03
    4.93500000e+03    4.50597000e-03
    1.60200000e+03    1.62359000e-02
    5.74100000e+02    5.08913000e-02
    2.21500000e+02    1.35155000e-01
    9.05400000e+01    2.81292000e-01
    3.87400000e+01    3.85336000e-01
    1.69500000e+01    2.45651000e-01
    6.45200000e+00    3.43145000e-02
    2.87400000e+00   -3.34884000e-03
    1.25000000e+00    1.87625000e-03
13  0
    5.13000000e+05   -6.94880000e-06
    7.68200000e+04   -5.39641000e-05
    1.74700000e+04   -2.84716000e-04
    4.93500000e+03   -1.20203000e-03
    1.60200000e+03   -4.38397000e-03
    5.74100000e+02   -1.39776000e-02
    2.21500000e+02   -3.93516000e-02
    9.05400000e+01   -9.14283000e-02
    3.87400000e+01   -1.65609000e-01
    1.69500000e+01   -1.52505000e-01
    6.45200000e+00    1.68524000e-01
    2.87400000e+00    5.69284000e-01
    1.25000000e+00    3.98056000e-01
13  0
    5.13000000e+05    1.78068000e-06
    7.68200000e+04    1.38148000e-05
    1.74700000e+04    7.30005000e-05
    4.93500000e+03    3.07666000e-04
    1.60200000e+03    1.12563000e-03
    5.74100000e+02    3.58435000e-03
    2.21500000e+02    1.01728000e-02
    9.05400000e+01    2.37520000e-02
    3.87400000e+01    4.43483000e-02
    1.69500000e+01    4.19041000e-02
    6.45200000e+00   -5.02504000e-02
    2.87400000e+00   -2.16578000e-01
    1.25000000e+00   -2.86448000e-01
1  0
    3.59900000e-01    1.00000000e+00
1  0
    1.69900000e-01    1.00000000e+00
1  0
    7.06600000e-02    1.00000000e+00
1  0
    1.21640000e+01    1.00000000e+00
1  0
    6.18700000e+00    1.00000000e+00
1  0
    3.14700000e+00    1.00000000e+00
8  1
    1.12200000e+03    4.48143000e-04
    2.66000000e+02    3.81639000e-03
    8.59200000e+01    1.98105000e-02
    3.23300000e+01    7.27017000e-02
    1.33700000e+01    1.89839000e-01
    5.80000000e+00    3.35672000e-01
    2.55900000e+00    3.79365000e-01
    1.12400000e+00    2.01193000e-01
8  1
    1.12200000e+03   -9.64883000e-05
    2.66000000e+02   -8.11971000e-04
    8.59200000e+01   -4.30087000e-03
    3.23300000e+01   -1.57502000e-02
    1.33700000e+01   -4.29541000e-02
    5.80000000e+00   -7.52574000e-02
    2.55900000e+00   -9.71446000e-02
    1.12400000e+00   -2.27507000e-02
1  1
    3.98800000e-01    1.00000000e+00
1  1
    1.53300000e-01    1.00000000e+00
1  1
    5.72800000e-02    1.00000000e+00
1  1
    1.26460000e+01    1.00000000e+00
1  1
    5.74700000e+00    1.00000000e+00
1  1
    2.61200000e+00    1.00000000e+00
1  2
    1.20000000e-01    1.00000000e+00
1  2
    3.02000000e-01    1.00000000e+00
1  2
    7.60000000e-01    1.00000000e+00
1  2
    1.90150000e+01    1.00000000e+00
1  2
    7.40100000e+00    1.00000000e+00
1  2
    2.88100000e+00    1.00000000e+00
1  3
    2.12000000e-01    1.00000000e+00
1  3
    5.41000000e-01    1.00000000e+00
1  3
    1.19250000e+01    1.00000000e+00
1  3
    4.30400000e+00    1.00000000e+00
1  4
    4.61000000e-01    1.00000000e+00
1  4
    8.57700000e+00    1.00000000e+00
