13
7  0
    4.47733581e+04    5.59147659e-04
    6.71719921e+03    4.32060402e-03
    1.52889603e+03    2.21870965e-02
    4.32547466e+02    8.64892491e-02
    1.40615052e+02    2.49398897e-01
    4.98576367e+01    4.60171974e-01
    1.84349749e+01    3.42502366e-01
3  0
    8.65338861e+01    2.13000630e-02
    2.66246068e+01    9.46761393e-02
    4.49530572e+00   -3.26162649e-01
2  0
    2.10350457e+00    1.39808039e+00
    1.01060949e+00    6.38657867e-01
1  0
    2.37017515e-01    1.00000000e+00
1  0
    8.57034054e-02    1.00000000e+00
5  1
    3.94475036e+02    2.62856940e-03
    9.31376831e+01    2.05562577e-02
    2.95196087e+01    9.20702628e-02
    1.07816638e+01    2.55658897e-01
    4.16265748e+00    4.21117072e-01
1  1
    1.62479730e+00    1.00000000e+00
1  1
    5.43066605e-01    1.00000000e+00
1  1
    2.05820740e-01    1.00000000e+00
1  1
    7.00534873e-02    1.00000000e+00
2  2
    2.30300000e+00    2.00000000e-01
    4.76000000e-01    1.00000000e+00
1  2
    1.60000000e-01    1.00000000e+00
1  3
    3.36000000e-01    1.00000000e+00
