5
6  0
    4.22926174e+03    9.16359628e-03
    7.75430510e+02    4.93614929e-02
    2.16937513e+02    1.68538305e-01
    7.45238907e+01    3.70562800e-01
    2.89398076e+01    4.16491530e-01
    1.19190109e+01    1.30334084e-01
6  10
    2.40490485e+02   -1.32527881e-02
    4.75993432e+01   -4.69917101e-02
    1.47938404e+01   -3.37853715e-02
    5.69172363e+00    2.50241786e-01
    2.47191945e+00    5.95117253e-01
    1.13306154e+00    2.40706176e-01
6  10
    2.40490485e+02    3.75969660e-03
    4.75993432e+01    3.76793698e-02
    1.47938404e+01    1.73896744e-01
    5.69172363e+00    4.18036435e-01
    2.47191945e+00    4.25859548e-01
    1.13306154e+00    1.01708296e-01
6  10
    9.43300605e+00   -7.94312640e-03
    2.52624376e+00   -7.10026417e-02
    9.47368251e-01   -1.78502693e-01
    4.24059444e-01    1.51063506e-01
    2.09845408e-01    7.35491477e-01
    1.08147094e-01    2.76059312e-01
6  10
    9.43300605e+00   -7.13935890e-03
    2.52624376e+00   -1.82927707e-02
    9.47368251e-01    7.62162143e-02
    4.24059444e-01    4.14509860e-01
    2.09845408e-01    4.88962147e-01
    1.08147094e-01    1.05881652e-01
