5
3  0
    4.07797551e+02    1.54328967e-01
    7.42808330e+01    5.35328142e-01
    2.01032923e+01    4.44634542e-01
3  10
    2.31936561e+01   -9.99672292e-02
    5.38970687e+00    3.99512826e-01
    1.75289995e+00    7.00115469e-01
3  10
    2.31936561e+01    1.55916275e-01
    5.38970687e+00    6.07683719e-01
    1.75289995e+00    3.91957393e-01
3  10
    1.47874062e+00   -2.19620369e-01
    4.12564880e-01    2.25595434e-01
    1.61475098e-01    9.00398426e-01
3  10
    1.47874062e+00    1.05876043e-02
    4.12564880e-01    5.95167005e-01
    1.61475098e-01    4.62001012e-01
