13
3  0
    1.27416740e+04    6.11350000e-02
    1.92846920e+03    3.67293000e-01
    4.23807970e+02    6.90545000e-01
3  0
    5.74287500e+02   -1.12746000e-01
    1.24953700e+02    8.28630000e-02
    4.03957600e+01    9.70151000e-01
3  1
    5.74287500e+02    1.52580000e-01
    1.24953700e+02    6.11011000e-01
    4.03957600e+01    3.95155000e-01
3  0
    4.88066200e+01   -2.82453000e-01
    2.38358800e+01    6.60560000e-02
    7.04829600e+00    1.08198700e+00
3  1
    4.88066200e+01   -1.50963000e-01
    2.38358800e+01    5.39968000e-01
    7.04829600e+00    6.60482000e-01
3  0
    6.97337800e+00   -4.34036000e-01
    2.69304000e+00    4.61029000e-01
    1.02595800e+00    8.28558000e-01
3  1
    6.97337800e+00    1.19510000e-02
    2.69304000e+00    5.06719000e-01
    1.02595800e+00    5.52911000e-01
2  0
    1.13146300e+00   -5.25208000e-01
    2.03409000e-01    1.22922600e+00
2  1
    1.13146300e+00    2.10710000e-02
    2.03409000e-01    9.90591000e-01
1  0
    7.05640000e-02    1.00000000e+00
1  1
    7.05640000e-02    1.00000000e+00
3  2
    1.08056300e+02    1.19824000e-01
    3.01315760e+01    4.87591000e-01
    9.53003600e+00    5.84987000e-01
3  2
    4.96261000e+00    2.52949000e-01
    1.71208300e+00    5.72761000e-01
    5.77195000e-01    3.69039000e-01
