11
3  0
    5.37046641e+03    1.54328967e-01
    9.78237161e+02    5.35328142e-01
    2.64749152e+02    4.44634542e-01
3  0
    4.72051532e+02   -9.99672292e-02
    1.09694624e+02    3.99512826e-01
    3.56760964e+01    7.00115469e-01
3  1
    4.72051532e+02    1.55916275e-01
    1.09694624e+02    6.07683719e-01
    3.56760964e+01    3.91957393e-01
3  0
    5.91514119e+01   -2.27763502e-01
    1.80430660e+01    2.17543604e-01
    6.96157579e+00    9.16676961e-01
3  1
    5.91514119e+01    4.95151120e-03
    1.80430660e+01    5.77766469e-01
    6.96157579e+00    4.84646037e-01
3  0
    5.58313853e+00   -3.30610063e-01
    2.17404520e+00    5.76109534e-02
    9.57020051e-01    1.11557875e+00
3  1
    5.58313853e+00   -1.28392763e-01
    2.17404520e+00    5.85204764e-01
    9.57020051e-01    5.43944204e-01
3  0
    6.23581642e-01   -3.84264261e-01
    3.35760162e-01   -1.97256744e-01
    1.48311168e-01    1.37549551e+00
3  1
    6.23581642e-01   -3.48169153e-01
    3.35760162e-01    6.29032369e-01
    1.48311168e-01    6.66283274e-01
3  2
    5.91514119e+01    2.19767951e-01
    1.80430660e+01    6.55547363e-01
    6.96157579e+00    2.86573259e-01
3  2
    5.58313853e+00    1.25066214e-01
    2.17404520e+00    6.68678558e-01
    9.57020051e-01    3.05246825e-01
