10
3  0
    3.10098395e+03    1.54328967e-01
    5.64848098e+02    5.35328142e-01
    1.52869939e+02    4.44634542e-01
3  0
    2.63501901e+02   -9.99672292e-02
    6.12321749e+01    3.99512826e-01
    1.99146037e+01    7.00115469e-01
3  1
    2.63501901e+02    1.55916275e-01
    6.12321749e+01    6.07683719e-01
    1.99146037e+01    3.91957393e-01
3  0
    2.55788669e+01   -2.27763502e-01
    7.80236971e+00    2.17543604e-01
    3.01039679e+00    9.16676961e-01
3  1
    2.55788669e+01    4.95151110e-03
    7.80236971e+00    5.77766469e-01
    3.01039679e+00    4.84646037e-01
3  0
    2.46103240e+00   -3.08844122e-01
    9.08275734e-01    1.96064117e-02
    4.01104140e-01    1.13103444e+00
3  1
    2.46103240e+00   -1.21546860e-01
    9.08275734e-01    5.71522760e-01
    4.01104140e-01    5.49894947e-01
3  0
    4.37080480e-01   -3.84264261e-01
    2.35340816e-01   -1.97256744e-01
    1.03954177e-01    1.37549551e+00
3  1
    4.37080480e-01   -3.48169153e-01
    2.35340816e-01    6.29032369e-01
    1.03954177e-01    6.66283274e-01
3  2
    2.55788669e+01    2.19767951e-01
    7.80236971e+00    6.55547363e-01
    3.01039679e+00    2.86573259e-01
