20
1  0
    1.74375000e+05    1.00000000e+00
1  0
    2.90620000e+04    1.00000000e+00
1  0
    5.81200000e+03    1.00000000e+00
1  0
    1.16200000e+03    1.00000000e+00
1  0
    2.32000000e+02    1.00000000e+00
1  10
    5.58000000e+01    1.00000000e+00
1  10
    5.58000000e+01    1.00000000e+00
1  10
    9.30000000e+00    1.00000000e+00
1  10
    9.30000000e+00    1.00000000e+00
1  10
    1.86000000e+00    1.00000000e+00
1  10
    1.86000000e+00    1.00000000e+00
1  10
    3.72000000e-01    1.00000000e+00
1  10
    3.72000000e-01    1.00000000e+00
1  10
    7.40000000e-02    1.00000000e+00
1  10
    7.40000000e-02    1.00000000e+00
1  2
    5.58000000e+01    1.00000000e+00
1  2
    9.30000000e+00    1.00000000e+00
1  2
    1.86000000e+00    1.00000000e+00
1  2
    3.72000000e-01    1.00000000e+00
1  2
    7.40000000e-02    1.00000000e+00
