11
3  0
    3.97086826e+03    1.54328967e-01
    7.23298610e+02    5.35328142e-01
    1.95752831e+02    4.44634542e-01
3  0
    3.43584632e+02   -9.99672292e-02
    7.98416795e+01    3.99512826e-01
    2.59669922e+01    7.00115469e-01
3  1
    3.43584632e+02    1.55916275e-01
    7.98416795e+01    6.07683719e-01
    2.59669922e+01    3.91957393e-01
3  0
    3.80899198e+01   -2.27763502e-01
    1.16186396e+01    2.17543604e-01
    4.48283237e+00    9.16676961e-01
3  1
    3.80899198e+01    4.95151110e-03
    1.16186396e+01    5.77766469e-01
    4.48283237e+00    4.84646037e-01
3  0
    3.82975271e+00   -3.30610063e-01
    1.49128585e+00    5.76109533e-02
    6.56467704e-01    1.15578745e+00
3  1
    3.82975271e+00   -1.28392763e-01
    1.49128585e+00    5.85204764e-01
    6.56467704e-01    5.43944204e-01
3  0
    4.61699983e-01   -3.84264261e-01
    2.48596896e-01   -1.97256744e-01
    1.09809621e-01    1.37549551e+00
3  1
    4.61699983e-01   -3.48169153e-01
    2.48596896e-01    6.29032369e-01
    1.09809621e-01    6.66283274e-01
3  2
    3.80899198e+01    2.19767951e-01
    1.16186396e+01    6.55547363e-01
    4.48283237e+00    2.86573259e-01
3  2
    2.10137323e+00    1.25066214e-01
    8.18263843e-01    6.68678558e-01
    3.60201758e-01    3.05246825e-01
