23
4  0
    2.48047177e+01    1.96966200e-01
    1.48842890e+01   -1.39434960e+00
    8.75546390e+00    4.48025340e+00
    5.25379310e+00   -4.96710500e+00
1  0
    3.07539550e+00    1.00000000e+00
1  0
    1.78210120e+00    1.00000000e+00
1  0
    1.04829480e+00    1.00000000e+00
1  0
    5.83753300e-01    1.00000000e+00
1  0
    2.25393700e-01    1.00000000e+00
1  0
    1.25512700e-01    1.00000000e+00
1  0
    7.38310000e-02    1.00000000e+00
1  1
    7.66647080e+00    1.00000000e+00
1  1
    2.65916600e+00    1.00000000e+00
1  1
    9.09394900e-01    1.00000000e+00
1  1
    3.08400600e-01    1.00000000e+00
1  1
    1.04296500e-01    1.00000000e+00
1  2
    5.65428270e+00    1.00000000e+00
1  2
    2.39879470e+00    1.00000000e+00
1  2
    1.00096730e+00    1.00000000e+00
1  2
    4.13608900e-01    1.00000000e+00
1  2
    1.70353100e-01    1.00000000e+00
2  3
    1.58665170e+00   -1.86055000e-02
    6.28616400e-01    1.25267000e-02
1  3
    2.61856400e-01    1.00000000e+00
1  4
    2.22806940e+00    1.00000000e+00
1  4
    8.12659800e-01    1.00000000e+00
1  4
    2.95154600e-01    1.00000000e+00
