11
3  0
    5.81006159e+03    1.54328967e-01
    1.05830997e+03    5.35328142e-01
    2.86419980e+02    4.44634542e-01
3  0
    5.12754192e+02   -9.99672292e-02
    1.19153047e+02    3.99512826e-01
    3.87522690e+01    7.00115469e-01
3  1
    5.12754192e+02    1.55916275e-01
    1.19153047e+02    6.07683719e-01
    3.87522690e+01    3.91957393e-01
3  0
    6.59855623e+01   -2.27763502e-01
    2.01276997e+01    2.17543604e-01
    7.76589228e+00    9.16676961e-01
3  1
    6.59855623e+01    4.95151120e-03
    2.01276997e+01    5.77766469e-01
    7.76589228e+00    4.84646037e-01
3  0
    6.70795692e+00   -3.30610063e-01
    2.61204365e+00    5.76109534e-02
    1.14982805e+00    1.11557875e+00
3  1
    6.70795692e+00   -1.28392763e-01
    2.61204365e+00    5.85204764e-01
    1.14982805e+00    5.43944204e-01
3  0
    7.01271348e-01   -3.84264261e-01
    3.77591265e-01   -1.97256744e-01
    1.66788702e-01    1.37549551e+00
3  1
    7.01271348e-01   -3.48169153e-01
    3.77591265e-01    6.29032369e-01
    1.66788702e-01    6.66283274e-01
3  2
    6.59855623e+01    2.19767951e-01
    2.01276997e+01    6.55547363e-01
    7.76589228e+00    2.86573259e-01
3  2
    6.70795692e+00    1.25066214e-01
    2.61204365e+00    6.68678558e-01
    1.14982805e+00    3.05246825e-01
