12
6  0
    4.31529500e+04    1.79187200e-03
    6.47957100e+03    1.37239200e-02
    1.47567500e+03    6.76283000e-02
    4.15699100e+02    2.33764200e-01
    1.33000600e+02    4.81069600e-01
    4.52722200e+01    3.46228000e-01
6  10
    8.74682600e+02    2.43100800e-03
    2.07978500e+02    3.23302700e-02
    6.68791800e+01    1.24252000e-01
    2.48734700e+01   -3.90390500e-02
    9.96844100e+00   -6.17178900e-01
    4.06382600e+00   -4.47309700e-01
6  10
    8.74682600e+02    4.01767900e-03
    2.07978500e+02    3.11396600e-02
    6.68791800e+01    1.34907700e-01
    2.48734700e+01    3.43167200e-01
    9.96844100e+00    4.62576000e-01
    4.06382600e+00    2.15460300e-01
6  10
    3.36436300e+01   -2.94035800e-03
    1.08756500e+01    7.16310300e-02
    4.62822500e+00    2.52891500e-01
    1.95012600e+00   -2.96640100e-01
    8.09452000e-01   -7.43221500e-01
    3.20474000e-01   -1.85352000e-01
6  10
    3.36436300e+01   -6.31162000e-03
    1.08756500e+01   -2.69763800e-02
    4.62822500e+00    5.31684700e-02
    1.95012600e+00    3.84554900e-01
    8.09452000e-01    5.12766200e-01
    3.20474000e-01    1.81113500e-01
3  10
    1.22414800e+00    6.35146500e-02
    4.84263000e-01    3.15140400e-01
    8.40960000e-02   -1.16259500e+00
3  10
    1.22414800e+00   -2.11207000e-01
    4.84263000e-01    7.77199800e-02
    8.40960000e-02    9.89821400e-01
1  10
    3.20360000e-02    1.00000000e+00
1  10
    3.20360000e-02    1.00000000e+00
3  2
    1.36908500e+01    8.58941800e-02
    3.51315400e+00    3.78467100e-01
    1.04043400e+00    7.16123900e-01
1  2
    2.86962000e-01    1.00000000e+00
1  3
    8.00000000e-01    1.00000000e+00
