15
19  0
    3.01464300e+06    8.06078200e-06
    4.51432900e+05    6.26751800e-05
    1.02733800e+05    3.29500600e-04
    2.90981700e+04    1.38920300e-03
    9.49233000e+03    5.02846900e-03
    3.42634600e+03    1.61041900e-02
    1.33589600e+03    4.58123200e-02
    5.53502600e+02    1.12861300e-01
    2.40692500e+02    2.24819300e-01
    1.08729300e+02    3.11457100e-01
    5.02645700e+01    2.22499500e-01
    2.25800400e+01    7.29312800e-02
    1.07143200e+01    1.16068300e-01
    5.09354600e+00    1.19477400e-01
    2.24418300e+00    2.09786800e-02
    1.05957000e+00   -5.09171500e-04
    4.68849000e-01    2.21785900e-04
    1.06143000e-01   -7.63689600e-05
    5.52620000e-02    7.71953900e-05
19  0
    3.01464300e+06   -4.63048600e-06
    4.51432900e+05   -3.60045100e-05
    1.02733800e+05   -1.89342000e-04
    2.90981700e+04   -7.98878100e-04
    9.49233000e+03   -2.89869800e-03
    3.42634600e+03   -9.33970100e-03
    1.33589600e+03   -2.69746400e-02
    5.53502600e+02   -6.87891300e-02
    2.40692500e+02   -1.48103700e-01
    1.08729300e+02   -2.44525300e-01
    5.02645700e+01   -2.41991600e-01
    2.25800400e+01    3.18379000e-02
    1.07143200e+01    4.93268600e-01
    5.09354600e+00    4.93965500e-01
    2.24418300e+00    9.19631300e-02
    1.05957000e+00   -5.31699200e-03
    4.68849000e-01    8.08562400e-04
    1.06143000e-01   -6.91845900e-04
    5.52620000e-02    6.08651200e-04
19  0
    3.01464300e+06    9.23055900e-07
    4.51432900e+05    7.17897400e-06
    1.02733800e+05    3.77513400e-05
    2.90981700e+04    1.59453200e-04
    9.49233000e+03    5.79515000e-04
    3.42634600e+03    1.87841400e-03
    1.33589600e+03    5.49274700e-03
    5.53502600e+02    1.44329700e-02
    2.40692500e+02    3.29640800e-02
    1.08729300e+02    6.12549300e-02
    5.02645700e+01    7.13411300e-02
    2.25800400e+01   -1.97315000e-02
    1.07143200e+01   -2.74186900e-01
    5.09354600e+00   -4.44097700e-01
    2.24418300e+00    7.77608400e-02
    1.05957000e+00    7.06844400e-01
    4.68849000e-01    4.41389200e-01
    1.06143000e-01    2.79976900e-02
    5.52620000e-02   -1.21079000e-02
19  0
    3.01464300e+06   -2.18032300e-07
    4.51432900e+05   -1.69486000e-06
    1.02733800e+05   -8.91920800e-06
    2.90981700e+04   -3.76363300e-05
    9.49233000e+03   -1.36957500e-04
    3.42634600e+03   -4.43289400e-04
    1.33589600e+03   -1.29886800e-03
    5.53502600e+02   -3.40675200e-03
    2.40692500e+02   -7.81082900e-03
    1.08729300e+02   -1.44924500e-02
    5.02645700e+01   -1.70813600e-02
    2.25800400e+01    4.89766600e-03
    1.07143200e+01    6.75310800e-02
    5.09354600e+00    1.17331800e-01
    2.24418300e+00   -2.98502500e-02
    1.05957000e+00   -2.27763400e-01
    4.68849000e-01   -2.92811500e-01
    1.06143000e-01    2.66530000e-01
    5.52620000e-02    5.91240600e-01
19  0
    3.01464300e+06   -3.97512600e-07
    4.51432900e+05   -3.16108000e-06
    1.02733800e+05   -1.60937500e-05
    2.90981700e+04   -7.09294700e-05
    9.49233000e+03   -2.44271000e-04
    3.42634600e+03   -8.45789200e-04
    1.33589600e+03   -2.28220800e-03
    5.53502600e+02   -6.61987300e-03
    2.40692500e+02   -1.33502400e-02
    1.08729300e+02   -2.95583000e-02
    5.02645700e+01   -2.47703900e-02
    2.25800400e+01   -8.41462400e-03
    1.07143200e+01    1.69385500e-01
    5.09354600e+00    1.50078700e-01
    2.24418300e+00    9.78777700e-02
    1.05957000e+00   -9.65360800e-01
    4.68849000e-01    1.48972100e-01
    1.06143000e-01    2.19117900e+00
    5.52620000e-02   -1.24332500e+00
1  0
    2.54650000e-02    1.00000000e+00
15  1
    1.19120300e+04    4.40000000e-05
    2.81994700e+03    3.91000000e-04
    9.15947900e+02    2.24800000e-03
    3.50384200e+02    9.82300000e-03
    1.48482500e+02    3.43380000e-02
    6.75394400e+01    9.66660000e-02
    3.23033200e+01    2.09417000e-01
    1.59278600e+01    3.30189000e-01
    8.03803500e+00    3.31936000e-01
    4.09391600e+00    1.58488000e-01
    2.02239000e+00    2.23100000e-02
    9.76102000e-01   -1.56600000e-03
    4.59595000e-01   -1.32400000e-03
    1.77152000e-01   -2.71000000e-04
    7.35170000e-02    3.20000000e-05
15  1
    1.19120300e+04   -1.50000000e-05
    2.81994700e+03   -1.31000000e-04
    9.15947900e+02   -7.55000000e-04
    3.50384200e+02   -3.31900000e-03
    1.48482500e+02   -1.17500000e-02
    6.75394400e+01   -3.39220000e-02
    3.23033200e+01   -7.61640000e-02
    1.59278600e+01   -1.25702000e-01
    8.03803500e+00   -1.33098000e-01
    4.09391600e+00    1.74060000e-02
    2.02239000e+00    3.15165000e-01
    9.76102000e-01    4.61814000e-01
    4.59595000e-01    2.99856000e-01
    1.77152000e-01    5.00000000e-02
    7.35170000e-02   -4.23000000e-03
15  1
    1.19120300e+04    4.00000000e-06
    2.81994700e+03    3.10000000e-05
    9.15947900e+02    1.82000000e-04
    3.50384200e+02    7.95000000e-04
    1.48482500e+02    2.83300000e-03
    6.75394400e+01    8.15400000e-03
    3.23033200e+01    1.84720000e-02
    1.59278600e+01    3.04000000e-02
    8.03803500e+00    3.30470000e-02
    4.09391600e+00   -8.25100000e-03
    2.02239000e+00   -8.85540000e-02
    9.76102000e-01   -1.49612000e-01
    4.59595000e-01   -9.42270000e-02
    1.77152000e-01    2.50846000e-01
    7.35170000e-02    5.86643000e-01
15  1
    1.19120300e+04    4.00000000e-06
    2.81994700e+03    3.90000000e-05
    9.15947900e+02    2.23000000e-04
    3.50384200e+02    9.92000000e-04
    1.48482500e+02    3.47600000e-03
    6.75394400e+01    1.01720000e-02
    3.23033200e+01    2.25760000e-02
    1.59278600e+01    3.82380000e-02
    8.03803500e+00    3.93370000e-02
    4.09391600e+00   -6.10600000e-03
    2.02239000e+00   -1.12962000e-01
    9.76102000e-01   -1.68114000e-01
    4.59595000e-01   -1.65932000e-01
    1.77152000e-01    3.91403000e-01
    7.35170000e-02    6.81840000e-01
1  1
    2.94010000e-02    1.00000000e+00
7  2
    6.40130000e+01    3.88700000e-03
    1.88179000e+01    2.63990000e-02
    6.72870000e+00    9.75110000e-02
    2.66413000e+00    2.32848000e-01
    1.07868000e+00    3.53152000e-01
    4.23209000e-01    3.72186000e-01
    1.55999000e-01    2.47672000e-01
7  2
    6.40130000e+01   -3.97000000e-03
    1.88179000e+01   -2.68730000e-02
    6.72870000e+00   -1.02275000e-01
    2.66413000e+00   -2.37728000e-01
    1.07868000e+00   -3.12114000e-01
    4.23209000e-01   -4.23780000e-02
    1.55999000e-01    5.88658000e-01
1  2
    5.18840000e-02    1.00000000e+00
2  3
    1.22740000e+00    3.58158000e-01
    2.78800000e-01    8.25794000e-01
