15
8  0
    2.11575690e+05    2.33181510e-04
    3.17149451e+04    1.80796909e-03
    7.21754765e+03    9.39843114e-03
    2.04293942e+03    3.81568536e-02
    6.65128962e+02    1.23747572e-01
    2.38749423e+02    2.92085511e-01
    9.25086910e+01    4.12268009e-01
    3.64039192e+01    2.10905341e-01
4  0
    2.32726246e+02   -2.49201407e-02
    7.17912097e+01   -1.17464901e-01
    1.11585346e+01    5.65033423e-01
    4.65481354e+00    5.62111018e-01
2  0
    6.80346292e+00   -2.30114255e-01
    1.12010764e+00    7.21031867e-01
1  0
    4.80801188e-01    1.00000000e+00
1  0
    8.51572750e-02    1.00000000e+00
1  0
    3.26574770e-02    1.00000000e+00
6  1
    1.06314747e+03    2.46908393e-03
    2.51565071e+02    1.97733455e-02
    8.04085549e+01    9.09879767e-02
    2.97681933e+01    2.55599004e-01
    1.17368306e+01    4.04893868e-01
    4.71423752e+00    2.36934026e-01
3  1
    1.77968037e+01   -2.78786396e-02
    2.42726987e+00    5.56729147e-01
    9.68234455e-01    1.00554473e+00
1  1
    3.70566942e-01    1.00000000e+00
1  1
    1.01561000e-01    1.00000000e+00
4  2
    3.77133847e+01    1.15138351e-02
    1.06929312e+01    6.72463440e-02
    3.67284470e+00    2.14842078e-01
    1.35885903e+00    3.88908928e-01
1  2
    4.92132953e-01    1.00000000e+00
1  2
    1.63305207e-01    1.00000000e+00
1  2
    5.40000000e-02    1.00000000e+00
1  3
    5.62000000e-01    1.00000000e+00
