23
12  0
    1.92046236e+04    9.15050600e-01
    8.78107040e+03    4.69977300e-01
    4.14878340e+03    3.02985230e+00
    1.90688764e+03    5.43710200e+00
    9.08965042e+02    1.10298634e+01
    4.31574548e+02    1.48132612e+01
    2.11164207e+02    1.03626783e+01
    1.02254813e+02   -5.83707100e-01
    5.07017530e+01   -6.32634000e-01
    2.50892871e+01    1.15043968e+01
    1.27562921e+01    8.49084520e+00
    6.39862260e+00   -3.00653130e+00
1  0
    3.20363910e+00    1.00000000e+00
1  0
    1.66453450e+00    1.00000000e+00
1  0
    8.42690700e-01    1.00000000e+00
1  0
    4.32199500e-01    1.00000000e+00
1  0
    2.21602300e-01    1.00000000e+00
1  0
    1.14333600e-01    1.00000000e+00
1  0
    5.88697000e-02    1.00000000e+00
1  1
    1.67078840e+01    1.00000000e+00
1  1
    4.41545110e+00    1.00000000e+00
1  1
    1.23952260e+00    1.00000000e+00
1  1
    3.61463800e-01    1.00000000e+00
1  1
    1.06789400e-01    1.00000000e+00
1  2
    1.07607651e+01    1.00000000e+00
1  2
    3.63926800e+00    1.00000000e+00
1  2
    1.36951240e+00    1.00000000e+00
1  2
    5.93177200e-01    1.00000000e+00
1  2
    2.56923000e-01    1.00000000e+00
2  3
    3.17247940e+00   -1.55587000e-02
    1.11370390e+00   -1.02500000e-03
1  3
    3.88524000e-01    1.00000000e+00
1  4
    6.96501580e+00    1.00000000e+00
1  4
    2.17738960e+00    1.00000000e+00
1  4
    6.87636900e-01    1.00000000e+00
