18
4  0
    2.85237942e+01    5.45187500e-01
    1.69909666e+01   -3.75170600e+00
    1.02982993e+01    1.05302531e+01
    6.17958510e+00   -1.12564261e+01
1  0
    3.63505000e+00    1.00000000e+00
1  0
    2.18124370e+00    1.00000000e+00
1  0
    1.25780270e+00    1.00000000e+00
1  0
    7.39883900e-01    1.00000000e+00
1  0
    4.54114300e-01    1.00000000e+00
1  0
    2.35789400e-01    1.00000000e+00
1  0
    8.66223000e-02    1.00000000e+00
2  1
    3.10786070e+00    1.00000000e+00
    1.25416190e+00    1.00000000e+00
1  1
    4.99002600e-01    1.00000000e+00
1  1
    1.96882700e-01    1.00000000e+00
1  1
    7.74648000e-02    1.00000000e+00
3  2
    2.68047810e+00    2.16744000e-02
    1.05465140e+00   -2.46906000e-02
    4.14959400e-01    1.45071000e-02
1  2
    6.81264250e+00    1.00000000e+00
1  2
    1.63268500e-01    1.00000000e+00
2  3
    1.05818900e+00   -8.68500000e-04
    4.30210700e-01   -1.29870000e-03
1  3
    1.74760000e-01    1.00000000e+00
1  4
    5.62302400e-01    1.00000000e+00
