19
19  0
    3.32185700e+06    8.03999900e-06
    4.97435600e+05    6.25140200e-05
    1.13202700e+05    3.28655300e-04
    3.20633300e+04    1.38569700e-03
    1.04596200e+04    5.01621700e-03
    3.77550600e+03    1.60693100e-02
    1.47204000e+03    4.57424200e-02
    6.09933100e+02    1.12854400e-01
    2.65263400e+02    2.25434400e-01
    1.19860700e+02    3.14046100e-01
    5.54489100e+01    2.26781900e-01
    2.49837200e+01    7.33406900e-02
    1.18805600e+01    1.10247400e-01
    5.66031100e+00    1.13135800e-01
    2.49570300e+00    1.97129500e-02
    1.17786600e+00   -4.71908800e-04
    5.20044000e-01    1.86160600e-04
    1.15965000e-01   -6.20859800e-05
    5.89380000e-02    7.29531400e-05
19  0
    3.32185700e+06   -4.50300300e-06
    4.97435600e+05   -3.50129500e-05
    1.13202700e+05   -1.84133900e-04
    3.20633300e+04   -7.76921600e-04
    1.04596200e+04   -2.81950500e-03
    3.77550600e+03   -9.08748600e-03
    1.47204000e+03   -2.62713400e-02
    6.09933100e+02   -6.71272600e-02
    2.65263400e+02   -1.45113000e-01
    1.19860700e+02   -2.41248300e-01
    5.54489100e+01   -2.41631400e-01
    2.49837200e+01    3.06736200e-02
    1.18805600e+01    4.97041500e-01
    5.66031100e+00    4.95887500e-01
    2.49570300e+00    9.18186800e-02
    1.17786600e+00   -5.39251400e-03
    5.20044000e-01    7.10238000e-04
    1.15965000e-01   -6.36312800e-04
    5.89380000e-02    5.97993200e-04
19  0
    3.32185700e+06    9.32064800e-07
    4.97435600e+05    7.24930600e-06
    1.13202700e+05    3.81196700e-05
    3.20633300e+04    1.61023800e-04
    1.04596200e+04    5.85221000e-04
    3.77550600e+03    1.89750200e-03
    1.47204000e+03    5.55090900e-03
    6.09933100e+02    1.46058400e-02
    2.65263400e+02    3.34297400e-02
    1.19860700e+02    6.23572200e-02
    5.54489100e+01    7.31243500e-02
    2.49837200e+01   -1.91147200e-02
    1.18805600e+01   -2.81724900e-01
    5.66031100e+00   -4.48815100e-01
    2.49570300e+00    9.20269600e-02
    1.17786600e+00    7.11011700e-01
    5.20044000e-01    4.30927400e-01
    1.15965000e-01    2.60458900e-02
    5.89380000e-02   -1.10104900e-02
19  0
    3.32185700e+06   -2.15894400e-07
    4.97435600e+05   -1.67851900e-06
    1.13202700e+05   -8.83121300e-06
    3.20633300e+04   -3.72776900e-05
    1.04596200e+04   -1.35609900e-04
    3.77550600e+03   -4.39235100e-04
    1.47204000e+03   -1.28694800e-03
    6.09933100e+02   -3.38214900e-03
    2.65263400e+02   -7.76564600e-03
    1.19860700e+02   -1.44798500e-02
    5.54489100e+01   -1.71550200e-02
    2.49837200e+01    4.61010100e-03
    1.18805600e+01    6.82783100e-02
    5.66031100e+00    1.16136800e-01
    2.49570300e+00   -3.27704900e-02
    1.17786600e+00   -2.28000000e-01
    5.20044000e-01   -2.79399100e-01
    1.15965000e-01    2.77116500e-01
    5.89380000e-02    5.85299900e-01
19  0
    3.32185700e+06   -4.09341600e-07
    4.97435600e+05   -3.25895600e-06
    1.13202700e+05   -1.65639000e-05
    3.20633300e+04   -7.31668900e-05
    1.04596200e+04   -2.51278400e-04
    3.77550600e+03   -8.73265700e-04
    1.47204000e+03   -2.34765400e-03
    6.09933100e+02   -6.85315000e-03
    2.65263400e+02   -1.37642000e-02
    1.19860700e+02   -3.08467900e-02
    5.54489100e+01   -2.56220800e-02
    2.49837200e+01   -1.00512300e-02
    1.18805600e+01    1.79533000e-01
    5.66031100e+00    1.52240000e-01
    2.49570300e+00    9.48388700e-02
    1.17786600e+00   -1.01487600e+00
    5.20044000e-01    2.30881000e-01
    1.15965000e-01    2.11332100e+00
    5.89380000e-02   -1.25304800e+00
1  0
    2.69460000e-02    1.00000000e+00
1  0
    1.23200000e-02    1.00000000e+00
15  1
    1.32732000e+04    4.30000000e-05
    3.14212600e+03    3.84000000e-04
    1.02058800e+03    2.21000000e-03
    3.90440700e+02    9.67800000e-03
    1.65504300e+02    3.39360000e-02
    7.53200600e+01    9.59170000e-02
    3.60550300e+01    2.08853000e-01
    1.78043600e+01    3.30660000e-01
    9.00292900e+00    3.32312000e-01
    4.59454400e+00    1.58188000e-01
    2.27676000e+00    2.22520000e-02
    1.10117800e+00   -1.56500000e-03
    5.18638000e-01   -1.35300000e-03
    2.00565000e-01   -2.65000000e-04
    8.12910000e-02    2.90000000e-05
15  1
    1.32732000e+04   -1.50000000e-05
    3.14212600e+03   -1.31000000e-04
    1.02058800e+03   -7.55000000e-04
    3.90440700e+02   -3.32500000e-03
    1.65504300e+02   -1.18110000e-02
    7.53200600e+01   -3.42560000e-02
    3.60550300e+01   -7.73630000e-02
    1.78043600e+01   -1.28456000e-01
    9.00292900e+00   -1.35078000e-01
    4.59454400e+00    2.08380000e-02
    2.27676000e+00    3.20499000e-01
    1.10117800e+00    4.60260000e-01
    5.18638000e-01    2.95346000e-01
    2.00565000e-01    4.90460000e-02
    8.12910000e-02   -3.82400000e-03
15  1
    1.32732000e+04    4.00000000e-06
    3.14212600e+03    3.20000000e-05
    1.02058800e+03    1.83000000e-04
    3.90440700e+02    8.02000000e-04
    1.65504300e+02    2.86200000e-03
    7.53200600e+01    8.28700000e-03
    3.60550300e+01    1.88700000e-02
    1.78043600e+01    3.13070000e-02
    9.00292900e+00    3.36600000e-02
    4.59454400e+00   -9.47900000e-03
    2.27676000e+00   -9.23130000e-02
    1.10117800e+00   -1.48989000e-01
    5.18638000e-01   -8.36440000e-02
    2.00565000e-01    2.49339000e-01
    8.12910000e-02    5.80515000e-01
15  1
    1.32732000e+04    4.00000000e-06
    3.14212600e+03    3.90000000e-05
    1.02058800e+03    2.23000000e-04
    3.90440700e+02    9.96000000e-04
    1.65504300e+02    3.49800000e-03
    7.53200600e+01    1.02960000e-02
    3.60550300e+01    2.29620000e-02
    1.78043600e+01    3.92080000e-02
    9.00292900e+00    3.99430000e-02
    4.59454400e+00   -7.12100000e-03
    2.27676000e+00   -1.16225000e-01
    1.10117800e+00   -1.69496000e-01
    5.18638000e-01   -1.55374000e-01
    2.00565000e-01    3.95022000e-01
    8.12910000e-02    6.78908000e-01
1  1
    3.17950000e-02    1.00000000e+00
1  1
    1.24400000e-02    1.00000000e+00
7  2
    7.76115000e+01    3.59500000e-03
    2.29159000e+01    2.52100000e-02
    8.27954000e+00    9.47860000e-02
    3.30993000e+00    2.30363000e-01
    1.35863000e+00    3.52894000e-01
    5.41350000e-01    3.70414000e-01
    2.02356000e-01    2.45718000e-01
7  2
    7.76115000e+01   -3.81800000e-03
    2.29159000e+01   -2.67170000e-02
    8.27954000e+00   -1.03690000e-01
    3.30993000e+00   -2.47689000e-01
    1.35863000e+00   -3.11523000e-01
    5.41350000e-01   -2.28270000e-02
    2.02356000e-01    5.69726000e-01
1  2
    6.75680000e-02    1.00000000e+00
1  2
    2.25600000e-02    1.00000000e+00
2  3
    1.74880000e+00    3.90068000e-01
    4.05700000e-01    8.00841000e-01
1  3
    1.31120000e-01    1.00000000e+00
