16
6  0
    2.71348159e+05    2.19670949e-04
    4.06720051e+04    1.70386065e-03
    9.25707614e+03    8.87137209e-03
    2.62273288e+03    3.61543245e-02
    8.58594802e+02    1.17808908e-01
    3.14194187e+02    2.88025362e-01
2  0
    1.24478621e+02    4.27579173e-01
    5.04693993e+01    3.21442313e-01
1  0
    1.25138469e+01    1.00000000e+00
1  0
    5.34477581e+00    1.00000000e+00
1  0
    1.57556313e+00    1.00000000e+00
1  0
    6.30690331e-01    1.00000000e+00
1  0
    8.79544416e-02    1.00000000e+00
1  0
    3.42969197e-02    1.00000000e+00
3  1
    1.45003193e+03   -1.95173971e-03
    3.43750499e+02   -1.59220142e-02
    1.10825217e+02   -7.53852603e-02
3  1
    4.18224645e+01   -2.36656413e-01
    1.70880737e+01   -4.33469199e-01
    7.26132189e+00   -3.74330014e-01
1  1
    2.94581453e+00    1.00000000e+00
1  1
    1.16502097e+00    1.00000000e+00
1  1
    4.33993784e-01    1.00000000e+00
3  2
    2.73603359e+01    2.66442700e-02
    7.45427655e+00    1.39994365e-01
    2.46322702e+00    3.57611864e-01
1  2
    8.24995424e-01    1.00000000e+00
1  2
    2.52629706e-01    1.00000000e+00
