23
12  0
    1.19420842e+04    2.34304250e+00
    2.43071102e+03    8.88889940e+00
    8.41076430e+02    1.47776882e+01
    4.94750827e+02    7.19019590e+00
    2.91029890e+02    1.35563769e+01
    1.71194048e+02    2.27425420e+00
    5.92366916e+01   -2.07982260e+00
    3.48451117e+01    7.10588550e+00
    2.04971240e+01    1.10294860e+01
    1.20571314e+01    4.40347890e+00
    7.09243000e+00   -2.89654260e+00
    4.17201760e+00   -6.43060400e-01
1  0
    2.45412790e+00    1.00000000e+00
1  0
    1.44360460e+00    1.00000000e+00
1  0
    8.49179200e-01    1.00000000e+00
1  0
    2.93833600e-01    1.00000000e+00
1  0
    1.72843300e-01    1.00000000e+00
1  0
    1.01672500e-01    1.00000000e+00
1  0
    5.98074000e-02    1.00000000e+00
1  1
    1.67130979e+01    1.00000000e+00
1  1
    4.74540370e+00    1.00000000e+00
1  1
    1.38899980e+00    1.00000000e+00
1  1
    4.14244000e-01    1.00000000e+00
1  1
    1.24323400e-01    1.00000000e+00
1  2
    7.71432250e+00    1.00000000e+00
1  2
    3.11707310e+00    1.00000000e+00
1  2
    1.27679500e+00    1.00000000e+00
1  2
    5.27338600e-01    1.00000000e+00
1  2
    2.18405000e-01    1.00000000e+00
2  3
    3.13093440e+00   -1.88627000e-02
    1.04197800e+00    3.15240000e-03
1  3
    3.55904400e-01    1.00000000e+00
1  4
    8.71301100e+00    1.00000000e+00
1  4
    2.74938720e+00    1.00000000e+00
1  4
    8.77508900e-01    1.00000000e+00
