13
3  0
    1.49022360e+04    6.09970000e-02
    2.25653830e+03    3.66629000e-01
    4.96373170e+02    6.91115000e-01
3  0
    6.73661100e+02   -1.12913000e-01
    1.45849100e+02    8.29050000e-02
    4.75770800e+01    9.70029000e-01
3  1
    6.73661100e+02    1.54427000e-01
    1.45849100e+02    6.20617000e-01
    4.75770800e+01    3.82004000e-01
3  0
    5.91675200e+01   -2.73977000e-01
    2.86115900e+01    4.55300000e-02
    8.59659600e+00    1.09252800e+00
3  1
    5.91675200e+01   -1.51857000e-01
    2.86115900e+01    5.47151000e-01
    8.59659600e+00    6.51954000e-01
3  0
    8.63867600e+00   -4.55841000e-01
    3.46281800e+00    4.61736000e-01
    1.40104000e+00    8.44288000e-01
3  1
    8.63867600e+00    9.58500000e-03
    3.46281800e+00    5.29819000e-01
    1.40104000e+00    5.23598000e-01
2  0
    1.57847400e+00   -7.27772000e-01
    3.75081000e-01    1.36279700e+00
2  1
    1.57847400e+00    2.80720000e-02
    3.75081000e-01    9.84264000e-01
1  0
    1.33179000e-01    1.00000000e+00
1  1
    1.33179000e-01    1.00000000e+00
3  2
    1.34913310e+02    1.15011000e-01
    3.79563870e+01    4.81595000e-01
    1.22274750e+01    5.89613000e-01
3  2
    6.60049300e+00    2.71884000e-01
    2.39805100e+00    5.85557000e-01
    8.86482000e-01    3.12746000e-01
