11
3  0
    3.26602687e+03    1.54328967e-01
    5.94910871e+02    5.35328142e-01
    1.61006099e+02    4.44634542e-01
3  10
    2.77937724e+02   -9.99672292e-02
    6.45867500e+01    3.99512826e-01
    2.10056160e+01    7.00115469e-01
3  10
    2.77937724e+02    1.55916275e-01
    6.45867500e+01    6.07683719e-01
    2.10056160e+01    3.91957393e-01
3  10
    3.06713260e+01   -2.27763502e-01
    8.55722200e+00    2.17543604e-01
    3.34923900e+00    9.16676961e-01
3  10
    3.06713260e+01    4.95151110e-03
    8.55722200e+00    5.77766469e-01
    3.34923900e+00    4.84646037e-01
3  10
    2.66768800e+00   -3.30610063e-01
    9.84544000e-01    5.76109533e-02
    4.34785000e-01    1.15578745e+00
3  10
    2.66768800e+00   -1.28392763e-01
    9.84544000e-01    5.85204764e-01
    4.34785000e-01    5.43944204e-01
3  10
    2.07424000e-01   -3.84264261e-01
    1.11685000e-01   -1.97256744e-01
    4.93330000e-02    1.37549551e+00
3  10
    2.07424000e-01   -3.48169153e-01
    1.11685000e-01    6.29032369e-01
    4.93330000e-02    6.66283274e-01
3  2
    5.66004300e+00    2.19767951e-01
    1.77471500e+00    6.55547363e-01
    6.91295000e-01    2.86573259e-01
3  2
    2.12821200e+00    1.25066214e-01
    9.62594000e-01    6.68678558e-01
    4.72861000e-01    3.05246825e-01
