8
3  0
    1.92943230e+03    1.54328967e-01
    3.51448502e+02    5.35328142e-01
    9.51156802e+01    4.44634542e-01
3  0
    1.55841676e+02   -9.99672292e-02
    3.62142539e+01    3.99512826e-01
    1.17779993e+01    7.00115469e-01
3  1
    1.55841676e+02    1.55916275e-01
    3.62142539e+01    6.07683719e-01
    1.17779993e+01    3.91957393e-01
3  0
    1.22815274e+01   -2.27763502e-01
    3.74625733e+00    2.17543604e-01
    1.44542254e+00    9.16676961e-01
3  1
    1.22815274e+01    4.95151120e-03
    3.74625733e+00    5.77766469e-01
    1.44542254e+00    4.84646037e-01
3  0
    8.89713885e-01   -3.08844122e-01
    3.28360379e-01    1.96064117e-02
    1.45007405e-01    1.13103444e+00
3  1
    8.89713885e-01   -1.21546860e-01
    3.28360379e-01    5.71522760e-01
    1.45007405e-01    5.49894947e-01
3  2
    1.09473708e+01    2.19767951e-01
    3.33929702e+00    6.55547363e-01
    1.28840460e+00    2.86573259e-01
